339.735	77.25
340.108	58.62
340.482	51.27
340.855	34.52
341.228	11.12
341.602	-14.47
341.975	-21.85
342.348	-30.37
342.721	-26.87
343.094	-31.72
343.468	-32.89
343.841	-20.34
344.214	-13.45
344.587	-4.38
344.960	9.58
345.333	17.68
345.706	25.98
346.079	30.91
346.452	30.90
346.824	39.94
347.197	40.47
347.570	43.73
347.943	53.68
348.316	63.74
348.688	76.96
349.061	88.58
349.434	102.63
349.806	114.11
350.179	119.65
350.552	124.37
350.924	126.82
351.297	129.31
351.669	130.27
352.042	125.70
352.414	131.86
352.787	135.71
353.159	136.72
353.531	146.66
353.904	143.36
354.276	142.10
354.648	144.90
355.020	145.17
355.393	145.79
355.765	147.67
356.137	140.52
356.509	145.60
356.881	147.50
357.253	151.44
357.625	149.69
357.997	150.08
358.369	145.45
358.741	149.69
359.113	161.96
359.485	165.68
359.857	161.27
360.229	164.62
360.600	173.05
360.972	174.33
361.344	169.92
361.716	157.33
362.087	159.95
362.459	156.50
362.831	152.94
363.202	148.11
363.574	145.45
363.945	144.22
364.317	142.64
364.688	132.47
365.060	133.86
365.431	135.25
365.803	132.11
366.174	132.65
366.545	134.16
366.917	130.30
367.288	131.98
367.659	133.33
368.030	137.19
368.402	133.62
368.773	142.35
369.144	144.52
369.515	145.47
369.886	149.55
370.257	148.38
370.628	142.50
370.999	146.67
371.370	138.51
371.741	133.17
372.112	131.49
372.483	131.33
372.853	135.48
373.224	144.17
373.595	142.26
373.966	147.09
374.336	153.35
374.707	161.42
375.078	184.11
375.448	187.07
375.819	185.83
376.190	190.85
376.560	187.11
376.931	182.36
377.301	176.60
377.671	155.07
378.042	150.89
378.412	142.96
378.783	139.98
379.153	145.52
379.523	148.75
379.893	154.28
380.264	152.99
380.634	152.52
381.004	155.58
381.374	161.52
381.744	155.41
382.114	155.49
382.484	152.69
382.854	157.27
383.224	167.20
383.594	166.29
383.964	160.21
384.334	169.81
384.704	169.69
385.074	166.31
385.444	168.17
385.814	157.96
386.183	163.30
386.553	167.98
386.923	158.58
387.292	162.32
387.662	169.29
388.032	163.52
388.401	161.09
388.771	159.29
389.140	155.80
389.510	156.80
389.879	153.74
390.248	147.86
390.618	147.00
390.987	150.78
391.356	147.15
391.726	149.40
392.095	158.51
392.464	156.46
392.833	160.15
393.203	161.56
393.572	157.85
393.941	161.49
394.310	162.23
394.679	147.60
395.048	149.63
395.417	153.21
395.786	146.51
396.155	178.69
396.524	176.70
396.893	175.64
397.261	181.21
397.630	184.91
397.999	182.44
398.368	193.63
398.736	179.62
399.105	182.63
399.474	175.54
399.842	172.27
400.211	165.96
400.579	166.72
400.948	162.56
401.317	151.38
401.685	149.72
402.053	155.04
402.422	156.08
402.790	163.18
403.158	164.52
403.527	168.32
403.895	165.72
404.263	168.23
404.632	167.05
405.000	170.48
405.368	169.83
405.736	160.81
406.104	160.34
406.472	160.26
406.840	154.92
407.208	167.84
407.576	166.77
407.944	165.89
408.312	172.56
408.680	168.41
409.048	169.07
409.415	168.94
409.783	158.58
410.151	160.88
410.519	160.60
410.886	160.73
411.254	165.90
411.622	159.52
411.989	162.91
412.357	161.45
412.724	158.72
413.092	152.70
413.459	147.10
413.827	147.55
414.194	155.17
414.561	153.12
414.929	157.09
415.296	161.22
415.663	166.14
416.030	173.24
416.398	165.64
416.765	165.33
417.132	163.88
417.499	158.18
417.866	153.37
418.233	156.05
418.600	151.79
418.967	147.58
419.334	141.10
419.701	138.60
420.068	143.68
420.435	140.57
420.802	131.51
421.168	138.34
421.535	150.84
421.902	150.90
422.269	156.08
422.635	147.81
423.002	150.41
423.369	153.62
423.735	151.27
424.102	146.12
424.468	156.23
424.835	149.31
425.201	152.14
425.567	156.22
425.934	160.24
426.300	157.43
426.667	159.39
427.033	157.93
427.399	161.83
427.765	160.48
428.131	157.62
428.498	153.76
428.864	155.33
429.230	153.80
429.596	152.92
429.962	160.21
430.328	169.72
430.694	174.44
431.060	185.66
431.426	190.14
431.792	190.84
432.157	187.13
432.523	184.08
432.889	180.96
433.255	183.37
433.620	175.16
433.986	172.22
434.352	170.49
434.717	173.15
435.083	173.16
435.448	167.36
435.814	159.86
436.179	158.71
436.545	157.42
436.910	158.28
437.276	160.17
437.641	160.89
438.006	167.49
438.372	176.02
438.737	177.49
439.102	182.90
439.467	183.54
439.832	181.57
440.197	182.07
440.563	186.26
440.928	179.16
441.293	185.40
441.658	186.61
442.023	191.58
442.387	192.64
442.752	196.82
443.117	195.91
443.482	195.44
443.847	193.58
444.212	187.09
444.576	192.17
444.941	195.91
445.306	191.89
445.670	194.52
446.035	201.78
446.399	205.23
446.764	210.52
447.128	206.96
447.493	210.07
447.857	217.65
448.222	219.87
448.586	225.92
448.950	223.02
449.315	227.81
449.679	225.09
450.043	223.63
450.407	225.66
450.772	229.70
451.136	226.90
451.500	235.48
451.864	236.71
452.228	246.05
452.592	253.66
452.956	251.37
453.320	248.06
453.684	253.63
454.047	251.81
454.411	254.49
454.775	252.58
455.139	248.73
455.503	253.31
455.866	254.83
456.230	253.94
456.594	251.82
456.957	246.45
457.321	247.70
457.684	246.97
458.048	242.79
458.411	238.16
458.775	234.43
459.138	233.76
459.501	230.78
459.865	232.40
460.228	232.58
460.591	224.55
460.955	229.33
461.318	225.15
461.681	223.25
462.044	228.77
462.407	215.00
462.770	216.97
463.133	223.72
463.496	216.10
463.859	221.74
464.222	219.99
464.585	210.95
464.948	215.50
465.311	213.75
465.674	211.78
466.036	215.62
466.399	212.91
466.762	211.79
467.124	215.43
467.487	213.53
467.850	209.80
468.212	211.35
468.575	212.07
468.937	211.77
469.300	215.00
469.662	214.78
470.024	218.37
470.387	228.67
470.749	225.83
471.111	224.76
471.474	221.66
471.836	215.85
472.198	213.08
472.560	211.31
472.922	202.68
473.284	208.35
473.646	209.56
474.008	216.63
474.370	223.60
474.732	224.09
475.094	222.92
475.456	223.50
475.818	218.02
476.180	213.34
476.542	203.81
476.903	202.50
477.265	204.84
477.627	206.58
477.988	202.98
478.350	199.94
478.711	200.52
479.073	206.28
479.435	203.58
479.796	204.96
480.157	211.01
480.519	213.40
480.880	219.87
481.241	222.45
481.603	219.20
481.964	223.77
482.325	227.12
482.686	220.80
483.048	223.03
483.409	222.84
483.770	220.27
484.131	221.72
484.492	219.03
484.853	213.73
485.214	215.13
485.575	216.00
485.936	217.23
486.296	221.71
486.657	225.19
487.018	228.57
487.379	233.50
487.739	237.50
488.100	238.98
488.461	244.08
488.821	244.23
489.182	244.23
489.542	258.02
489.903	259.89
490.263	260.64
490.624	258.05
490.984	253.82
491.345	253.59
491.705	253.69
492.065	241.23
492.425	237.12
492.786	239.80
493.146	242.60
493.506	247.42
493.866	247.85
494.226	252.12
494.586	255.50
494.946	261.94
495.306	259.81
495.666	262.57
496.026	268.16
496.386	270.01
496.746	270.94
497.106	266.21
497.465	267.30
497.825	269.40
498.185	271.63
498.544	261.62
498.904	261.87
499.264	261.76
499.623	266.21
499.983	267.90
500.342	273.18
500.702	279.91
501.061	284.35
501.420	289.15
501.780	294.17
502.139	294.24
502.498	291.52
502.858	287.66
503.217	287.00
503.576	285.55
503.935	289.35
504.294	285.31
504.653	286.05
505.012	282.58
505.371	280.82
505.730	270.29
506.089	281.41
506.448	270.86
506.807	269.48
507.166	273.98
507.524	283.32
507.883	286.37
508.242	293.56
508.601	284.04
508.959	288.61
509.318	301.90
509.676	300.45
510.035	294.62
510.393	300.41
510.752	298.69
511.110	303.50
511.469	310.98
511.827	303.59
512.185	303.51
512.544	312.32
512.902	317.47
513.260	323.70
513.618	323.87
513.976	317.74
514.334	324.52
514.692	325.32
515.050	328.75
515.408	328.00
515.766	329.01
516.124	331.36
516.482	337.92
516.840	333.42
517.198	344.70
517.556	345.30
517.913	350.08
518.271	354.54
518.629	358.26
518.986	360.77
519.344	368.71
519.701	372.02
520.059	377.98
520.416	375.70
520.774	373.52
521.131	374.30
521.489	383.82
521.846	388.95
522.203	386.00
522.561	385.64
522.918	391.74
523.275	394.97
523.632	404.84
523.989	408.51
524.346	417.18
524.703	424.27
525.060	426.88
525.417	432.34
525.774	439.72
526.131	441.88
526.488	438.77
526.845	429.21
527.202	429.16
527.559	430.05
527.915	423.52
528.272	427.29
528.629	431.56
528.985	431.87
529.342	431.78
529.698	431.37
530.055	437.03
530.411	439.34
530.768	430.79
531.124	428.91
531.480	436.11
531.837	438.57
532.193	437.19
532.549	433.16
532.906	437.69
533.262	447.27
533.618	442.84
533.974	437.13
534.330	439.52
534.686	445.18
535.042	453.72
535.398	449.81
535.754	451.88
536.110	461.38
536.466	468.51
536.821	467.51
537.177	466.12
537.533	461.23
537.889	462.67
538.244	458.51
538.600	449.04
538.955	447.44
539.311	450.43
539.667	453.50
540.022	452.48
540.377	454.68
540.733	452.37
541.088	452.55
541.444	455.26
541.799	455.51
542.154	453.50
542.509	455.40
542.864	457.00
543.220	464.49
543.575	469.56
543.930	468.44
544.285	472.93
544.640	475.10
544.995	475.08
545.350	472.05
545.705	471.90
546.059	473.79
546.414	473.58
546.769	474.15
547.124	477.94
547.478	485.76
547.833	491.68
548.188	493.24
548.542	491.37
548.897	498.54
549.251	499.72
549.606	498.81
549.960	496.89
550.315	492.51
550.669	489.70
551.023	496.66
551.378	486.84
551.732	484.62
552.086	486.85
552.440	486.99
552.794	494.70
553.148	499.72
553.502	497.91
553.856	504.09
554.210	503.94
554.564	507.89
554.918	506.63
555.272	507.17
555.626	538.67
555.980	542.28
556.334	543.08
556.687	548.07
557.041	542.99
557.395	545.41
557.748	547.27
558.102	517.71
558.455	524.31
558.809	528.45
559.162	530.19
559.516	537.30
559.869	542.48
560.222	542.51
560.576	552.35
560.929	549.15
561.282	545.09
561.635	550.07
561.988	549.45
562.342	555.29
562.695	562.13
563.048	559.74
563.401	559.11
563.754	564.21
564.107	566.11
564.459	573.99
564.812	575.82
565.165	572.30
565.518	577.84
565.871	587.40
566.223	597.17
566.576	596.31
566.929	594.96
567.281	599.54
567.634	610.85
567.986	602.53
568.339	598.15
568.691	600.83
569.044	603.39
569.396	612.35
569.748	610.92
570.100	606.20
570.453	619.32
570.805	633.23
571.157	634.24
571.509	638.39
571.861	629.12
572.213	627.60
572.565	637.72
572.917	636.00
573.269	628.04
573.621	631.41
573.973	635.25
574.325	640.96
574.677	645.27
575.028	638.94
575.380	635.12
575.732	637.80
576.083	633.56
576.435	630.90
576.786	631.63
577.138	631.02
577.489	629.64
577.841	632.85
578.192	642.01
578.543	649.01
578.895	647.89
579.246	653.59
579.597	654.53
579.948	654.06
580.300	653.75
580.651	644.42
581.002	639.50
581.353	637.85
581.704	631.41
582.055	624.23
582.406	617.35
582.757	613.59
583.107	616.79
583.458	616.17
583.809	619.49
584.160	616.24
584.510	621.03
584.861	630.65
585.212	636.43
585.562	626.95
585.913	624.06
586.263	619.05
586.614	624.48
586.964	624.57
587.315	622.39
587.665	615.22
588.015	617.20
588.365	611.58
588.716	610.37
589.066	598.73
589.416	590.80
589.766	586.30
590.116	597.04
590.466	598.58
590.816	605.56
591.166	605.79
591.516	609.08
591.866	615.17
592.216	616.60
592.566	605.70
592.915	606.96
593.265	600.87
593.615	604.28
593.964	609.36
594.314	607.08
594.663	604.51
595.013	608.22
595.362	608.06
595.712	613.59
596.061	610.94
596.411	604.60
596.760	611.47
597.109	619.39
597.458	614.91
597.808	610.62
598.157	598.75
598.506	599.00
598.855	603.37
599.204	601.83
599.553	593.84
599.902	597.98
600.251	597.11
600.600	604.19
600.949	599.22
601.297	594.28
601.646	588.76
601.995	591.72
602.344	587.56
602.692	588.96
603.041	591.12
603.389	593.68
603.738	594.26
604.086	593.20
604.435	593.47
604.783	591.07
605.132	592.79
605.480	582.79
605.828	583.01
606.177	584.48
606.525	585.79
606.873	588.41
607.221	594.51
607.569	590.24
607.917	596.69
608.265	603.39
608.613	605.98
608.961	599.49
609.309	592.76
609.657	585.66
610.005	582.47
610.352	584.62
610.700	576.22
611.048	572.11
611.395	576.10
611.743	576.10
612.091	568.90
612.438	576.72
612.786	568.84
613.133	567.39
613.480	564.47
613.828	568.33
614.175	566.99
614.522	570.27
614.870	562.10
615.217	567.90
615.564	573.19
615.911	577.56
616.258	564.38
616.605	571.38
616.952	589.93
617.299	594.79
617.646	588.06
617.993	584.73
618.340	582.07
618.687	591.10
619.033	588.88
619.380	576.93
619.727	571.91
620.073	576.21
620.420	574.11
620.767	572.22
621.113	570.24
621.459	571.79
621.806	567.43
622.152	569.18
622.499	571.95
622.845	572.65
623.191	578.56
623.537	583.92
623.884	580.61
624.230	581.51
624.576	578.04
624.922	569.43
625.268	571.33
625.614	569.67
625.960	560.10
626.306	559.45
626.652	551.56
626.998	544.47
627.343	548.31
627.689	543.30
628.035	534.65
628.380	541.46
628.726	537.94
629.072	543.97
629.417	547.17
629.763	545.05
630.108	552.55
630.453	556.73
630.799	550.39
631.144	547.85
631.489	538.91
631.835	538.11
632.180	533.79
632.525	518.37
632.870	505.90
633.215	500.45
633.560	497.32
633.905	497.60
634.250	490.22
634.595	491.91
634.940	500.31
635.285	503.49
635.630	496.78
635.974	486.42
636.319	481.58
636.664	478.68
637.008	467.54
637.353	452.80
637.698	442.65
638.042	439.69
638.387	444.73
638.731	443.66
639.075	446.89
639.420	447.60
639.764	447.82
640.108	452.36
640.452	454.60
640.797	451.81
641.141	448.10
641.485	441.92
641.829	445.97
642.173	452.60
642.517	448.78
642.861	448.63
643.205	448.73
643.549	451.22
643.892	449.08
644.236	443.13
644.580	435.90
644.923	432.26
645.267	427.72
645.611	423.42
645.954	424.72
646.298	424.95
646.641	422.24
646.985	422.37
647.328	429.40
647.671	427.86
648.015	429.67
648.358	423.45
648.701	421.40
649.044	421.31
649.387	421.99
649.731	414.75
650.074	411.42
650.417	408.64
650.760	408.05
651.102	407.12
651.445	402.84
651.788	396.50
652.131	397.35
652.474	397.39
652.816	387.57
653.159	384.39
653.502	384.37
653.844	387.11
654.187	380.75
654.529	378.70
654.872	374.83
655.214	381.27
655.557	378.27
655.899	377.15
656.241	372.70
656.583	375.38
656.926	370.47
657.268	367.95
657.610	366.27
657.952	369.83
658.294	368.27
658.636	361.90
658.978	358.85
659.320	359.41
659.662	359.73
660.004	361.64
660.345	356.07
660.687	356.76
661.029	361.81
661.371	360.61
661.712	355.52
662.054	357.83
662.395	343.19
662.737	344.53
663.078	342.48
663.420	341.60
663.761	346.70
664.102	354.42
664.444	346.74
664.785	353.72
665.126	348.15
665.467	350.11
665.808	348.79
666.149	344.06
666.490	338.22
666.831	348.92
667.172	347.91
667.513	347.16
667.854	340.89
668.195	337.25
668.535	335.56
668.876	338.97
669.217	324.57
669.557	322.16
669.898	325.12
670.239	327.12
670.579	326.66
670.920	329.21
671.260	325.26
671.600	348.42
671.941	355.16
672.281	354.69
672.621	350.27
672.961	349.52
673.302	345.15
673.642	339.27
673.982	321.48
674.322	316.11
674.662	311.19
675.002	311.25
675.342	316.91
675.682	314.97
676.021	313.96
676.361	334.00
676.701	327.79
677.041	331.99
677.380	331.29
677.720	319.98
678.059	318.60
678.399	326.02
678.738	305.58
679.078	305.23
679.417	301.58
679.756	294.82
680.096	301.80
680.435	303.17
680.774	297.18
681.113	290.77
681.453	290.09
681.792	292.98
682.131	298.12
682.470	296.03
682.809	297.19
683.148	298.41
683.486	301.81
683.825	305.61
684.164	302.46
684.503	297.87
684.841	294.73
685.180	290.60
685.519	289.29
685.857	288.28
686.196	281.74
686.534	277.82
686.873	277.79
687.211	272.48
687.549	270.27
687.888	262.17
688.226	254.82
688.564	258.45
688.902	260.82
689.240	260.79
689.578	265.70
689.917	267.62
690.255	271.70
690.592	275.53
690.930	272.01
691.268	270.19
691.606	291.43
691.944	290.54
692.282	287.26
692.619	289.60
692.957	290.78
693.294	289.67
693.632	288.21
693.970	259.88
694.307	254.66
694.644	260.00
694.982	261.26
695.319	258.87
695.656	262.23
695.994	259.36
696.331	266.69
696.668	268.46
697.005	261.66
697.342	261.62
697.679	257.47
698.016	250.37
698.353	252.88
698.690	251.20
699.027	245.92
699.364	241.97
699.700	233.45
700.037	235.05
700.374	235.78
700.710	231.80
701.047	225.53
701.384	226.10
701.720	225.23
702.057	223.16
702.393	222.10
702.729	223.12
703.066	227.13
703.402	231.12
703.738	230.16
704.074	240.14
704.410	240.39
704.747	238.55
705.083	240.86
705.419	239.11
705.755	233.52
706.091	227.98
706.426	212.50
706.762	207.19
707.098	206.41
707.434	199.61
707.769	195.96
708.105	197.42
708.441	208.33
708.776	211.87
709.112	222.87
709.447	228.04
709.783	229.42
710.118	231.88
710.453	229.87
710.789	219.48
711.124	222.35
711.459	222.19
711.794	216.47
712.129	214.67
712.464	213.59
712.799	221.13
713.134	228.04
713.469	227.96
713.804	221.32
714.139	220.78
714.474	223.68
714.809	221.04
715.143	218.98
715.478	217.37
715.813	214.62
716.147	217.08
716.482	216.69
716.816	213.81
717.151	208.83
717.485	208.10
717.819	205.39
718.154	203.85
718.488	206.89
718.822	205.06
719.156	206.03
719.491	211.67
719.825	206.30
720.159	205.66
720.493	204.49
720.827	199.04
721.161	203.57
721.494	201.01
721.828	205.90
722.162	208.73
722.496	212.94
722.829	218.51
723.163	214.05
723.497	216.78
723.830	218.29
724.164	211.13
724.497	209.14
724.830	210.54
725.164	209.73
725.497	212.82
725.830	213.26
726.164	213.66
726.497	216.55
726.830	226.06
727.163	220.42
727.496	211.94
727.829	213.94
728.162	206.06
728.495	203.44
728.828	203.51
729.160	191.38
729.493	186.81
729.826	194.47
730.159	193.44
730.491	197.35
730.824	198.57
731.156	202.65
731.489	210.33
731.821	217.79
732.154	225.32
732.486	228.99
732.818	228.13
733.151	228.53
733.483	213.92
733.815	216.13
734.147	217.11
734.479	211.62
734.811	203.26
735.143	204.30
735.475	207.18
735.807	215.89
736.139	206.78
736.471	198.09
736.803	195.67
737.134	196.64
737.466	201.30
737.798	199.02
738.129	193.68
738.461	198.33
738.792	206.92
739.124	206.55
739.455	212.25
739.786	204.46
740.118	200.06
740.449	200.00
740.780	198.82
741.111	197.87
741.442	195.66
741.773	194.39
742.104	201.15
742.435	208.83
742.766	216.62
743.097	213.29
743.428	216.20
743.759	214.49
744.090	213.01
744.420	208.28
744.751	210.35
745.081	210.59
745.412	216.09
745.743	213.61
746.073	219.63
746.403	218.22
746.734	216.11
747.064	220.83
747.394	217.21
747.725	213.57
748.055	210.03
748.385	203.17
748.715	205.40
749.045	209.96
749.375	195.06
749.705	192.11
750.035	191.40
750.365	193.78
750.695	200.94
751.024	203.33
751.354	198.91
751.684	198.24
752.013	204.95
752.343	201.55
752.673	200.70
753.002	198.33
753.331	194.72
753.661	197.93
753.990	205.70
754.320	201.95
754.649	206.20
754.978	204.25
755.307	200.23
755.636	193.12
755.965	188.64
756.294	186.77
756.623	185.62
756.952	186.28
757.281	186.68
757.610	188.21
757.939	193.96
758.267	198.95
758.596	196.10
758.925	201.05
759.253	195.96
759.582	196.88
759.910	196.86
760.239	197.93
760.567	199.69
760.896	198.41
761.224	193.26
761.552	196.28
761.881	196.51
762.209	194.46
762.537	200.22
762.865	194.35
763.193	198.14
763.521	202.38
763.849	201.25
764.177	203.73
764.505	205.45
764.832	200.30
765.160	205.16
765.488	205.69
765.815	204.03
766.143	210.12
766.471	209.21
766.798	208.14
767.126	209.21
767.453	204.86
767.780	201.06
768.108	195.17
768.435	193.44
768.762	193.64
769.089	203.87
769.417	202.08
769.744	205.24
770.071	208.10
770.398	214.30
770.725	207.49
771.052	205.41
771.378	197.77
771.705	200.23
772.032	201.38
772.359	205.20
772.685	201.52
773.012	208.80
773.338	211.79
773.665	213.75
773.991	214.57
774.318	206.95
774.644	206.31
774.971	210.66
775.297	206.49
775.623	201.98
775.949	200.83
776.275	199.30
776.601	203.78
776.927	203.71
777.253	202.36
777.579	208.06
777.905	212.74
778.231	214.74
778.557	215.52
778.883	218.00
779.208	215.46
779.534	217.72
779.860	218.86
780.185	216.69
780.511	215.47
780.836	219.15
781.162	217.11
781.487	217.33
781.812	215.03
782.138	207.44
782.463	209.74
782.788	215.84
783.113	213.67
783.438	213.70
783.763	210.60
784.088	208.36
784.413	216.38
784.738	216.06
785.063	216.66
785.388	220.54
785.712	221.25
786.037	222.50
786.362	228.14
786.686	225.58
787.011	231.46
787.335	234.56
787.660	233.19
787.984	229.85
788.308	236.15
788.633	231.11
788.957	227.45
789.281	223.83
789.605	215.57
789.930	213.55
790.254	218.02
790.578	214.93
790.902	215.76
791.225	222.49
791.549	222.98
791.873	220.70
792.197	218.95
792.521	225.96
792.844	220.78
793.168	227.04
793.492	224.23
793.815	220.68
794.139	224.27
794.462	225.78
794.785	218.88
795.109	220.19
795.432	213.20
795.755	210.62
796.078	206.94
796.401	204.51
796.725	206.28
797.048	209.70
797.371	218.83
797.694	224.01
798.016	229.63
798.339	229.61
798.662	235.63
798.985	227.07
799.308	226.32
799.630	221.99
799.953	219.54
800.275	217.78
800.598	219.53
800.920	216.84
801.243	224.44
801.565	223.91
801.887	226.21
802.210	233.17
802.532	235.93
802.854	240.52
803.176	241.47
803.498	239.78
803.820	238.66
804.142	235.05
804.464	230.75
804.786	238.26
805.108	239.35
805.429	240.21
805.751	244.22
806.073	243.51
806.394	248.64
806.716	243.76
807.038	231.54
807.359	229.98
807.680	230.19
808.002	232.96
808.323	236.60
808.644	227.45
808.966	230.10
809.287	230.40
809.608	234.91
809.929	233.81
810.250	228.77
810.571	228.63
810.892	235.93
811.213	233.98
811.534	241.55
811.854	237.08
812.175	235.30
812.496	242.74
812.816	240.18
813.137	239.61
813.458	244.83
813.778	239.79
814.098	241.52
814.419	245.95
814.739	239.47
815.059	242.17
815.380	248.27
815.700	247.74
816.020	252.27
816.340	253.33
816.660	253.01
816.980	258.27
817.300	260.83
817.620	259.93
817.940	264.40
818.260	268.31
818.579	273.26
818.899	273.22
819.219	274.22
819.538	279.55
819.858	279.81
820.177	278.76
820.497	278.86
820.816	274.43
821.135	273.96
821.455	272.48
821.774	265.17
822.093	263.55
822.412	263.80
822.731	259.68
823.050	265.33
823.369	268.44
823.688	265.34
824.007	271.02
824.326	280.38
824.645	286.16
824.963	297.19
825.282	304.56
825.601	319.18
825.919	344.29
826.238	377.50
826.556	387.60
826.875	400.29
827.193	412.68
827.511	424.90
827.830	431.63
828.148	436.78
828.466	428.54
828.784	442.56
829.102	460.25
829.420	471.08
829.738	484.04
830.056	499.71
830.374	512.02
830.692	527.03
831.010	539.91
831.327	551.90
831.645	567.82
831.963	580.54
832.280	605.20
832.598	627.89
832.915	642.61
833.233	654.48
833.550	675.50
833.867	695.21
834.185	724.18
834.502	735.70
834.819	757.32
835.136	792.03
835.453	826.81
835.770	850.32
836.087	875.01
836.404	890.47
836.721	905.26
837.038	914.43
837.355	915.46
837.671	913.14
837.988	916.17
838.305	917.80
838.621	920.27
838.938	915.40
839.254	905.96
839.571	899.46
839.887	900.76
840.203	894.65
840.520	878.84
840.836	863.99
841.152	863.96
841.468	860.33
841.784	857.54
842.100	860.19
842.416	856.06
842.732	863.39
843.048	874.54
843.364	885.47
843.679	901.15
843.995	917.88
844.311	929.68
844.626	961.04
844.942	979.01
845.257	986.85
845.573	993.16
845.888	1002.76
846.203	1003.37
846.519	996.06
846.834	983.51
847.149	976.82
847.464	971.03
847.779	962.11
848.094	947.54
848.409	935.14
848.724	921.74
849.039	893.78
849.354	866.34
849.669	839.98
849.983	808.73
850.298	779.83
850.613	748.28
850.927	709.94
851.242	679.66
851.556	660.07
851.871	641.13
852.185	621.02
852.499	607.25
852.814	601.55
853.128	604.04
853.442	617.86
853.756	637.91
854.070	678.14
854.384	738.05
854.698	801.18
855.012	886.43
855.326	1005.25
855.640	1139.03
855.953	1293.60
856.267	1458.57
856.581	1641.94
856.894	1861.59
857.208	2089.60
857.521	2322.69
857.835	2579.40
858.148	2837.84
858.461	3095.43
858.775	3368.69
859.088	3615.21
859.401	3858.18
859.714	4093.93
860.027	4302.23
860.340	4499.67
860.653	4681.58
860.966	4835.57
861.279	4986.04
861.592	5128.85
861.904	5238.10
862.217	5342.62
862.530	5421.22
862.842	5490.49
863.155	5544.30
863.467	5570.36
863.780	5568.61
864.092	5576.67
864.405	5567.22
864.717	5526.06
865.029	5481.79
865.341	5436.02
865.653	5369.89
865.966	5303.84
866.278	5208.31
866.589	5127.59
866.901	5065.76
867.213	4993.43
867.525	4921.46
867.837	4862.40
868.149	4823.40
868.460	4830.47
868.772	4813.65
869.083	4822.35
869.395	4859.69
869.706	4898.80
870.018	4958.02
870.329	5016.98
870.640	5052.40
870.952	5091.70
871.263	5097.34
871.574	5075.50
871.885	5048.25
872.196	4998.09
872.507	4904.28
872.818	4770.00
873.129	4609.70
873.440	4442.81
873.750	4243.38
874.061	4023.25
874.372	3787.06
874.682	3570.41
874.993	3381.96
875.303	3212.34
875.614	3052.12
875.924	2934.26
876.235	2858.08
876.545	2838.74
876.855	2848.00
877.165	2905.94
877.475	3032.00
877.786	3211.88
878.096	3456.50
878.406	3752.50
878.715	4123.28
879.025	4551.84
879.335	5010.98
879.645	5542.47
879.955	6152.26
880.264	6776.51
880.574	7455.38
880.883	8135.90
881.193	8832.15
881.502	9529.96
881.812	10221.15
882.121	10860.46
882.430	11516.27
882.740	12138.84
883.049	12716.99
883.358	13268.71
883.667	13837.02
883.976	14334.64
884.285	14809.93
884.594	15226.43
884.903	15701.93
885.212	16146.53
885.520	16559.47
885.829	17013.02
886.138	17480.50
886.446	17908.63
886.755	18451.13
887.063	18907.57
887.372	19420.96
887.680	19981.83
887.988	20450.54
888.297	20969.29
888.605	21537.04
888.913	21923.30
889.221	22348.31
889.529	22669.20
889.837	22947.76
890.145	23225.85
890.453	23368.28
890.761	23422.96
891.069	23485.96
891.377	23393.44
891.684	23226.52
891.992	22934.40
892.299	22487.83
892.607	21973.15
892.914	21405.86
893.222	20763.15
893.529	20041.20
893.837	19292.87
894.144	18496.42
894.451	17650.61
894.758	16846.72
895.065	16034.70
895.372	15190.72
895.679	14466.31
895.986	13700.48
896.293	13009.44
896.600	12470.35
896.907	11960.39
897.213	11485.35
897.520	11095.84
897.827	10738.90
898.133	10573.11
898.440	10497.39
898.746	10477.02
899.053	10531.67
899.359	10695.84
899.665	10961.24
899.972	11304.62
900.278	11727.09
900.584	12201.05
900.890	12732.14
901.196	13352.16
901.502	14023.20
901.808	14768.87
902.114	15618.17
902.419	16497.47
902.725	17469.62
903.031	18581.23
903.337	19785.33
903.642	21114.95
903.948	22606.39
904.253	24243.72
904.559	26041.05
904.864	28052.16
905.169	30248.54
905.475	32644.70
905.780	35226.90
906.085	37951.39
906.390	40772.90
906.695	43725.07
907.000	46598.97
907.305	49232.23
907.610	51725.25
907.915	53966.84
908.219	55942.88
908.524	57582.24
908.829	58949.64
909.133	60067.33
909.438	61086.91
909.743	61853.03
910.047	62503.39
910.351	62952.93
910.656	63310.10
910.960	63546.69
911.264	63650.34
911.568	63622.90
911.873	63520.47
912.177	63317.41
912.481	63131.00
912.785	62830.25
913.088	62395.09
913.392	61910.02
913.696	61405.70
914.000	60856.01
914.304	60221.17
914.607	59435.21
914.911	58647.66
915.214	57732.86
915.518	56724.75
915.821	55513.01
916.124	54165.48
916.428	52698.80
916.731	50987.18
917.034	49008.77
917.337	47097.92
917.640	45040.87
917.943	42914.95
918.246	40752.78
918.549	38624.50
918.852	36822.91
919.155	35204.95
919.458	33685.21
919.760	32398.52
920.063	31443.80
920.366	30822.46
920.668	30404.17
920.971	30195.92
921.273	30176.81
921.576	30241.88
921.878	30629.98
922.180	31010.41
922.482	31484.91
922.784	32083.68
923.087	32551.12
923.389	33078.25
923.691	33637.72
923.992	34062.95
924.294	34600.13
924.596	34934.34
924.898	35097.27
925.200	35233.49
925.501	35322.14
925.803	35179.03
926.104	34833.38
926.406	34404.35
926.707	33860.31
927.009	33157.93
927.310	32409.32
927.611	31472.31
927.912	30534.42
928.214	29542.97
928.515	28311.65
928.816	27136.16
929.117	26031.30
929.418	24879.96
929.719	23758.06
930.019	22747.45
930.320	21749.23
930.621	20832.53
930.922	19900.55
931.222	19060.16
931.523	18277.91
931.823	17536.20
932.124	16853.24
932.424	16210.70
932.724	15696.86
933.025	15239.01
933.325	14763.53
933.625	14283.81
933.925	13892.70
934.225	13522.77
934.525	13253.92
934.825	13038.24
935.125	12916.55
935.425	12896.57
935.724	12983.86
936.024	13232.52
936.324	13604.68
936.623	14068.28
936.923	14672.48
937.222	15442.16
937.522	16337.50
937.821	17367.12
938.120	18491.37
938.420	19784.25
938.719	21384.40
939.018	23203.22
939.317	25069.81
939.616	27179.42
939.915	29577.73
940.214	31928.02
940.513	34448.50
940.812	36975.38
941.111	39523.69
941.409	42147.58
941.708	44656.54
942.006	46932.09
942.305	49201.62
942.603	51046.50
942.902	52695.12
943.200	54079.63
943.499	55205.21
943.797	56067.86
944.095	56795.40
944.393	57343.36
944.691	57844.16
944.989	58123.83
945.287	58170.03
945.585	58115.91
945.883	58011.41
946.181	57753.96
946.479	57495.93
946.776	57154.73
947.074	56744.52
947.371	56474.27
947.669	56231.25
947.966	55972.55
948.264	55724.33
948.561	55609.41
948.858	55570.97
949.156	55642.34
949.453	55574.16
949.750	55536.78
950.047	55545.45
950.344	55601.28
950.641	55535.07
950.938	55571.08
951.235	55643.51
951.532	55790.00
951.828	55908.00
952.125	56101.08
952.422	56304.42
952.718	56495.20
953.015	56658.84
953.311	56689.52
953.607	56712.57
953.904	56642.47
954.200	56419.84
954.496	56072.88
954.792	55691.50
955.089	55181.33
955.385	54629.87
955.681	53896.82
955.976	53274.83
956.272	52617.22
956.568	51981.05
956.864	51282.29
957.160	50567.88
957.455	49799.89
957.751	49118.63
958.046	48511.07
958.342	47903.67
958.637	47532.22
958.933	47383.05
959.228	47251.39
959.523	47328.20
959.818	47728.61
960.114	48304.17
960.409	49124.88
960.704	49945.13
960.999	50725.30
961.294	51797.81
961.588	52965.11
961.883	53996.85
962.178	54805.81
962.473	55443.60
962.767	55977.13
963.062	56490.22
963.356	56740.49
963.651	56908.17
963.945	57120.70
964.239	57350.37
964.534	57707.73
964.828	58033.14
965.122	58308.45
965.416	58565.18
965.710	58730.40
966.004	58699.07
966.298	58501.35
966.592	58110.61
966.886	57550.11
967.180	56830.27
967.473	55943.53
967.767	54880.07
968.061	53677.66
968.354	52205.18
968.648	50492.63
968.941	48475.93
969.234	46221.03
969.528	43783.52
969.821	41204.63
970.114	38404.60
970.407	35724.84
970.700	33102.05
970.993	30603.01
971.286	28240.59
971.579	26035.45
971.872	23890.96
972.165	21899.73
972.457	19988.59
972.750	18085.41
973.043	16264.40
973.335	14526.05
973.628	12783.17
973.920	11211.11
974.213	9748.57
974.505	8378.74
974.797	7158.47
975.089	6092.57
975.382	5142.82
975.674	4394.55
975.966	3774.75
976.258	3299.48
976.550	2957.63
976.841	2731.62
977.133	2622.58
977.425	2613.96
977.717	2666.24
978.008	2790.38
978.300	2967.81
978.591	3166.95
978.883	3408.87
979.174	3675.79
979.465	3940.60
979.757	4211.32
980.048	4487.70
980.339	4774.18
980.630	5077.67
980.921	5398.65
981.212	5709.02
981.503	6027.50
981.794	6355.64
982.085	6652.09
982.376	6906.21
982.666	7127.70
982.957	7268.42
983.248	7360.61
983.538	7404.62
983.828	7410.44
984.119	7391.51
984.409	7347.54
984.700	7260.52
984.990	7164.04
985.280	7022.19
985.570	6848.26
985.860	6638.50
986.150	6391.31
986.440	6123.13
986.730	5851.04
987.020	5567.64
987.309	5322.41
987.599	5080.52
987.889	4821.78
988.178	4562.92
988.468	4306.39
988.757	4050.78
989.047	3789.14
989.336	3509.84
989.625	3249.70
989.915	3008.20
990.204	2790.12
990.493	2587.85
990.782	2399.56
991.071	2239.80
991.360	2103.96
991.649	1969.55
991.938	1855.64
992.226	1751.41
992.515	1649.93
992.804	1564.57
993.092	1483.25
993.381	1405.68
993.669	1335.75
993.958	1269.70
994.246	1207.75
994.534	1156.02
994.823	1102.65
995.111	1059.63
995.399	1021.25
995.687	994.48
995.975	966.82
996.263	939.82
996.551	918.42
996.839	895.42
997.126	871.38
997.414	844.97
997.702	817.01
997.989	799.59
998.277	790.84
998.564	773.72
998.852	763.62
999.139	755.73
999.426	754.31
999.713	748.78
1000.001	726.70
1000.288	702.51
1000.575	680.95
1000.862	660.76
1001.149	638.75
1001.436	605.94
1001.722	577.69
1002.009	556.40
1002.296	539.25
1002.582	520.45
1002.869	495.30
1003.156	477.36
1003.442	469.69
1003.728	459.42
1004.015	446.70
1004.301	435.56
1004.587	434.78
1004.873	432.78
1005.160	429.50
1005.446	419.07
1005.732	409.61
1006.017	408.31
1006.303	407.04
1006.589	398.57
1006.875	400.66
1007.161	395.66
1007.446	397.51
1007.732	400.08
1008.017	395.79
1008.303	397.71
1008.588	397.30
1008.873	393.09
1009.159	392.70
1009.444	389.84
1009.729	391.41
1010.014	394.87
1010.299	387.38
1010.584	383.54
1010.869	379.43
1011.154	374.86
1011.439	370.28
1011.723	364.29
1012.008	360.40
1012.293	362.04
1012.577	364.82
1012.862	361.17
1013.146	363.96
1013.430	364.54
1013.715	360.61
1013.999	357.93
1014.283	351.18
1014.567	338.68
1014.851	329.87
1015.135	323.39
1015.419	319.45
1015.703	313.78
1015.987	308.42
1016.271	305.11
1016.555	302.82
1016.838	311.00
1017.122	307.90
1017.405	303.54
1017.689	305.53
1017.972	303.96
1018.256	304.66
1018.539	306.73
1018.822	299.89
1019.105	296.21
1019.388	296.13
1019.671	297.59
1019.954	300.91
1020.237	299.12
1020.520	300.23
1020.803	296.25
1021.086	300.45
1021.368	303.15
1021.651	302.46
1021.934	291.45
1022.216	262.81
