339.735	11.22
340.108	-14.37
340.482	-21.82
340.855	-30.36
341.228	-26.87
341.602	-31.71
341.975	-32.92
342.348	-20.38
342.721	-13.47
343.094	-4.43
343.468	9.57
343.841	17.67
344.214	25.97
344.587	30.91
344.960	30.89
345.333	39.94
345.706	40.47
346.079	43.74
346.452	53.69
346.824	63.73
347.197	76.98
347.570	88.60
347.943	102.66
348.316	114.15
348.688	119.66
349.061	124.38
349.434	126.82
349.806	129.32
350.179	130.25
350.552	125.71
350.924	131.89
351.297	135.71
351.669	136.75
352.042	146.69
352.414	143.34
352.787	142.11
353.159	144.91
353.531	145.16
353.904	145.81
354.276	147.64
354.648	140.51
355.020	145.63
355.393	147.53
355.765	151.45
356.137	149.68
356.509	150.05
356.881	145.43
357.253	149.79
357.625	162.05
357.997	165.66
358.369	161.25
358.741	164.70
359.113	173.12
359.485	174.32
359.857	169.77
360.229	157.28
360.600	159.97
360.972	156.44
361.344	152.89
361.716	148.05
362.087	145.43
362.459	144.22
362.831	142.52
363.202	132.39
363.574	133.92
363.945	135.22
364.317	132.08
364.688	132.69
365.060	134.12
365.431	130.28
365.803	132.00
366.174	133.41
366.545	137.16
366.917	133.67
367.288	142.47
367.659	144.52
368.030	145.53
368.402	149.61
368.773	148.24
369.144	142.53
369.515	146.64
369.886	138.33
370.257	133.12
370.628	131.47
370.999	131.35
371.370	135.69
371.741	144.23
372.112	142.26
372.483	147.26
372.853	153.44
373.224	161.86
373.595	184.45
373.966	186.99
374.336	185.91
374.707	190.89
375.078	186.95
375.448	182.32
375.819	176.15
376.190	154.70
376.560	150.79
376.931	142.73
377.301	140.06
377.671	145.63
378.042	148.89
378.412	154.34
378.783	152.93
379.153	152.54
379.523	155.78
379.893	161.47
380.264	155.30
380.634	155.45
381.004	152.67
381.374	157.57
381.744	167.38
382.114	166.05
382.484	160.32
382.854	170.03
383.224	169.54
383.594	166.38
383.964	167.97
384.334	157.84
384.704	163.63
385.074	167.80
385.444	158.43
385.814	162.67
386.183	169.27
386.553	163.33
386.923	161.06
387.292	159.16
387.662	155.78
388.032	156.80
388.401	153.53
388.771	147.69
389.140	147.13
389.510	150.77
389.879	147.03
390.248	149.74
390.618	158.61
390.987	156.45
391.356	160.33
391.726	161.45
392.095	157.83
392.464	161.73
392.833	161.82
393.203	147.25
393.572	150.01
393.941	152.77
394.310	147.33
394.679	179.44
395.048	176.40
395.417	175.79
395.786	181.52
396.155	184.74
396.524	182.87
396.893	193.42
397.261	179.36
397.630	182.59
397.999	175.28
398.368	172.01
398.736	165.85
399.105	166.73
399.474	162.08
399.842	151.02
400.211	149.94
400.579	155.14
400.948	156.32
401.317	163.37
401.685	164.69
402.053	168.30
402.422	165.74
402.790	168.25
403.158	167.10
403.527	170.65
403.895	169.47
404.263	160.53
404.632	160.48
405.000	159.90
405.368	155.28
405.736	168.23
406.104	166.51
406.472	166.21
406.840	172.59
407.208	168.24
407.576	169.25
407.944	168.47
408.312	158.37
408.680	161.04
409.048	160.48
409.415	161.05
409.783	165.74
410.151	159.45
410.519	163.03
410.886	161.31
411.254	158.45
411.622	152.31
411.989	146.88
412.357	147.97
412.724	155.27
413.092	153.14
413.459	157.40
413.827	161.42
414.194	166.70
414.561	173.09
414.929	165.34
415.296	165.38
415.663	163.64
416.030	157.74
416.398	153.43
416.765	156.00
417.132	151.49
417.499	147.22
417.866	140.71
418.233	138.81
418.600	143.85
418.967	139.94
419.334	131.39
419.701	139.31
420.068	151.09
420.435	151.21
420.802	155.84
421.168	147.56
421.535	150.74
421.902	153.70
422.269	150.71
422.635	146.59
423.002	156.24
423.369	149.08
423.735	152.46
424.102	156.61
424.468	160.17
424.835	157.45
425.201	159.35
425.567	158.08
425.934	161.94
426.300	160.30
426.667	157.28
427.033	153.74
427.399	155.37
427.765	153.60
428.131	153.16
428.498	161.01
428.864	170.12
429.230	175.12
429.596	186.29
429.962	190.30
430.328	190.67
430.694	186.88
431.060	183.73
431.426	181.14
431.792	183.03
432.157	174.68
432.523	172.05
432.889	170.57
433.255	173.34
433.620	172.91
433.986	166.68
434.352	159.56
434.717	158.64
435.083	157.38
435.448	158.45
435.814	160.20
436.179	161.16
436.545	168.31
436.910	176.30
437.276	177.81
437.641	183.20
438.006	183.42
438.372	181.39
438.737	182.57
439.102	185.85
439.467	179.23
439.832	185.72
440.197	186.91
440.563	191.78
440.928	192.94
441.293	196.95
441.658	195.78
442.023	195.47
442.387	192.99
442.752	187.08
443.117	192.80
443.482	195.72
443.847	191.73
444.212	195.18
444.576	202.17
444.941	205.78
445.306	210.46
445.670	206.82
446.035	210.81
446.399	217.95
446.764	220.44
447.128	225.86
447.493	223.22
447.857	227.91
448.222	224.78
448.586	223.63
448.950	226.18
449.315	229.46
449.679	227.40
450.043	235.84
450.407	237.19
450.772	247.10
451.136	253.86
451.500	250.80
451.864	248.44
452.228	253.71
452.592	251.88
452.956	254.62
453.320	252.04
453.684	248.90
454.047	253.70
454.411	254.78
454.775	253.87
455.139	251.27
455.503	246.31
455.866	247.83
456.230	246.65
456.594	242.31
456.957	237.67
457.321	234.31
457.684	233.49
458.048	230.69
458.411	232.77
458.775	231.74
459.138	224.62
459.501	229.42
459.865	224.46
460.228	224.03
460.591	227.90
460.955	214.15
461.318	218.08
461.681	223.19
462.044	216.11
462.407	222.25
462.770	218.89
463.133	210.95
463.496	215.76
463.859	213.29
464.222	212.11
464.585	215.65
464.948	212.51
465.311	212.13
465.674	215.56
466.036	213.02
466.399	209.75
466.762	211.57
467.124	211.97
467.487	212.06
467.850	215.15
468.212	214.75
468.575	219.63
468.937	228.91
469.300	225.51
469.662	224.61
470.024	221.05
470.387	215.27
470.749	213.12
471.111	210.24
471.474	202.80
471.836	208.73
472.198	210.03
472.560	217.67
472.922	223.99
473.284	223.87
473.646	223.06
474.008	223.06
474.370	217.51
474.732	212.27
475.094	203.16
475.456	202.70
475.818	205.22
476.180	206.36
476.542	202.49
476.903	199.69
477.265	201.26
477.627	206.33
477.988	203.32
478.350	205.69
478.711	211.41
479.073	214.02
479.435	220.63
479.796	222.08
480.157	219.31
480.519	224.65
480.880	226.51
481.241	220.62
481.603	223.32
481.964	222.45
482.325	220.33
482.686	221.73
483.048	218.23
483.409	213.59
483.770	215.36
484.131	216.04
484.492	217.70
484.853	222.27
485.214	225.59
485.575	229.16
485.936	234.20
486.296	237.69
486.657	239.55
487.018	244.52
487.379	243.71
487.739	245.75
488.100	259.01
488.461	259.95
488.821	260.53
489.182	257.44
489.542	253.46
489.903	254.01
490.263	252.41
490.624	239.91
490.984	237.31
491.345	240.13
491.705	243.33
492.065	247.59
492.425	248.28
492.786	252.53
493.146	256.51
493.506	262.00
493.866	259.74
494.226	263.42
494.586	268.58
494.946	270.36
495.306	270.37
495.666	266.04
496.026	267.49
496.386	270.16
496.746	270.47
497.106	261.05
497.465	261.86
497.825	262.24
498.185	266.58
498.544	268.39
498.904	274.23
499.264	280.70
499.623	284.97
499.983	290.04
500.342	294.49
500.702	293.99
501.061	290.85
501.420	287.49
501.780	286.61
502.139	286.13
502.498	289.00
502.858	285.26
503.217	285.59
503.576	282.69
503.935	278.80
504.294	271.50
504.653	280.94
505.012	269.75
505.371	269.80
505.730	275.49
506.089	283.86
506.448	287.81
506.807	292.70
507.166	283.42
507.524	290.82
507.883	302.78
508.242	299.10
508.601	295.20
508.959	300.55
509.318	298.75
509.676	305.17
510.035	310.46
510.393	302.68
510.752	304.73
511.110	313.36
511.469	318.45
511.827	324.44
512.185	322.63
512.544	318.34
512.902	325.01
513.260	325.80
513.618	328.83
513.976	328.07
514.334	329.04
514.692	332.80
515.050	337.18
515.408	334.69
515.766	345.46
516.124	345.71
516.482	350.93
516.840	355.31
517.198	358.50
517.556	362.04
517.913	369.42
518.271	373.11
518.629	378.09
518.986	375.21
519.344	373.20
519.701	375.55
520.059	385.32
520.416	388.82
520.774	385.42
521.131	386.58
521.489	392.22
521.846	396.55
522.203	405.75
522.561	409.67
522.918	418.79
523.275	424.89
523.632	427.53
523.989	433.75
524.346	440.50
524.703	441.88
525.060	437.09
525.417	428.44
525.774	429.78
526.131	428.94
526.488	423.46
526.845	428.33
527.202	431.80
527.559	431.91
527.915	431.52
528.272	432.03
528.629	438.16
528.985	438.21
529.342	429.55
529.698	429.97
530.055	437.03
530.411	438.62
530.768	436.35
531.124	433.13
531.480	439.75
531.837	447.43
532.193	441.37
532.549	437.10
532.906	440.22
533.262	447.18
533.618	453.60
533.974	449.40
534.330	453.35
534.686	463.28
535.042	468.68
535.398	467.40
535.754	465.11
536.110	461.21
536.466	462.58
536.821	456.64
537.177	448.07
537.533	447.78
537.889	451.29
538.244	453.34
538.600	452.87
538.955	454.49
539.311	452.07
539.667	453.03
540.022	455.63
540.377	455.02
540.733	453.71
541.088	455.56
541.444	458.12
541.799	466.06
542.154	469.40
542.509	469.01
542.864	473.63
543.220	475.33
543.575	474.55
543.930	471.69
544.285	472.29
544.640	473.88
544.995	473.55
545.350	474.56
545.705	479.39
546.059	487.21
546.414	492.52
546.769	492.56
547.124	492.50
547.478	499.34
547.833	499.58
548.188	498.52
548.542	496.28
548.897	491.12
549.251	491.38
549.606	495.51
549.960	485.41
550.315	485.17
550.669	486.72
551.023	488.09
551.378	496.50
551.732	499.23
552.086	499.01
552.440	504.36
552.794	504.48
553.148	508.52
553.502	504.79
553.856	513.18
554.210	541.80
554.564	541.81
554.918	544.44
555.272	547.51
555.626	542.28
555.980	547.94
556.334	541.04
556.687	516.55
557.041	526.13
557.395	528.60
557.748	531.36
558.102	539.07
558.455	542.15
558.809	544.54
559.162	552.81
559.516	547.56
559.869	546.01
560.222	550.16
560.576	550.07
560.929	557.28
561.282	562.20
561.635	559.01
561.988	560.20
562.342	564.57
562.695	567.62
563.048	575.28
563.401	574.87
563.754	572.81
564.107	579.72
564.459	590.11
564.812	597.69
565.165	595.82
565.518	595.01
565.871	602.78
566.223	610.20
566.576	600.59
566.929	598.59
567.281	601.06
567.634	605.41
567.986	613.19
568.339	609.08
568.691	607.81
569.044	623.55
569.396	633.85
569.748	635.56
570.100	637.01
570.453	627.34
570.805	629.82
571.157	638.70
571.509	633.75
571.861	628.06
572.213	632.40
572.565	636.35
572.917	642.63
573.269	644.44
573.621	637.27
573.973	635.77
574.325	637.28
574.677	632.51
575.028	630.94
575.380	631.69
575.732	630.56
576.083	629.83
576.435	634.68
576.786	644.49
577.138	648.79
577.489	648.94
577.841	654.38
578.192	654.23
578.543	654.50
578.895	651.89
579.246	642.54
579.597	639.20
579.948	636.64
580.300	629.58
580.651	622.50
581.002	615.73
581.353	614.32
581.704	616.60
582.055	617.15
582.406	618.80
582.757	616.61
583.107	623.14
583.458	633.39
583.809	634.49
584.160	625.93
584.510	622.39
584.861	620.00
585.212	624.95
585.562	624.57
585.913	620.16
586.263	615.64
586.614	615.91
586.964	611.52
587.315	607.86
587.665	596.46
588.015	588.41
588.365	588.77
588.716	597.80
589.066	600.30
589.416	606.05
589.766	606.20
590.116	610.47
590.466	616.88
590.816	613.61
591.166	605.66
591.516	605.57
591.866	600.78
592.216	606.03
592.566	609.42
592.915	605.83
593.265	605.48
593.615	608.07
593.964	609.41
594.314	613.95
594.663	608.71
595.013	605.20
595.362	614.51
595.712	618.73
596.061	614.23
596.411	607.33
596.760	597.63
597.109	600.21
597.458	604.06
597.808	599.07
598.157	594.65
598.506	597.52
598.855	599.16
599.204	603.66
599.553	597.95
599.902	592.14
600.251	589.54
600.600	590.84
600.949	587.43
601.297	589.56
601.646	591.85
601.995	594.15
602.344	593.83
602.692	593.54
603.041	592.42
603.389	592.16
603.738	590.22
604.086	581.93
604.435	583.49
604.783	584.94
605.132	585.92
605.480	590.79
605.828	593.39
606.177	591.18
606.525	598.83
606.873	604.94
607.221	604.69
607.569	597.50
607.917	590.73
608.265	583.89
608.613	583.48
608.961	582.87
609.309	574.10
609.657	572.73
610.005	577.40
610.352	573.05
610.700	571.26
611.048	575.18
611.395	568.05
611.743	566.14
612.091	565.68
612.438	567.71
612.786	568.64
613.133	567.74
613.480	562.88
613.828	569.26
614.175	575.98
614.522	573.86
614.870	563.90
615.217	577.05
615.564	593.27
615.911	593.03
616.258	587.01
616.605	583.02
616.952	584.46
617.299	592.05
617.646	585.57
617.993	574.07
618.340	573.15
618.687	576.04
619.033	573.57
619.380	571.24
619.727	570.99
620.073	570.55
620.420	567.31
620.767	570.31
621.113	572.02
621.459	573.86
621.806	581.02
622.152	583.15
622.499	580.58
622.845	581.42
623.191	574.96
623.537	569.20
623.884	572.02
624.230	566.39
624.576	559.61
624.922	557.89
625.268	548.30
625.614	545.31
625.960	548.24
626.306	539.26
626.652	536.69
626.998	540.60
627.343	538.99
627.689	545.93
628.035	546.14
628.380	546.61
628.726	555.16
629.072	554.84
629.417	549.86
629.763	544.93
630.108	537.96
630.453	537.90
630.799	529.50
631.144	513.53
631.489	503.76
631.835	498.86
632.180	497.92
632.525	495.32
632.870	489.50
633.215	494.49
633.560	502.33
633.905	502.27
634.250	493.26
634.595	484.12
634.940	481.06
635.285	475.95
635.630	462.57
635.974	448.92
636.319	440.48
636.664	441.48
637.008	444.52
637.353	444.47
637.698	447.53
638.042	447.33
638.387	449.08
638.731	453.72
639.075	453.89
639.420	450.97
639.764	445.63
640.108	442.03
640.452	449.03
640.797	451.72
641.141	448.42
641.485	448.44
641.829	449.67
642.173	451.06
642.517	447.45
642.861	440.45
643.205	434.43
643.549	430.96
643.892	425.79
644.236	423.50
644.580	425.14
644.923	424.28
645.267	421.21
645.611	425.21
645.954	429.01
646.298	428.86
646.641	427.84
646.985	422.31
647.328	420.99
647.671	422.22
648.015	419.70
648.358	413.25
648.701	410.33
649.044	408.25
649.387	407.92
649.731	406.16
650.074	400.25
650.417	396.00
650.760	398.49
651.102	394.08
651.445	385.84
651.788	383.72
652.131	386.09
652.474	384.95
652.816	380.18
653.159	376.38
653.502	377.27
653.844	380.63
654.187	378.17
654.529	375.02
654.872	373.82
655.214	374.01
655.557	369.41
655.899	366.83
656.241	367.45
656.583	370.11
656.926	366.08
657.268	360.17
657.610	359.03
657.952	359.17
658.294	361.04
658.636	359.79
658.978	355.37
659.320	358.62
659.662	362.64
660.004	357.60
660.345	357.76
660.687	352.28
661.029	342.67
661.371	344.21
661.712	341.84
662.054	342.19
662.395	351.34
662.737	350.91
663.078	349.46
663.420	351.97
663.761	348.45
664.102	349.98
664.444	347.94
664.785	340.12
665.126	342.20
665.467	349.29
665.808	348.01
666.149	344.91
666.490	339.53
666.831	335.43
667.172	338.36
667.513	333.91
667.854	322.22
668.195	323.00
668.535	326.50
668.876	326.24
669.217	329.02
669.557	325.39
669.898	333.46
670.239	352.88
670.579	355.71
670.920	352.72
671.260	350.17
671.600	347.73
671.941	344.39
672.281	332.12
672.621	318.49
672.961	314.17
673.302	310.26
673.642	313.43
673.982	317.71
674.322	311.58
674.662	323.08
675.002	332.61
675.342	328.44
675.682	333.21
676.021	327.34
676.361	316.73
676.701	324.23
677.041	318.08
677.380	303.77
677.720	305.09
678.059	297.69
678.399	296.95
678.738	303.45
679.078	301.38
679.417	294.13
679.756	290.00
680.096	290.58
680.435	295.67
680.774	297.47
681.113	296.22
681.453	297.63
681.792	299.38
682.131	303.90
682.470	305.00
682.809	300.43
683.148	296.66
683.486	292.97
683.825	289.65
684.164	289.40
684.503	285.97
684.841	279.32
685.180	278.26
685.519	275.56
685.857	271.73
686.196	267.70
686.534	258.06
686.873	255.58
687.211	260.08
687.549	260.34
687.888	262.82
688.226	266.58
688.564	269.01
688.902	273.65
689.240	275.48
689.578	268.18
689.917	279.51
690.255	293.14
690.592	288.56
690.930	287.75
691.268	290.91
691.606	289.24
691.944	292.27
692.282	276.26
692.619	254.89
692.957	256.67
693.294	261.56
693.632	259.50
693.970	260.88
694.307	260.47
694.644	261.82
694.982	269.01
695.319	265.34
695.656	261.27
695.994	260.87
696.331	253.57
696.668	251.02
697.005	253.06
697.342	248.66
697.679	244.95
698.016	237.67
698.353	233.43
698.690	235.81
699.027	234.82
699.364	228.49
699.700	225.42
700.037	226.03
700.374	224.34
700.710	222.48
701.047	222.29
701.384	224.30
701.720	229.91
702.057	229.61
702.393	234.59
702.729	241.37
703.066	239.10
703.402	239.48
703.738	240.97
704.074	236.36
704.410	232.34
704.747	221.05
705.083	208.68
705.419	207.43
705.755	203.47
706.091	197.76
706.426	194.98
706.762	202.80
707.098	209.54
707.434	216.64
707.769	226.02
708.105	228.73
708.441	230.34
708.776	232.62
709.112	224.33
709.447	219.89
709.783	223.38
710.118	219.39
710.453	215.63
710.789	213.35
711.124	216.39
711.459	224.77
711.794	229.22
712.129	224.88
712.464	220.08
712.799	222.52
713.134	222.86
713.469	219.81
713.804	218.60
714.139	215.55
714.474	215.67
714.809	217.22
715.143	215.89
715.478	211.14
715.813	208.37
716.147	207.16
716.482	203.92
716.816	205.46
717.151	206.48
717.485	204.30
717.819	209.67
718.154	209.53
718.488	205.25
718.822	206.25
719.156	200.73
719.491	201.60
719.825	202.05
720.159	202.94
720.493	207.56
720.827	209.92
721.161	216.80
721.494	216.38
721.828	214.51
722.162	218.69
722.496	215.06
722.829	209.28
723.163	210.12
723.497	209.77
723.830	211.26
724.164	213.15
724.497	213.63
724.830	213.69
725.164	221.95
725.497	225.24
725.830	214.81
726.164	213.44
726.497	210.61
726.830	203.56
727.163	204.74
727.496	198.30
727.829	186.83
728.162	191.10
728.495	193.90
728.828	195.30
729.160	198.01
729.493	199.95
729.826	206.24
730.159	213.98
730.491	221.47
730.824	228.26
731.156	227.71
731.489	230.58
731.821	220.47
732.154	213.89
732.486	217.25
732.818	215.52
733.151	206.43
733.483	203.59
733.815	204.32
734.147	213.00
734.479	212.66
734.811	201.66
735.143	196.46
735.475	195.41
735.807	199.28
736.139	201.19
736.471	195.80
736.803	194.38
737.134	203.99
737.466	205.94
737.798	210.53
738.129	209.01
738.461	201.39
738.792	199.99
739.124	199.46
739.455	198.33
739.786	197.12
740.118	193.99
740.449	197.56
740.780	204.38
741.111	214.39
741.442	214.58
741.773	214.98
742.104	215.31
742.435	214.46
742.766	209.76
743.097	209.62
743.428	209.49
743.759	214.48
744.090	214.08
744.420	216.76
744.751	219.93
745.081	215.95
745.412	219.08
745.743	219.56
746.073	215.01
746.403	212.32
746.734	206.20
747.064	202.43
747.394	210.43
747.725	201.98
748.055	192.51
748.385	191.67
748.715	191.83
749.045	197.52
749.375	203.18
749.705	201.47
750.035	196.93
750.365	202.70
750.695	203.43
751.024	200.95
751.354	199.81
751.684	196.22
752.013	194.77
752.343	203.66
752.673	203.13
753.002	204.37
753.331	205.63
753.661	202.58
753.990	196.44
754.320	190.27
754.649	187.55
754.978	185.91
755.307	185.92
755.636	186.50
755.965	187.18
756.294	190.52
756.623	198.23
756.952	196.29
757.281	199.79
757.610	198.13
757.939	196.21
758.267	196.89
758.596	197.28
758.925	198.87
759.253	199.99
759.582	194.87
759.910	194.38
760.239	197.58
760.567	193.82
760.896	198.97
761.224	196.68
761.552	195.48
761.881	201.26
762.209	201.79
762.537	201.92
762.865	206.08
763.193	201.70
763.521	202.62
763.849	206.52
764.177	203.62
764.505	207.73
764.832	210.28
765.160	207.99
765.488	209.41
765.815	206.78
766.143	203.23
766.471	197.15
766.798	194.58
767.126	191.57
767.453	200.65
767.780	202.70
768.108	204.07
768.435	205.66
768.762	213.40
769.089	210.03
769.417	207.28
769.744	199.98
770.071	199.21
770.398	200.06
770.725	204.91
771.052	202.03
771.378	205.45
771.705	211.06
772.032	212.54
772.359	215.45
772.685	210.21
773.012	205.24
773.338	209.50
773.665	208.98
773.991	203.30
774.318	201.59
774.644	199.14
774.971	201.92
775.297	204.51
775.623	202.08
775.949	205.37
776.275	211.01
776.601	214.38
776.927	214.65
777.253	217.72
777.579	216.19
777.905	216.53
778.231	218.75
778.557	218.02
778.883	214.99
779.208	218.17
779.534	218.03
779.860	216.98
780.185	217.08
780.511	210.02
780.836	207.37
781.162	214.36
781.487	214.62
781.812	213.65
782.138	212.64
782.463	207.56
782.788	213.63
783.113	216.71
783.438	215.83
783.763	219.02
784.088	221.56
784.413	220.77
784.738	227.17
785.063	225.84
785.388	228.97
785.712	233.58
786.037	234.92
786.362	229.48
786.686	234.59
787.011	233.63
787.335	228.49
787.660	225.97
787.984	218.81
788.308	212.88
788.633	216.94
788.957	216.49
789.281	214.15
789.605	220.39
789.930	223.04
790.254	222.51
790.578	217.54
790.902	225.15
791.225	221.57
791.549	224.97
791.873	226.16
792.197	221.39
792.521	222.09
792.844	227.02
793.168	220.32
793.492	220.59
793.815	215.72
794.139	211.46
794.462	208.56
794.785	204.76
795.109	205.70
795.432	207.29
795.755	215.90
796.078	221.49
796.401	228.90
796.725	228.08
797.048	235.41
797.371	229.68
797.694	226.84
798.016	223.44
798.339	220.73
798.662	217.44
798.985	220.04
799.308	216.35
799.630	222.15
799.953	224.51
800.275	224.33
800.598	231.10
800.920	234.72
801.243	239.02
801.565	241.61
801.887	240.45
802.210	238.97
802.532	237.32
802.854	230.63
803.176	235.68
803.498	239.65
803.820	239.03
804.142	243.67
804.464	242.96
804.786	247.14
805.108	247.33
805.429	235.02
805.751	229.82
806.073	230.32
806.394	230.71
806.716	237.62
807.038	229.44
807.359	229.29
807.680	229.70
808.002	233.65
808.323	234.81
808.644	230.87
808.966	226.72
809.287	235.05
809.608	233.26
809.929	239.81
810.250	239.50
810.571	234.16
810.892	240.92
811.213	241.80
811.534	238.34
811.854	244.25
812.175	241.56
812.496	239.58
812.816	246.03
813.137	241.36
813.458	239.97
813.778	247.25
814.098	247.43
814.419	250.74
814.739	253.58
815.059	252.47
815.380	256.29
815.700	260.84
816.020	259.56
816.340	262.94
816.660	266.67
816.980	272.07
817.300	273.60
817.620	273.09
817.940	278.09
818.260	280.27
818.579	278.66
818.899	279.51
819.219	275.68
819.538	273.70
819.858	273.90
820.177	267.38
820.497	263.18
820.816	264.73
821.135	260.05
821.455	263.02
821.774	268.62
822.093	265.84
822.412	268.03
822.731	278.19
823.050	283.38
823.369	294.28
823.688	301.53
824.007	314.05
824.326	333.67
824.645	369.76
824.963	384.63
825.282	396.35
825.601	408.28
825.919	422.20
826.238	428.61
826.556	437.87
826.875	429.17
827.193	436.68
827.511	455.54
827.830	467.93
828.148	479.36
828.466	495.35
828.784	507.99
829.102	522.30
829.420	536.55
829.738	547.27
830.056	563.90
830.374	575.27
830.692	597.42
831.010	621.54
831.327	639.44
831.645	649.25
831.963	670.11
832.280	687.15
832.598	717.63
832.915	732.06
833.233	749.34
833.550	780.62
833.867	818.15
834.185	842.99
834.502	868.81
834.819	886.06
835.136	901.28
835.453	912.48
835.770	916.13
836.087	913.07
836.404	915.51
836.721	916.98
837.038	920.18
837.355	917.44
837.671	908.97
837.988	900.08
838.305	900.73
838.621	897.39
838.938	884.31
839.254	866.34
839.571	863.82
839.887	861.99
840.203	857.02
840.520	860.65
840.836	856.26
841.152	860.57
841.468	871.43
841.784	882.35
842.100	895.66
842.416	915.16
842.732	923.67
843.048	953.13
843.364	975.38
843.679	985.42
843.995	990.67
844.311	1000.90
844.626	1003.91
844.942	999.09
845.257	986.39
845.573	978.34
845.888	972.65
846.203	965.20
846.519	951.56
846.834	937.72
847.149	926.93
847.464	901.64
847.779	873.11
848.094	847.63
848.409	816.84
848.724	787.16
849.039	757.59
849.354	719.60
849.669	686.20
849.983	664.73
850.298	646.35
850.613	625.83
850.927	609.88
851.242	602.51
851.556	602.02
851.871	614.02
852.185	631.52
852.499	665.32
852.814	722.79
853.128	784.53
853.442	861.28
853.756	974.21
854.070	1103.47
854.384	1254.01
854.698	1417.43
855.012	1592.73
855.326	1806.30
855.640	2034.37
855.953	2263.62
856.267	2515.50
856.581	2777.04
856.894	3030.50
857.208	3305.36
857.521	3556.91
857.835	3799.97
858.148	4040.56
858.461	4254.16
858.775	4453.94
859.088	4641.77
859.401	4800.82
859.714	4949.66
860.027	5099.49
860.340	5212.59
860.653	5321.06
860.966	5403.93
861.279	5475.85
861.592	5533.51
861.904	5568.45
862.217	5568.13
862.530	5575.12
862.842	5572.67
863.155	5536.81
863.467	5490.47
863.780	5449.21
864.092	5383.29
864.405	5321.81
864.717	5229.63
865.029	5142.72
865.341	5079.74
865.653	5010.37
865.966	4935.12
866.278	4875.94
866.589	4825.27
866.901	4831.31
867.213	4816.61
867.525	4816.86
867.837	4851.80
868.149	4889.29
868.460	4943.57
868.772	5007.75
869.083	5043.89
869.395	5085.50
869.706	5099.42
870.018	5080.53
870.329	5054.74
870.640	5012.03
870.952	4926.62
871.263	4800.90
871.574	4641.95
871.885	4479.82
872.196	4284.99
872.507	4069.75
872.818	3833.64
873.129	3611.24
873.440	3416.70
873.750	3246.36
874.061	3080.34
874.372	2954.84
874.682	2867.84
874.993	2840.02
875.303	2843.72
875.614	2888.85
875.924	3004.34
876.235	3171.73
876.545	3406.28
876.855	3690.07
877.165	4047.56
877.475	4468.92
877.786	4922.61
878.096	5435.12
878.406	6039.47
878.715	6655.10
879.025	7329.47
879.335	8009.97
879.645	8706.01
879.955	9402.59
880.264	10101.61
880.574	10743.47
880.883	11401.05
881.193	12029.33
881.502	12618.91
881.812	13166.42
882.121	13744.40
882.430	14245.64
882.740	14736.25
883.049	15148.93
883.358	15620.44
883.667	16072.89
883.976	16489.21
884.285	16929.04
884.594	17411.60
884.903	17823.54
885.212	18367.67
885.520	18831.23
885.829	19327.16
886.138	19896.16
886.446	20377.60
886.755	20869.93
887.063	21463.01
887.372	21856.61
887.680	22285.97
887.988	22623.98
888.297	22901.32
888.605	23188.37
888.913	23357.89
889.221	23408.76
889.529	23487.31
889.837	23413.49
890.145	23257.88
890.453	22991.66
890.761	22560.65
891.069	22054.27
891.377	21493.24
891.684	20866.87
891.992	20149.81
892.299	19407.64
892.607	18619.45
892.914	17774.62
893.222	16959.11
893.529	16160.61
893.837	15299.13
894.144	14571.38
894.451	13808.41
894.758	13096.16
895.065	12542.19
895.372	12034.18
895.679	11542.39
895.986	11152.37
896.293	10775.96
896.600	10588.56
896.907	10504.34
897.213	10476.31
897.520	10518.27
897.827	10667.51
898.133	10921.94
898.440	11254.38
898.746	11667.65
899.053	12137.97
899.359	12658.16
899.665	13268.82
899.972	13936.63
900.278	14667.84
900.584	15509.58
900.890	16386.97
901.196	17342.04
901.502	18440.60
901.808	19631.74
902.114	20948.35
902.419	22414.80
902.725	24041.96
903.031	25815.03
903.337	27808.85
903.642	29983.71
903.948	32357.10
904.253	34917.49
904.559	37640.26
904.864	40446.49
905.169	43389.04
905.475	46298.79
905.780	48947.82
906.085	51465.22
906.390	53730.48
906.695	55750.78
907.000	57418.59
907.305	58821.89
907.610	59951.77
907.915	60997.19
908.219	61774.53
908.524	62447.48
908.829	62911.97
909.133	63279.04
909.438	63527.74
909.743	63648.30
910.047	63626.82
910.351	63538.46
910.656	63334.90
910.960	63152.48
911.264	62866.29
911.568	62439.51
911.873	61953.50
912.177	61454.26
912.481	60905.25
912.785	60289.15
913.088	59503.47
913.392	58725.66
913.696	57813.88
914.000	56821.28
914.304	55620.51
914.607	54283.18
914.911	52826.22
915.214	51148.72
915.518	49163.28
915.821	47257.01
916.124	45211.15
916.428	43079.04
916.731	40924.11
917.034	38777.26
917.337	36953.10
917.640	35327.69
917.943	33796.29
918.246	32483.53
918.549	31501.71
918.852	30859.99
919.155	30429.27
919.458	30199.61
919.760	30181.07
920.063	30222.65
920.366	30602.89
920.668	30984.79
920.971	31446.69
921.273	32049.66
921.576	32522.31
921.878	33038.11
922.180	33610.66
922.482	34030.66
922.784	34572.02
923.087	34921.08
923.389	35089.77
923.691	35224.80
923.992	35322.65
924.294	35194.02
924.596	34855.21
924.898	34428.81
925.200	33894.24
925.501	33195.37
925.803	32453.18
926.104	31522.20
926.406	30577.10
926.707	29601.93
927.009	28370.71
927.310	27189.84
927.611	26084.92
927.912	24936.41
928.214	23804.32
928.515	22790.16
928.816	21787.67
929.117	20871.39
929.418	19937.53
929.719	19090.51
930.019	18310.07
930.320	17562.67
930.621	16879.40
930.922	16230.61
931.222	15713.43
931.523	15254.54
931.823	14781.39
932.124	14296.77
932.424	13905.36
932.724	13532.54
933.025	13260.86
933.325	13043.22
933.625	12918.40
933.925	12896.04
934.225	12979.70
934.525	13224.64
934.825	13594.36
935.125	14057.18
935.425	14657.48
935.724	15424.43
936.024	16316.70
936.324	17347.50
936.623	18470.07
936.923	19758.16
937.222	21352.63
937.522	23175.84
937.821	25041.52
938.120	27144.42
938.420	29551.08
938.719	31899.77
939.018	34419.40
939.317	36946.37
939.616	39494.02
939.915	42125.88
940.214	44637.93
940.513	46920.63
940.812	49191.95
941.111	51043.94
941.409	52687.89
941.708	54077.76
942.006	55200.66
942.305	56066.65
942.603	56794.54
942.902	57344.41
943.200	57844.93
943.499	58124.64
943.797	58169.80
944.095	58115.70
944.393	58010.30
944.691	57752.58
944.989	57494.53
945.287	57150.96
945.585	56741.77
945.883	56471.20
946.181	56228.54
946.479	55967.84
946.776	55722.66
947.074	55607.42
947.371	55572.50
947.669	55641.69
947.966	55573.61
948.264	55535.68
948.561	55547.50
948.858	55599.99
949.156	55535.30
949.453	55571.70
949.750	55646.73
950.047	55792.44
950.344	55911.99
950.641	56106.66
950.938	56308.86
951.235	56501.66
951.532	56660.53
951.828	56690.77
952.125	56711.80
952.422	56638.56
952.718	56408.74
953.015	56061.94
953.311	55673.18
953.607	55166.88
953.904	54603.60
954.200	53874.16
954.496	53248.74
954.792	52593.15
955.089	51951.77
955.385	51253.15
955.681	50535.41
955.976	49768.24
956.272	49092.88
956.568	48481.64
956.864	47879.87
957.160	47522.27
957.455	47376.41
957.751	47247.26
958.046	47342.73
958.342	47753.30
958.637	48339.74
958.933	49171.77
959.228	49982.65
959.523	50775.33
959.818	51859.32
960.114	53032.68
960.409	54050.05
960.704	54849.50
960.999	55475.00
961.294	56013.81
961.588	56512.19
961.883	56750.11
962.178	56922.11
962.473	57132.65
962.767	57372.01
963.062	57731.14
963.356	58052.65
963.651	58326.79
963.945	58582.09
964.239	58733.84
964.534	58690.94
964.828	58478.71
965.122	58075.56
965.416	57501.86
965.710	56772.49
966.004	55865.22
966.298	54796.38
966.592	53572.02
966.886	52079.14
967.180	50339.94
967.473	48304.49
967.767	46019.71
968.061	43579.25
968.354	40970.45
968.648	38167.80
968.941	35491.83
969.234	32880.14
969.528	30380.62
969.821	28037.64
970.114	25836.24
970.407	23704.79
970.700	21724.28
970.993	19808.98
971.286	17908.09
971.579	16101.08
971.872	14352.14
972.165	12622.37
972.457	11064.44
972.750	9610.36
973.043	8246.51
973.335	7046.16
973.628	5984.87
973.920	5059.74
974.213	4323.42
974.505	3718.20
974.797	3257.87
975.089	2928.63
975.382	2713.36
975.674	2617.84
975.966	2616.66
976.258	2676.38
976.550	2809.23
976.841	2988.62
977.133	3192.44
977.425	3439.29
977.717	3707.17
978.008	3972.45
978.300	4243.58
978.591	4521.39
978.883	4809.70
979.174	5116.99
979.465	5436.85
979.757	5748.25
980.048	6068.59
980.339	6396.08
980.630	6684.71
980.921	6938.02
981.212	7149.43
981.503	7283.22
981.794	7368.57
982.085	7407.82
982.376	7408.18
982.666	7388.87
982.957	7336.29
983.248	7249.34
983.538	7146.89
983.828	7000.54
984.119	6820.90
984.409	6606.57
984.700	6352.60
984.990	6085.83
985.280	5809.12
985.570	5530.53
985.860	5287.62
986.150	5043.40
986.440	4783.18
986.730	4524.71
987.020	4267.19
987.309	4013.19
987.599	3746.83
987.889	3468.49
988.178	3211.12
988.468	2973.24
988.757	2758.07
989.047	2557.09
989.336	2371.81
989.625	2218.08
989.915	2081.57
990.204	1949.70
990.493	1838.94
990.782	1733.69
991.071	1635.23
991.360	1550.90
991.649	1469.94
991.938	1393.13
992.226	1324.94
992.515	1258.10
992.804	1199.11
993.092	1146.17
993.381	1095.04
993.669	1052.19
993.958	1016.08
994.246	989.93
994.534	961.60
994.823	935.91
995.111	914.38
995.399	891.24
995.687	866.72
995.975	839.94
996.263	812.24
996.551	798.65
996.839	787.44
997.126	771.57
997.414	761.84
997.702	754.91
997.989	754.41
998.277	745.45
998.564	721.82
998.852	698.41
999.139	676.57
999.426	657.44
999.713	632.68
1000.001	599.76
1000.288	572.96
1000.575	552.69
1000.862	535.97
1001.149	515.62
1001.436	490.33
1001.722	475.80
1002.009	467.55
1002.296	457.41
1002.582	443.32
1002.869	435.33
1003.156	434.13
1003.442	432.76
1003.728	427.52
1004.015	416.97
1004.301	408.07
1004.587	409.56
1004.873	404.11
1005.160	399.35
1005.446	399.68
1005.732	395.16
1006.017	398.94
1006.303	398.96
1006.589	395.79
1006.875	398.32
1007.161	396.09
1007.446	392.93
1007.732	392.38
1008.017	389.08
1008.303	393.34
1008.588	393.27
1008.873	386.25
1009.159	382.76
1009.444	378.21
1009.729	374.05
1010.014	368.74
1010.299	363.27
1010.584	359.84
1010.869	363.64
1011.154	363.63
1011.439	361.49
1011.723	364.67
1012.008	363.68
1012.293	359.80
1012.577	357.17
1012.862	348.00
1013.146	336.19
1013.430	328.05
1013.715	322.13
1013.999	318.61
1014.283	311.59
1014.567	308.43
1014.851	302.98
1015.135	305.20
1015.419	311.32
1015.703	306.00
1015.987	304.03
1016.271	305.50
1016.555	303.36
1016.838	305.96
1017.122	305.44
1017.405	298.01
1017.689	296.63
1017.972	295.39
1018.256	299.74
1018.539	299.50
1018.822	300.50
1019.105	298.38
1019.388	297.20
1019.671	301.32
1019.954	303.56
1020.237	300.79
1020.520	285.65
1020.803	250.69
1021.086	188.46
1021.368	91.91
1021.651	-47.08
1021.934	-235.68
1022.216	-480.37
