339.735	29.02
340.108	3.62
340.482	-17.55
340.855	-24.31
341.228	-30.09
341.602	-27.23
341.975	-33.26
342.348	-30.25
342.721	-17.90
343.094	-11.71
343.468	-0.70
343.841	12.21
344.214	19.78
344.587	27.96
344.960	30.65
345.333	32.95
345.706	40.88
346.079	40.59
346.452	46.03
346.824	56.25
347.197	67.09
347.570	80.13
347.943	92.14
348.316	106.24
348.688	115.99
349.061	120.98
349.434	125.22
349.806	127.39
350.179	130.11
350.552	128.90
350.924	126.47
351.297	133.62
351.669	135.47
352.042	139.35
352.414	146.93
352.787	142.34
353.159	142.77
353.531	145.27
353.904	145.01
354.276	146.85
354.648	145.79
355.020	140.99
355.393	146.44
355.765	148.63
356.137	151.27
356.509	149.84
356.881	148.97
357.253	145.34
357.625	152.91
357.997	164.21
358.369	164.62
358.741	161.14
359.113	167.05
359.485	174.10
359.857	174.04
360.229	166.15
360.600	157.07
360.972	159.77
361.344	155.42
361.716	151.65
362.087	147.14
362.459	144.90
362.831	144.41
363.202	139.92
363.574	131.73
363.945	134.77
364.317	134.51
364.688	131.76
365.060	133.44
365.431	133.18
365.803	130.34
366.174	132.22
366.545	134.76
366.917	136.10
367.288	135.25
367.659	143.85
368.030	144.49
368.402	146.55
368.773	150.12
369.144	146.26
369.515	143.51
369.886	145.43
370.257	136.33
370.628	132.50
370.999	131.26
371.370	131.77
371.741	138.32
372.112	144.20
372.483	142.76
372.853	149.13
373.224	154.46
373.595	167.72
373.966	187.08
374.336	186.15
374.707	187.22
375.078	190.70
375.448	185.38
375.819	181.93
376.190	170.61
376.560	152.47
376.931	149.19
377.301	141.04
377.671	141.23
378.042	146.53
378.412	150.45
378.783	154.48
379.153	152.56
379.523	152.81
379.893	157.87
380.264	160.31
380.634	154.95
381.004	154.80
381.374	152.94
381.744	160.32
382.114	168.38
382.484	163.74
382.854	162.17
383.224	171.16
383.594	168.17
383.964	167.32
384.334	165.47
384.704	157.83
385.074	166.01
385.444	165.61
385.814	158.05
386.183	165.16
386.553	168.41
386.923	162.23
387.292	160.81
387.662	158.09
388.032	155.89
388.401	156.51
388.771	151.95
389.140	146.80
389.510	148.32
389.879	150.19
390.248	146.62
390.618	152.44
390.987	158.54
391.356	156.89
391.726	161.31
392.095	160.41
392.464	158.14
392.833	163.17
393.203	158.16
393.572	146.17
393.941	152.33
394.310	149.23
394.679	154.85
395.048	181.57
395.417	175.13
395.786	176.92
396.155	183.26
396.524	183.31
396.893	186.41
397.261	190.50
397.630	179.31
397.999	181.43
398.368	174.25
398.736	170.31
399.105	165.68
399.474	166.50
399.842	159.20
400.211	149.54
400.579	151.37
400.948	155.31
401.317	158.09
401.685	163.90
402.053	165.82
402.422	167.73
402.790	166.25
403.158	168.01
403.527	167.69
403.895	171.31
404.263	167.19
404.632	159.64
405.000	161.15
405.368	157.71
405.736	158.15
406.104	169.13
406.472	165.49
406.840	168.14
407.208	172.02
407.576	167.82
407.944	170.05
408.312	165.70
408.680	158.24
409.048	161.42
409.415	159.95
409.783	162.84
410.151	164.24
410.519	159.87
410.886	163.10
411.254	160.73
411.622	157.12
411.989	150.69
412.357	146.17
412.724	150.15
413.092	155.04
413.459	153.66
413.827	158.62
414.194	162.25
414.561	169.21
414.929	171.58
415.296	164.70
415.663	165.39
416.030	162.46
416.398	155.94
416.765	154.10
417.132	155.32
417.499	150.45
417.866	145.66
418.233	139.40
418.600	140.03
418.967	144.03
419.334	137.20
419.701	131.78
420.068	143.14
420.435	151.25
420.802	152.92
421.168	154.01
421.535	147.42
421.902	151.84
422.269	153.79
422.635	148.47
423.002	149.36
423.369	155.03
423.735	149.05
424.102	153.49
424.468	158.02
424.835	159.48
425.201	157.90
425.567	158.89
425.934	159.00
426.300	161.96
426.667	159.71
427.033	156.06
427.399	153.99
427.765	155.27
428.131	152.96
428.498	154.43
428.864	163.73
429.230	171.13
429.596	177.88
429.962	187.93
430.328	190.80
430.694	189.84
431.060	186.18
431.426	182.52
431.792	182.08
432.157	181.27
432.523	173.57
432.889	171.41
433.255	171.09
433.620	173.73
433.986	171.85
434.352	164.50
434.717	159.02
435.083	158.32
435.448	157.40
435.814	159.03
436.179	160.22
436.545	162.33
436.910	170.83
437.276	176.73
437.641	179.11
438.006	183.75
438.372	182.98
438.737	180.99
439.102	184.25
439.467	183.85
439.832	180.41
440.197	186.15
440.563	188.17
440.928	192.04
441.293	194.04
441.658	196.97
442.023	195.54
442.387	195.47
442.752	191.01
443.117	187.74
443.482	194.37
443.847	194.76
444.212	191.74
444.576	197.11
444.941	202.97
445.306	207.48
445.670	209.75
446.035	206.89
446.399	212.96
446.764	218.38
447.128	222.30
447.493	225.06
447.857	224.37
448.222	227.60
448.586	224.19
448.950	223.77
449.315	227.68
449.679	228.35
450.043	229.46
450.407	236.19
450.772	239.06
451.136	249.56
451.500	253.86
451.864	249.38
452.228	249.92
452.592	253.36
452.956	252.43
453.320	254.62
453.684	250.67
454.047	249.80
454.411	254.39
454.775	254.59
455.139	253.64
455.503	249.72
455.866	246.39
456.230	247.95
456.594	245.73
456.957	241.19
457.321	236.51
457.684	234.21
458.048	232.68
458.411	230.77
458.775	233.54
459.138	229.31
459.501	225.65
459.865	228.96
460.228	223.11
460.591	226.27
460.955	224.64
461.318	213.39
461.681	220.64
462.044	221.15
462.407	217.08
462.770	222.80
463.133	216.11
463.496	211.81
463.859	215.81
464.222	212.36
464.585	213.18
464.948	215.27
465.311	211.83
465.674	213.10
466.036	215.48
466.399	211.86
466.762	209.95
467.124	211.94
467.487	211.69
467.850	212.90
468.212	215.22
468.575	214.95
468.937	222.60
469.300	228.60
469.662	225.13
470.024	224.12
470.387	219.61
470.749	214.25
471.111	213.25
471.474	207.57
471.836	203.95
472.198	209.04
472.560	211.42
472.922	219.70
473.284	224.44
473.646	223.41
474.008	223.48
474.370	221.79
474.732	216.64
475.094	209.79
475.456	202.38
475.818	203.17
476.180	205.93
476.542	205.63
476.903	201.66
477.265	199.34
477.627	202.95
477.988	205.87
478.350	203.17
478.711	207.29
479.073	211.91
479.435	215.51
479.796	221.78
480.157	221.11
480.519	220.02
480.880	226.15
481.241	224.83
481.603	220.90
481.964	223.61
482.325	221.64
482.686	220.67
483.048	221.45
483.409	216.68
483.770	213.74
484.131	215.67
484.492	216.14
484.853	218.73
485.214	223.18
485.575	226.33
485.936	230.28
486.296	235.37
486.657	237.89
487.018	240.81
487.379	244.99
487.739	242.86
488.100	249.26
488.461	259.89
488.821	260.18
489.182	260.13
489.542	256.34
489.903	253.05
490.263	254.73
490.624	249.45
490.984	238.30
491.345	237.90
491.705	240.64
492.065	244.69
492.425	247.60
492.786	249.32
493.146	253.11
493.506	258.41
493.866	261.57
494.226	260.03
494.586	264.92
494.946	269.06
495.306	270.93
495.666	269.11
496.026	266.14
496.386	267.77
496.746	271.42
497.106	267.87
497.465	260.89
497.825	261.64
498.185	263.35
498.544	266.94
498.904	269.44
499.264	275.93
499.623	281.81
499.983	286.03
500.342	291.42
500.702	294.72
501.061	293.50
501.420	289.75
501.780	287.42
502.139	285.91
502.498	287.37
502.858	287.92
503.217	285.59
503.576	284.55
503.935	283.05
504.294	275.17
504.653	274.71
505.012	278.69
505.371	268.92
505.730	270.44
506.089	278.06
506.448	284.26
506.807	290.30
507.166	290.37
507.524	283.53
507.883	294.42
508.242	303.19
508.601	297.07
508.959	296.71
509.318	300.17
509.676	299.33
510.035	307.67
510.393	308.86
510.752	301.97
511.110	306.85
511.469	314.60
511.827	319.98
512.185	325.13
512.544	320.57
512.902	319.99
513.260	325.19
513.618	326.74
513.976	328.65
514.334	328.33
514.692	329.13
515.050	335.05
515.408	335.46
515.766	337.52
516.124	345.70
516.482	346.70
516.840	351.99
517.198	356.35
517.556	358.77
517.913	364.06
518.271	370.06
518.629	374.81
518.986	377.72
519.344	374.66
519.701	372.92
520.059	377.71
520.416	386.99
520.774	388.25
521.131	384.89
521.489	388.18
521.846	392.63
522.203	399.07
522.561	406.53
522.918	411.57
523.275	420.72
523.632	425.48
523.989	428.58
524.346	435.65
524.703	441.20
525.060	441.63
525.417	434.60
525.774	428.05
526.131	430.49
526.488	427.10
526.845	424.06
527.202	429.54
527.559	431.91
527.915	431.99
528.272	431.16
528.629	433.23
528.985	439.29
529.342	436.23
529.698	428.53
530.055	431.72
530.411	437.79
530.768	438.54
531.124	435.21
531.480	433.62
531.837	442.51
532.193	446.80
532.549	439.68
532.906	437.51
533.262	441.18
533.618	449.71
533.974	452.73
534.330	449.43
534.686	455.44
535.042	465.35
535.398	468.49
535.754	467.33
536.110	463.72
536.466	461.59
536.821	462.05
537.177	454.23
537.533	447.41
537.889	448.35
538.244	452.24
538.600	452.95
538.955	453.53
539.311	453.96
539.667	451.94
540.022	453.68
540.377	455.88
540.733	454.38
541.088	454.19
541.444	455.69
541.799	459.74
542.154	467.62
542.509	468.94
542.864	470.04
543.220	474.22
543.575	475.50
543.930	473.81
544.285	471.50
544.640	472.80
544.995	473.85
545.350	473.59
545.705	475.20
546.059	481.17
546.414	488.68
546.769	493.22
547.124	491.70
547.478	494.24
547.833	499.78
548.188	499.40
548.542	498.15
548.897	495.46
549.251	489.79
549.606	493.67
549.960	493.24
550.315	484.53
550.669	485.85
551.023	486.46
551.378	489.74
551.732	498.11
552.086	498.43
552.440	500.65
552.794	504.21
553.148	505.38
553.502	508.78
553.856	503.21
554.210	521.12
554.564	543.16
554.918	541.62
555.272	546.01
555.626	546.34
555.980	542.15
556.334	550.21
556.687	533.18
557.041	517.74
557.395	527.32
557.748	528.79
558.102	532.86
558.455	540.66
558.809	541.62
559.162	547.13
559.516	552.40
559.869	546.16
560.222	547.36
560.576	549.86
560.929	551.15
561.282	559.19
561.635	561.77
561.988	558.53
562.342	561.55
562.695	564.73
563.048	569.48
563.401	576.06
563.754	573.77
564.107	573.87
564.459	581.67
564.812	592.72
565.165	597.61
565.518	595.45
565.871	595.45
566.223	606.06
566.576	608.41
566.929	599.23
567.281	599.28
567.634	601.27
567.986	607.66
568.339	613.28
568.691	607.41
569.044	610.41
569.396	627.27
569.748	633.81
570.100	637.03
570.453	634.89
570.805	626.37
571.157	632.36
571.509	638.79
571.861	631.55
572.213	628.75
572.565	633.21
572.917	637.52
573.269	644.02
573.621	643.10
573.973	636.05
574.325	636.62
574.677	636.36
575.028	631.78
575.380	631.12
575.732	631.63
576.083	630.15
576.435	630.31
576.786	636.61
577.138	646.48
577.489	648.25
577.841	650.34
578.192	654.70
578.543	653.99
578.895	654.83
579.246	649.76
579.597	641.26
579.948	639.01
580.300	635.26
580.651	627.99
581.002	620.99
581.353	614.54
581.704	615.25
582.055	616.20
582.406	618.21
582.757	617.84
583.107	617.48
583.458	625.15
583.809	635.38
584.160	632.09
584.510	625.53
584.861	620.81
585.212	621.40
585.562	624.95
585.913	624.46
586.263	618.13
586.614	616.47
586.964	614.38
587.315	611.71
587.665	605.16
588.015	594.85
588.365	586.70
588.716	591.58
589.066	597.83
589.416	602.10
589.766	606.02
590.116	606.83
590.466	611.74
590.816	617.86
591.166	610.65
591.516	606.31
591.866	603.94
592.216	601.38
592.566	607.37
592.915	609.04
593.265	604.95
593.615	606.53
593.964	607.76
594.314	610.83
594.663	613.65
595.013	606.92
595.362	606.47
595.712	616.74
596.061	617.61
596.411	613.72
596.760	604.39
597.109	597.52
597.458	601.22
597.808	604.15
598.157	596.79
598.506	595.90
598.855	596.87
599.204	601.16
599.553	602.51
599.902	597.06
600.251	590.53
600.600	590.51
600.949	589.73
601.297	587.73
601.646	590.00
601.995	592.44
602.344	594.37
602.692	593.49
603.041	593.81
603.389	591.57
603.738	593.09
604.086	587.72
604.435	581.98
604.783	583.79
605.132	585.28
605.480	586.19
605.828	592.59
606.177	592.06
606.525	592.58
606.873	600.28
607.221	605.80
607.569	603.28
607.917	596.10
608.265	589.20
608.613	582.91
608.961	584.34
609.309	580.98
609.657	572.98
610.005	573.57
610.352	577.88
610.700	570.75
611.048	573.64
611.395	573.17
611.743	567.96
612.091	565.16
612.438	566.82
612.786	567.03
613.133	569.92
613.480	565.46
613.828	564.30
614.175	570.11
614.522	577.66
614.870	570.45
615.217	565.01
615.564	581.28
615.911	594.66
616.258	591.40
616.605	586.49
616.952	581.98
617.299	586.68
617.646	591.87
617.993	582.93
618.340	572.67
618.687	574.32
619.033	575.52
619.380	573.26
619.727	570.61
620.073	571.59
620.420	569.42
620.767	567.65
621.113	570.99
621.459	572.02
621.806	575.04
622.152	582.45
622.499	582.25
622.845	580.85
623.191	580.94
623.537	572.81
623.884	569.66
624.230	572.01
624.576	564.00
624.922	559.73
625.268	556.30
625.614	546.43
625.960	546.34
626.306	547.47
626.652	536.81
626.998	538.65
627.343	539.48
627.689	540.32
628.035	546.82
628.380	545.39
628.726	548.21
629.072	556.40
629.417	553.25
629.763	549.66
630.108	542.79
630.453	537.86
630.799	537.31
631.144	526.23
631.489	510.79
631.835	502.68
632.180	498.01
632.525	498.30
632.870	493.53
633.215	489.71
633.560	496.32
633.905	503.17
634.250	500.97
634.595	490.99
634.940	483.05
635.285	480.67
635.630	473.72
635.974	459.46
636.319	446.78
636.664	439.60
637.008	442.79
637.353	444.08
637.698	445.24
638.042	447.70
638.387	447.25
638.731	450.05
639.075	454.30
639.420	453.25
639.764	450.36
640.108	444.13
640.452	442.76
640.797	450.75
641.141	450.72
641.485	448.48
641.829	448.35
642.173	450.30
642.517	450.65
642.861	446.29
643.205	438.87
643.549	433.73
643.892	430.08
644.236	424.76
644.580	423.83
644.923	425.23
645.267	423.74
645.611	420.97
645.954	427.00
646.298	428.40
646.641	429.54
646.985	426.36
647.328	421.95
647.671	420.86
648.015	422.62
648.358	418.05
648.701	412.64
649.044	409.71
649.387	408.15
649.731	407.77
650.074	405.37
650.417	398.80
650.760	396.17
651.102	398.79
651.445	391.82
651.788	385.28
652.131	383.54
652.474	386.98
652.816	383.39
653.159	380.02
653.502	375.19
653.844	378.97
654.187	379.77
654.529	378.18
654.872	373.80
655.214	374.67
655.557	372.83
655.899	369.00
656.241	366.33
656.583	368.30
656.926	369.86
657.268	364.72
657.610	359.51
657.952	359.23
658.294	359.10
658.636	361.67
658.978	358.47
659.320	355.47
659.662	359.72
660.004	362.56
660.345	356.18
660.687	358.90
661.029	348.70
661.371	343.29
661.712	343.70
662.054	341.65
662.395	342.99
662.737	353.45
663.078	348.71
663.420	351.46
663.761	350.46
664.102	349.06
664.444	349.64
664.785	347.19
665.126	338.48
665.467	344.82
665.808	348.82
666.149	348.06
666.490	343.51
666.831	338.94
667.172	334.81
667.513	339.59
667.854	330.59
668.195	321.86
668.535	323.58
668.876	327.01
669.217	325.89
669.557	329.98
669.898	323.78
670.239	338.76
670.579	353.97
670.920	355.71
671.260	351.70
671.600	350.20
671.941	346.70
672.281	343.59
672.621	328.22
672.961	317.67
673.302	313.11
673.642	310.21
673.982	314.66
674.322	317.45
674.662	310.75
675.002	327.90
675.342	330.74
675.682	329.51
676.021	333.19
676.361	324.98
676.701	316.18
677.041	326.50
677.380	313.33
677.720	304.09
678.059	304.45
678.399	296.05
678.738	298.56
679.078	303.72
679.417	300.19
679.756	292.81
680.096	289.93
680.435	291.06
680.774	296.85
681.113	296.89
681.453	296.53
681.792	297.82
682.131	300.02
682.470	304.74
682.809	304.32
683.148	299.51
683.486	296.12
683.825	292.12
684.164	289.41
684.503	289.31
684.841	284.65
685.180	278.51
685.519	278.43
685.857	274.38
686.196	271.46
686.534	266.12
686.873	256.49
687.211	256.43
687.549	260.56
687.888	260.19
688.226	263.90
688.564	266.85
688.902	269.81
689.240	274.42
689.578	274.87
689.917	267.35
690.255	284.24
690.592	292.62
690.930	287.89
691.268	288.26
691.606	291.21
691.944	288.79
692.282	292.54
692.619	270.23
692.957	254.19
693.294	257.78
693.632	261.83
693.970	258.85
694.307	261.77
694.644	259.64
694.982	263.42
695.319	269.39
695.656	263.84
695.994	261.42
696.331	260.10
696.668	252.05
697.005	251.69
697.342	252.72
697.679	247.57
698.016	244.37
698.353	235.84
698.690	233.92
699.027	235.94
699.364	234.07
699.700	227.21
700.037	225.66
700.374	225.84
700.710	223.94
701.047	222.28
701.384	222.49
701.720	225.03
702.057	230.79
702.393	229.16
702.729	236.74
703.066	241.25
703.402	238.70
703.738	240.00
704.074	240.64
704.410	235.21
704.747	231.48
705.083	217.92
705.419	207.83
705.755	207.41
706.091	202.07
706.426	197.17
706.762	195.15
707.098	205.10
707.434	209.92
707.769	218.84
708.105	226.90
708.441	228.93
708.776	230.80
709.112	232.32
709.447	222.16
709.783	220.69
710.118	223.33
710.453	218.22
710.789	215.42
711.124	213.06
711.459	217.92
711.794	226.03
712.129	229.17
712.464	223.54
712.799	220.05
713.134	223.14
713.469	222.27
713.804	219.45
714.139	218.35
714.474	214.97
714.809	216.25
715.143	217.09
715.478	215.37
715.813	210.16
716.147	208.34
716.482	206.62
716.816	203.62
717.151	206.14
717.485	206.05
717.819	204.46
718.154	210.88
718.488	208.32
718.822	205.23
719.156	206.09
719.491	199.54
719.825	202.70
720.159	201.36
720.493	204.00
720.827	208.01
721.161	210.67
721.494	217.90
721.828	215.34
722.162	215.15
722.496	218.98
722.829	213.62
723.163	209.01
723.497	210.45
723.830	209.55
724.164	211.92
724.497	213.15
724.830	213.73
725.164	214.18
725.497	223.83
725.830	223.99
726.164	213.20
726.497	214.06
726.830	208.98
727.163	203.19
727.496	204.85
727.829	195.90
728.162	186.12
728.495	192.72
728.828	193.48
729.160	196.12
729.493	198.14
729.826	200.72
730.159	207.65
730.491	215.27
730.824	222.81
731.156	228.86
731.489	227.44
731.821	230.78
732.154	217.50
732.486	214.65
732.818	217.35
733.151	214.46
733.483	204.90
733.815	203.97
734.147	204.79
734.479	214.69
734.811	210.71
735.143	200.20
735.475	196.15
735.807	195.61
736.139	200.17
736.471	200.67
736.803	194.82
737.134	195.35
737.466	205.57
737.798	205.67
738.129	211.69
738.461	207.35
738.792	200.74
739.124	200.05
739.455	199.23
739.786	198.18
740.118	196.71
740.449	193.78
740.780	198.88
741.111	205.69
741.442	215.75
741.773	213.78
742.104	215.65
742.435	214.89
742.766	214.24
743.097	208.87
743.428	210.12
743.759	209.47
744.090	215.54
744.420	213.49
744.751	218.00
745.081	219.51
745.412	215.61
745.743	220.02
746.073	218.76
746.403	214.43
746.734	211.70
747.064	204.98
747.394	203.01
747.725	211.20
748.055	199.09
748.385	192.31
748.715	191.54
749.045	192.30
749.375	198.82
749.705	203.47
750.035	200.60
750.365	196.94
750.695	203.94
751.024	202.65
751.354	200.89
751.684	199.36
752.013	195.61
752.343	195.49
752.673	205.00
753.002	202.30
753.331	205.26
753.661	205.14
753.990	201.88
754.320	195.17
754.649	189.59
754.978	187.28
755.307	185.73
755.636	186.06
755.965	186.55
756.294	187.47
756.623	191.58
756.952	198.98
757.281	195.72
757.610	200.73
757.939	197.08
758.267	196.51
758.596	196.84
758.925	197.50
759.253	199.17
759.582	199.67
759.910	194.00
760.239	195.07
760.567	197.48
760.896	193.53
761.224	199.99
761.552	195.51
761.881	196.38
762.209	201.88
762.537	201.52
762.865	202.44
763.193	206.26
763.521	200.80
763.849	203.63
764.177	206.43
764.505	203.41
764.832	208.82
765.160	209.95
765.488	207.88
765.815	209.57
766.143	205.97
766.471	202.59
766.798	196.20
767.126	194.34
767.453	191.77
767.780	202.37
768.108	202.19
768.435	204.68
768.762	206.19
769.089	214.32
769.417	208.72
769.744	206.98
770.071	198.73
770.398	199.78
770.725	200.27
771.052	205.46
771.378	201.41
771.705	206.84
772.032	211.40
772.359	212.89
772.685	215.45
773.012	208.85
773.338	205.39
773.665	210.20
773.991	208.12
774.318	202.64
774.644	201.43
774.971	198.96
775.297	202.73
775.623	204.34
775.949	201.95
776.275	206.41
776.601	211.70
776.927	214.62
777.253	214.82
777.579	218.06
777.905	215.74
778.231	217.00
778.557	218.86
778.883	217.58
779.208	214.92
779.534	218.77
779.860	217.60
780.185	217.09
780.511	216.55
780.836	208.83
781.162	208.05
781.487	215.22
781.812	214.16
782.138	213.71
782.463	212.01
782.788	207.44
783.113	214.96
783.438	216.46
783.763	216.03
784.088	219.66
784.413	221.54
784.738	221.14
785.063	227.94
785.388	225.42
785.712	230.02
786.037	233.98
786.362	234.49
786.686	229.17
787.011	235.58
787.335	232.62
787.660	228.02
787.984	225.31
788.308	217.48
788.633	212.86
788.957	217.60
789.281	215.86
789.605	214.52
789.930	221.43
790.254	222.99
790.578	222.00
790.902	217.60
791.225	226.03
791.549	220.78
791.873	226.05
792.197	225.46
792.521	220.95
792.844	222.84
793.168	226.93
793.492	219.36
793.815	220.76
794.139	214.55
794.462	211.16
794.785	207.95
795.109	204.51
795.432	206.00
795.755	207.99
796.078	217.25
796.401	222.31
796.725	229.54
797.048	228.28
797.371	236.05
797.694	228.31
798.016	226.81
798.339	222.76
798.662	220.34
798.985	217.35
799.308	220.13
799.630	216.15
799.953	223.33
800.275	224.25
800.598	224.91
800.920	232.09
801.243	235.11
801.565	239.70
801.887	241.61
802.210	240.16
802.532	238.83
802.854	236.57
803.176	230.30
803.498	236.90
803.820	239.59
804.142	239.34
804.464	244.12
804.786	242.96
805.108	247.91
805.429	246.16
805.751	233.33
806.073	229.86
806.394	230.31
806.716	231.40
807.038	237.68
807.359	228.23
807.680	229.79
808.002	229.82
808.323	234.29
808.644	234.47
808.966	230.02
809.287	227.17
809.608	235.83
809.929	233.17
810.250	240.83
810.571	238.52
810.892	234.33
811.213	241.93
811.534	241.15
811.854	238.62
812.175	244.79
812.496	240.71
812.816	240.21
813.137	246.33
813.458	240.38
813.778	240.75
814.098	247.90
814.419	247.40
814.739	251.44
815.059	253.55
815.380	252.57
815.700	257.15
816.020	260.97
816.340	259.56
816.660	263.62
816.980	267.29
817.300	272.68
817.620	273.46
817.940	273.44
818.260	278.82
818.579	280.12
818.899	278.62
819.219	279.37
819.538	275.07
819.858	273.78
820.177	273.45
820.497	266.33
820.816	263.23
821.135	264.51
821.455	259.67
821.774	264.03
822.093	268.72
822.412	265.48
822.731	269.21
823.050	279.31
823.369	284.40
823.688	295.71
824.007	302.71
824.326	316.27
824.645	338.01
824.963	373.65
825.282	385.81
825.601	398.16
825.919	410.12
826.238	423.60
826.556	429.75
826.875	437.83
827.193	428.46
827.511	439.21
827.830	457.81
828.148	469.32
828.466	481.36
828.784	497.39
829.102	509.73
829.420	524.42
829.738	538.13
830.056	549.21
830.374	565.84
830.692	577.39
831.010	601.01
831.327	624.43
831.645	641.04
831.963	651.37
832.280	672.73
832.598	690.52
832.915	720.98
833.233	733.58
833.550	752.81
833.867	785.73
834.185	822.43
834.502	846.24
834.819	871.84
835.136	888.05
835.453	903.17
835.770	913.46
836.087	915.92
836.404	912.98
836.721	915.88
837.038	917.30
837.355	920.33
837.671	916.55
837.988	907.57
838.305	899.63
838.621	900.84
838.938	896.19
839.254	881.85
839.571	864.96
839.887	863.95
840.203	861.26
840.520	857.10
840.836	860.62
841.152	855.99
841.468	861.87
841.784	872.91
842.100	883.81
842.416	898.18
842.732	916.70
843.048	926.16
843.364	957.17
843.679	977.19
843.995	986.16
844.311	991.78
844.626	1001.91
844.942	1003.70
845.257	997.74
845.573	984.89
845.888	977.60
846.203	971.88
846.519	963.74
846.834	949.58
847.149	936.39
847.464	924.58
847.779	897.77
848.094	869.75
848.409	843.96
848.724	812.78
849.039	783.52
849.354	753.08
849.669	714.68
849.983	682.87
850.298	662.38
850.613	643.76
850.927	623.39
851.242	608.46
851.556	601.99
851.871	602.91
852.185	615.95
852.499	634.58
852.814	671.70
853.128	730.59
853.442	792.88
853.756	873.73
854.070	989.97
854.384	1121.37
854.698	1274.35
855.012	1438.59
855.326	1617.73
855.640	1835.14
855.953	2062.53
856.267	2294.26
856.581	2548.83
856.894	2808.55
857.208	3064.59
857.521	3338.36
857.835	3587.80
858.148	3830.40
858.461	4068.75
858.775	4280.02
859.088	4478.25
859.401	4663.13
859.714	4819.29
860.027	4968.88
860.340	5115.45
860.653	5226.21
860.966	5332.91
861.279	5413.24
861.592	5483.94
861.904	5539.37
862.217	5569.80
862.530	5568.23
862.842	5576.05
863.155	5569.96
863.467	5531.06
863.780	5485.57
864.092	5442.26
864.405	5375.62
864.717	5312.31
865.029	5217.88
865.341	5134.15
865.653	5072.08
865.966	5000.77
866.278	4927.28
866.589	4868.57
866.901	4823.71
867.213	4831.15
867.525	4814.78
867.837	4819.76
868.149	4856.36
868.460	4894.53
868.772	4951.75
869.083	5013.21
869.395	5048.70
869.706	5089.21
870.018	5098.41
870.329	5077.64
870.640	5051.11
870.952	5004.08
871.263	4913.80
871.574	4783.10
871.885	4623.12
872.196	4458.50
872.507	4260.43
872.818	4042.38
873.129	3805.97
873.440	3586.55
873.750	3396.25
874.061	3225.93
874.372	3063.12
874.682	2942.47
874.993	2861.64
875.303	2839.16
875.614	2846.16
875.924	2898.82
876.235	3021.36
876.545	3195.67
876.855	3436.48
877.165	3727.46
877.475	4093.86
877.786	4521.25
878.096	4977.66
878.406	5501.84
878.715	6108.17
879.025	6730.74
879.335	7408.32
879.645	8090.07
879.955	8786.38
880.264	9482.79
880.574	10178.09
880.883	10817.02
881.193	11475.94
881.502	12098.45
881.812	12682.74
882.121	13231.81
882.430	13804.30
882.740	14304.29
883.049	14784.85
883.358	15199.23
883.667	15673.88
883.976	16121.18
884.285	16535.95
884.594	16984.76
884.903	17457.97
885.212	17880.66
885.520	18423.24
885.829	18882.91
886.138	19390.58
886.446	19954.19
886.755	20428.11
887.063	20936.27
887.372	21515.22
887.680	21902.03
887.988	22329.15
888.297	22656.10
888.605	22933.76
888.913	23215.00
889.221	23365.55
889.529	23418.47
889.837	23486.92
890.145	23399.58
890.453	23235.71
890.761	22951.14
891.069	22507.54
891.377	21995.10
891.684	21430.03
891.992	20791.29
892.299	20071.09
892.607	19323.85
892.914	18530.42
893.222	17681.88
893.529	16875.73
893.837	16064.65
894.144	15216.53
894.451	14491.86
894.758	13726.45
895.065	13030.04
895.372	12487.66
895.679	11978.23
895.986	11497.87
896.293	11108.55
896.600	10746.79
896.907	10576.16
897.213	10498.90
897.520	10476.77
897.827	10528.75
898.133	10689.73
898.440	10953.87
898.746	11293.94
899.053	11716.00
899.359	12189.01
899.665	12717.95
899.972	13338.38
900.278	14008.51
900.584	14751.65
900.890	15599.80
901.196	16481.18
901.502	17450.74
901.808	18560.52
902.114	19762.67
902.419	21089.68
902.725	22578.12
903.031	24218.73
903.337	26012.99
903.642	28021.17
903.948	30222.31
904.253	32608.08
904.559	35196.29
904.864	37919.78
905.169	40739.69
905.475	43700.75
905.780	46576.71
906.085	49211.04
906.390	51705.97
906.695	53949.30
907.000	55934.13
907.305	57574.76
907.610	58943.83
907.915	60065.51
908.219	61082.72
908.524	61849.43
908.829	62502.53
909.133	62952.27
909.438	63309.62
909.743	63547.00
910.047	63650.36
910.351	63622.83
910.656	63520.16
910.960	63317.11
911.264	63130.62
911.568	62829.61
911.873	62391.15
912.177	61906.05
912.481	61401.24
912.785	60851.49
913.088	60217.38
913.392	59429.00
913.696	58640.46
914.000	57722.09
914.304	56711.81
914.607	55498.12
914.911	54144.54
915.214	52681.12
915.518	50958.28
915.821	48980.40
916.124	47068.44
916.428	45002.43
916.731	42876.39
917.034	40712.50
917.337	38588.94
917.640	36792.48
917.943	35176.16
918.246	33659.31
918.549	32374.21
918.852	31427.37
919.155	30811.78
919.458	30395.60
919.760	30195.05
920.063	30175.29
920.366	30249.13
920.668	30639.86
920.971	31021.17
921.273	31501.89
921.576	32100.03
921.878	32563.81
922.180	33095.96
922.482	33649.25
922.784	34079.91
923.087	34615.74
923.389	34942.04
923.691	35101.75
923.992	35238.21
924.294	35321.43
924.596	35169.64
924.898	34817.95
925.200	34387.06
925.501	33834.67
925.803	33131.73
926.104	32376.23
926.406	31431.88
926.707	30497.45
927.009	29494.58
927.310	28260.63
927.611	27089.81
927.912	25984.74
928.214	24827.15
928.515	23711.86
928.816	22697.57
929.117	21704.65
929.418	20787.08
929.719	19857.62
930.019	19021.79
930.320	18240.43
930.621	17500.49
930.922	16817.78
931.222	16181.43
931.523	15670.77
931.823	15215.89
932.124	14735.21
932.424	14261.42
932.724	13870.55
933.025	13504.95
933.325	13239.63
933.625	13028.17
933.925	12912.96
934.225	12897.91
934.525	12994.68
934.825	13252.46
935.125	13630.61
935.425	14102.31
935.724	14716.10
936.024	15496.22
936.324	16400.97
936.623	17437.83
936.923	18572.17
937.222	19878.82
937.522	21504.97
937.821	23329.94
938.120	25201.27
938.420	27350.32
938.719	29744.21
939.018	32105.58
939.317	34630.63
939.616	37157.10
939.915	39709.77
940.214	42347.91
940.513	44827.59
940.812	47120.25
941.111	49358.50
941.409	51184.53
941.708	52812.74
942.006	54179.81
942.305	55278.77
942.603	56132.87
942.902	56843.35
943.200	57388.81
943.499	57877.87
943.797	58136.10
944.095	58166.01
944.393	58112.46
944.691	57992.70
944.989	57731.55
945.287	57472.87
945.585	57115.43
945.883	56716.73
946.181	56450.60
946.479	56210.31
946.776	55944.16
947.074	55712.03
947.371	55597.59
947.669	55581.11
947.966	55637.72
948.264	55570.95
948.561	55531.28
948.858	55556.22
949.156	55593.73
949.453	55536.67
949.750	55573.88
950.047	55658.36
950.344	55800.79
950.641	55924.45
950.938	56123.63
951.235	56322.22
951.532	56518.91
951.828	56664.24
952.125	56694.17
952.422	56709.49
952.718	56628.99
953.015	56381.54
953.311	56039.21
953.607	55634.48
953.904	55132.22
954.200	54548.10
954.496	53827.76
954.792	53198.96
955.089	52545.58
955.385	51900.30
955.681	51202.27
955.976	50481.03
956.272	49713.40
956.568	49048.25
956.864	48433.96
957.160	47842.52
957.455	47508.96
957.751	47365.62
958.046	47242.25
958.342	47366.22
958.637	47787.15
958.933	48394.54
959.228	49234.77
959.523	50032.83
959.818	50844.11
960.114	51946.42
960.409	53112.50
960.704	54112.39
960.999	54900.83
961.294	55511.94
961.588	56053.21
961.883	56537.01
962.178	56760.63
962.473	56938.13
962.767	57144.85
963.062	57395.88
963.356	57754.79
963.651	58073.27
963.945	58344.50
964.239	58598.03
964.534	58736.28
964.828	58682.67
965.122	58456.84
965.416	58042.34
965.710	57456.49
966.004	56718.26
966.298	55795.15
966.592	54721.80
966.886	53477.22
967.180	51971.36
967.473	50215.71
967.767	48158.27
968.061	45855.41
968.354	43421.08
968.648	40779.14
968.941	37993.15
969.234	35319.43
969.528	32707.76
969.821	30222.75
970.114	27893.75
970.407	25694.46
970.700	23572.89
970.993	21599.52
971.286	19685.61
971.579	17786.72
971.872	15989.25
972.165	14236.80
972.457	12522.27
972.750	10967.76
973.043	9519.16
973.335	8167.06
973.628	6975.03
973.920	5922.26
974.213	5007.63
974.505	4282.29
974.797	3685.76
975.089	3234.12
975.382	2911.28
975.674	2703.93
975.966	2615.75
976.258	2618.45
976.550	2682.36
976.841	2818.99
977.133	3000.19
977.425	3206.30
977.717	3455.68
978.008	3722.52
978.300	3989.02
978.591	4259.43
978.883	4538.93
979.174	4826.71
979.465	5135.81
979.757	5456.05
980.048	5766.49
980.339	6087.68
980.630	6414.61
980.921	6699.60
981.212	6952.58
981.503	7158.76
981.794	7289.64
982.085	7371.89
982.376	7409.02
982.666	7407.16
982.957	7387.55
983.248	7331.23
983.538	7244.79
983.828	7139.72
984.119	6991.10
984.409	6809.95
984.700	6593.00
984.990	6337.66
985.280	6071.50
985.570	5793.00
985.860	5516.53
986.150	5274.59
986.440	5029.39
986.730	4768.74
987.020	4510.74
987.309	4253.76
987.599	3999.38
987.889	3731.26
988.178	3454.74
988.468	3197.43
988.757	2961.64
989.047	2746.69
989.336	2547.08
989.625	2362.88
989.915	2210.60
990.204	2074.40
990.493	1943.45
990.782	1833.62
991.071	1728.15
991.360	1630.70
991.649	1546.62
991.938	1465.87
992.226	1389.57
992.515	1321.63
992.804	1254.56
993.092	1196.72
993.381	1143.20
993.669	1092.96
993.958	1049.97
994.246	1014.72
994.534	988.66
994.823	960.07
995.111	934.88
995.399	913.28
995.687	890.10
995.975	865.47
996.263	838.60
996.551	811.05
996.839	798.43
997.126	786.58
997.414	771.06
997.702	761.39
997.989	754.76
998.277	754.39
998.564	744.58
998.852	720.57
999.139	697.47
999.426	675.57
999.713	656.64
1000.001	631.10
1000.288	598.38
1000.575	571.93
1000.862	551.88
1001.149	535.22
1001.436	514.52
1001.722	489.37
1002.009	475.49
1002.296	467.06
1002.582	456.99
1002.869	442.61
1003.156	435.33
1003.442	434.00
1003.728	432.74
1004.015	427.05
1004.301	416.56
1004.587	407.83
1004.873	409.77
1005.160	403.49
1005.446	399.54
1005.732	399.46
1006.017	395.12
1006.303	399.20
1006.589	398.72
1006.875	395.83
1007.161	398.40
1007.446	395.88
1007.732	392.92
1008.017	392.31
1008.303	388.99
1008.588	393.64
1008.873	392.95
1009.159	386.06
1009.444	382.63
1009.729	378.01
1010.014	373.91
1010.299	368.49
1010.584	363.11
1010.869	359.79
1011.154	363.89
1011.439	363.42
1011.723	361.57
1012.008	364.76
1012.293	363.53
1012.577	359.69
1012.862	357.02
1013.146	347.54
1013.430	335.86
1013.715	327.78
1013.999	321.97
1014.283	318.47
1014.567	311.30
1014.851	308.42
1015.135	302.72
1015.419	305.57
1015.703	311.30
1015.987	305.75
1016.271	304.12
1016.555	305.47
1016.838	303.31
1017.122	306.13
1017.405	305.25
1017.689	297.79
1017.972	296.69
1018.256	295.33
1018.539	299.97
1018.822	299.33
1019.105	300.65
1019.388	298.16
1019.671	297.35
1019.954	301.41
1020.237	303.59
1020.520	300.54
1020.803	284.89
1021.086	249.18
1021.368	186.25
1021.651	88.20
1021.934	-52.24
1022.216	-241.76
