339.735	49.13
340.108	30.74
340.482	5.88
340.855	-16.79
341.228	-23.48
341.602	-30.31
341.975	-27.00
342.348	-32.84
342.721	-31.19
343.094	-18.56
343.468	-12.27
343.841	-1.86
344.214	11.48
344.587	19.12
344.960	27.39
345.333	30.78
345.706	32.21
346.079	40.71
346.452	40.50
346.824	45.26
347.197	55.48
347.570	66.03
347.943	79.20
348.316	91.04
348.688	105.15
349.061	115.48
349.434	120.58
349.806	124.98
350.179	127.21
350.552	129.88
350.924	129.38
351.297	126.11
351.669	133.13
352.042	135.57
352.414	138.43
352.787	147.01
353.159	142.59
353.531	142.53
353.904	145.19
354.276	145.05
354.648	146.50
355.020	146.48
355.393	140.70
355.765	146.26
356.137	148.24
356.509	151.39
356.881	149.75
357.253	149.38
357.625	145.27
357.997	151.86
358.369	163.62
358.741	165.01
359.113	161.09
359.485	166.27
359.857	173.87
360.229	174.16
360.600	167.42
360.972	156.96
361.344	159.94
361.716	155.72
362.087	152.08
362.459	147.41
362.831	145.06
363.202	144.35
363.574	140.84
363.945	131.81
364.317	134.53
364.688	134.78
365.060	131.82
365.431	133.19
365.803	133.54
366.174	130.25
366.545	132.17
366.917	134.29
367.288	136.54
367.659	134.58
368.030	143.49
368.402	144.49
368.773	146.18
369.144	150.01
369.515	146.96
369.886	143.07
370.257	145.98
370.628	136.92
370.999	132.68
371.370	131.32
371.741	131.60
372.112	137.41
372.483	144.32
372.853	142.50
373.224	148.51
373.595	154.12
373.966	165.63
374.336	186.41
374.707	186.42
375.078	186.73
375.448	190.87
375.819	185.89
376.190	182.06
376.560	172.66
376.931	153.00
377.301	149.82
377.671	141.56
378.042	140.77
378.412	146.26
378.783	149.90
379.153	154.51
379.523	152.66
379.893	152.69
380.264	157.15
380.634	160.84
381.004	154.97
381.374	155.07
381.744	152.77
382.114	159.34
382.484	168.15
382.854	164.57
383.224	161.37
383.594	170.90
383.964	168.64
384.334	166.94
384.704	166.47
385.074	157.65
385.444	165.24
385.814	166.49
386.183	158.02
386.553	164.30
386.923	168.83
387.292	162.56
387.662	160.90
388.032	158.47
388.401	155.80
388.771	156.66
389.140	152.53
389.510	147.06
389.879	147.86
390.248	150.47
390.618	146.69
390.987	151.43
391.356	158.69
391.726	156.65
392.095	161.00
392.464	160.82
392.833	157.95
393.203	162.71
393.572	159.60
393.941	146.37
394.310	151.53
394.679	150.60
395.048	151.75
395.417	181.23
395.786	175.47
396.155	176.48
396.524	182.67
396.893	183.88
397.261	184.95
397.630	191.84
397.999	179.09
398.368	182.00
398.736	174.55
399.105	170.97
399.474	165.66
399.842	166.65
400.211	160.30
400.579	149.98
400.948	150.81
401.317	155.30
401.685	157.37
402.053	163.77
402.422	165.37
402.790	168.01
403.158	165.99
403.527	168.15
403.895	167.42
404.263	171.11
404.632	168.08
405.000	159.87
405.368	160.92
405.736	158.57
406.104	156.90
406.472	168.97
406.840	165.83
407.208	167.36
407.576	172.35
407.944	167.90
408.312	169.78
408.680	166.82
409.048	158.15
409.415	161.33
409.783	160.13
410.151	162.13
410.519	164.92
410.886	159.58
411.254	163.14
411.622	160.94
411.989	157.67
412.357	151.29
412.724	146.39
413.092	149.27
413.459	155.23
413.827	153.38
414.194	158.17
414.561	161.91
414.929	168.25
415.296	172.30
415.663	164.85
416.030	165.42
416.398	162.93
416.765	156.61
417.132	153.77
417.499	155.66
417.866	150.83
418.233	146.29
418.600	139.86
418.967	139.50
419.334	144.05
419.701	138.29
420.068	131.47
420.435	141.64
420.802	151.31
421.168	152.17
421.535	154.87
421.902	147.34
422.269	151.44
422.635	153.80
423.002	149.36
423.369	148.15
423.735	155.70
424.102	148.93
424.468	153.10
424.835	157.46
425.201	159.82
425.567	157.66
425.934	159.11
426.300	158.57
426.667	162.02
427.033	159.95
427.399	156.56
427.765	153.84
428.131	155.35
428.498	153.19
428.864	153.85
429.230	162.63
429.596	170.76
429.962	176.70
430.328	187.35
430.694	190.62
431.060	190.21
431.426	186.45
431.792	183.01
432.157	181.64
432.523	182.09
432.889	173.94
433.255	171.67
433.620	170.84
433.986	173.61
434.352	172.33
434.717	165.41
435.083	159.18
435.448	158.47
435.814	157.37
436.179	158.79
436.545	160.22
436.910	161.79
437.276	169.80
437.641	176.62
438.006	178.52
438.372	183.58
438.737	183.17
439.102	181.13
439.467	183.53
439.832	184.79
440.197	179.77
440.563	186.06
440.928	187.60
441.293	191.98
441.658	193.55
442.023	197.02
442.387	195.62
442.752	195.49
443.117	191.87
443.482	187.35
443.847	193.76
444.212	195.22
444.576	191.66
444.941	196.27
445.306	202.67
445.670	206.73
446.035	210.13
446.399	206.77
446.764	212.03
447.128	218.25
447.493	221.48
447.857	225.49
448.222	223.80
448.586	227.82
448.950	224.42
449.315	223.68
449.679	227.03
450.043	228.89
450.407	228.46
450.772	236.13
451.136	238.16
451.500	248.54
451.864	253.94
452.228	249.98
452.592	249.21
452.956	253.59
453.320	252.14
453.684	254.68
454.047	251.28
454.411	249.34
454.775	254.13
455.139	254.68
455.503	253.75
455.866	250.43
456.230	246.29
456.594	247.94
456.957	246.16
457.321	241.68
457.684	237.02
458.048	234.23
458.411	233.07
458.775	230.69
459.138	233.23
459.501	230.46
459.865	225.08
460.228	229.27
460.591	223.66
460.955	225.26
461.318	226.26
461.681	213.55
462.044	219.50
462.407	222.18
462.770	216.50
463.133	222.66
463.496	217.39
463.859	211.30
464.222	215.87
464.585	212.76
464.948	212.66
465.311	215.51
465.674	212.10
466.036	212.62
466.399	215.57
466.762	212.38
467.124	209.81
467.487	211.79
467.850	211.81
468.212	212.48
468.575	215.22
468.937	214.81
469.300	221.22
469.662	228.86
470.024	225.26
470.387	224.37
470.749	220.28
471.111	214.69
471.474	213.20
471.836	208.84
472.198	203.29
472.560	208.96
472.922	210.71
473.284	218.77
473.646	224.29
474.008	223.62
474.370	223.28
474.732	222.43
475.094	217.04
475.456	210.98
475.818	202.67
476.180	202.93
476.542	205.61
476.903	206.02
477.265	202.04
477.627	199.47
477.988	202.12
478.350	206.16
478.711	203.18
479.073	206.52
479.435	211.70
479.796	214.76
480.157	221.27
480.519	221.60
480.880	219.61
481.241	225.46
481.603	225.68
481.964	220.68
482.325	223.51
482.686	222.04
483.048	220.48
483.409	221.63
483.770	217.43
484.131	213.61
484.492	215.54
484.853	216.08
485.214	218.21
485.575	222.76
485.936	225.97
486.296	229.71
486.657	234.81
487.018	237.80
487.379	240.17
487.739	244.81
488.100	243.25
488.461	247.47
488.821	259.57
489.182	260.05
489.542	260.36
489.903	256.88
490.263	253.21
490.624	254.40
490.984	251.01
491.345	239.00
491.705	237.58
492.065	240.39
492.425	244.00
492.786	247.63
493.146	248.77
493.506	252.83
493.866	257.45
494.226	261.85
494.586	259.83
494.946	264.16
495.306	268.85
495.666	270.65
496.026	269.78
496.386	266.04
496.746	267.63
497.106	270.81
497.465	269.28
497.825	260.87
498.185	261.77
498.544	262.75
498.904	266.78
499.264	268.88
499.623	275.06
499.983	281.27
500.342	285.48
500.702	290.73
501.061	294.65
501.420	293.77
501.780	290.31
502.139	287.43
502.498	286.28
502.858	286.71
503.217	288.53
503.576	285.38
503.935	285.12
504.294	282.87
504.653	277.08
505.012	272.91
505.371	280.04
505.730	269.24
506.089	270.08
506.448	276.71
506.807	284.09
507.166	289.00
507.524	291.72
507.883	283.33
508.242	292.54
508.601	303.11
508.959	298.13
509.318	295.84
509.676	300.44
510.035	298.95
510.393	306.37
510.752	309.80
511.110	302.25
511.469	305.70
511.827	313.98
512.185	319.15
512.544	324.83
512.902	321.68
513.260	319.02
513.618	325.15
513.976	326.21
514.334	328.78
514.692	328.17
515.050	329.06
515.408	333.84
515.766	336.43
516.124	335.89
516.482	345.67
516.840	346.12
517.198	351.43
517.556	355.80
517.913	358.62
518.271	362.93
518.629	369.75
518.986	373.86
519.344	377.98
519.701	374.95
520.059	373.04
520.416	376.47
520.774	386.14
521.131	388.61
521.489	385.13
521.846	387.28
522.203	392.41
522.561	397.67
522.918	406.15
523.275	410.47
523.632	419.68
523.989	425.17
524.346	427.97
524.703	434.59
525.060	440.85
525.417	441.81
525.774	436.01
526.131	428.19
526.488	430.12
526.845	428.15
527.202	423.64
527.559	428.89
527.915	431.87
528.272	431.95
528.629	431.35
528.985	432.51
529.342	438.71
529.698	437.41
530.055	429.03
530.411	430.69
530.768	437.41
531.124	438.61
531.480	435.87
531.837	433.27
532.193	440.95
532.549	447.26
532.906	440.60
533.262	437.23
533.618	440.61
533.974	448.26
534.330	453.30
534.686	449.35
535.042	454.20
535.398	464.20
535.754	468.64
536.110	467.37
536.466	464.53
536.821	461.33
537.177	462.41
537.533	455.63
537.889	447.73
538.244	448.00
538.600	451.70
538.955	453.19
539.311	453.13
539.667	454.30
540.022	451.99
540.377	453.28
540.733	455.76
541.088	454.76
541.444	453.89
541.799	455.61
542.154	458.74
542.509	466.73
542.864	469.23
543.220	469.40
543.575	473.90
543.930	475.41
544.285	474.26
544.640	471.59
544.995	472.49
545.350	473.88
545.705	473.55
546.059	474.78
546.414	480.08
546.769	487.83
547.124	492.84
547.478	492.21
547.833	493.15
548.188	499.57
548.542	499.51
548.897	498.38
549.251	495.98
549.606	490.55
549.960	492.27
550.315	494.70
550.669	484.99
551.023	485.43
551.378	486.62
551.732	488.69
552.086	497.17
552.440	498.93
552.794	499.61
553.148	504.34
553.502	504.80
553.856	508.68
554.210	504.09
554.564	516.14
554.918	542.53
555.272	541.70
555.626	545.05
555.980	547.11
556.334	542.14
556.687	548.90
557.041	538.15
557.395	516.78
557.748	526.65
558.102	528.66
558.455	531.89
558.809	539.71
559.162	541.95
559.516	545.49
559.869	552.75
560.222	547.01
560.576	546.49
560.929	550.08
561.282	550.41
561.635	558.00
561.988	562.09
562.342	558.79
562.695	560.69
563.048	564.64
563.401	568.27
563.754	575.62
564.107	574.47
564.459	573.13
564.812	580.40
565.165	591.09
565.518	597.72
565.871	595.67
566.223	595.11
566.576	603.97
566.929	609.64
567.281	600.05
567.634	598.82
567.986	601.12
568.339	606.20
568.691	613.30
569.044	608.45
569.396	608.63
569.748	624.88
570.100	633.88
570.453	636.09
570.805	636.33
571.157	626.92
571.509	630.67
571.861	638.82
572.213	632.99
572.565	628.24
572.917	632.68
573.269	636.74
573.621	643.14
573.973	644.03
574.325	636.80
574.677	636.05
575.028	637.01
575.380	632.24
575.732	630.99
576.083	631.68
576.435	630.42
576.786	629.96
577.138	635.31
577.489	645.19
577.841	648.63
578.192	649.38
578.543	654.52
578.895	654.14
579.246	654.63
579.597	651.23
579.948	642.09
580.300	639.14
580.651	636.21
581.002	629.06
581.353	622.01
581.704	615.31
582.055	614.60
582.406	616.48
582.757	617.49
583.107	618.52
583.458	616.83
583.809	623.77
584.160	634.10
584.510	633.79
584.861	625.78
585.212	621.87
585.562	620.40
585.913	624.98
586.263	624.56
586.614	619.52
586.964	615.88
587.315	615.45
587.665	611.58
588.015	607.08
588.365	595.96
588.716	587.82
589.066	589.61
589.416	597.84
589.766	600.83
590.116	606.07
590.466	606.37
590.816	610.84
591.166	617.23
591.516	612.73
591.866	605.82
592.216	605.10
592.566	600.91
592.915	606.44
593.265	609.34
593.615	605.54
593.964	605.77
594.314	607.98
594.663	609.81
595.013	613.92
595.362	608.18
595.712	605.51
596.061	615.19
596.411	618.44
596.760	614.09
597.109	606.52
597.458	597.54
597.808	600.50
598.157	604.13
598.506	598.42
598.855	594.97
599.204	597.34
599.553	599.71
599.902	603.39
600.251	597.70
600.600	591.67
600.949	589.80
601.297	590.56
601.646	587.48
601.995	589.69
602.344	592.02
602.692	594.22
603.041	593.74
603.389	593.62
603.738	592.19
604.086	592.42
604.435	589.57
604.783	581.89
605.132	583.58
605.480	585.03
605.828	585.97
606.177	591.30
606.525	593.05
606.873	591.50
607.221	599.21
607.569	605.19
607.917	604.35
608.265	597.14
608.613	590.34
608.961	583.61
609.309	583.71
609.657	582.42
610.005	573.78
610.352	572.91
610.700	577.57
611.048	572.44
611.395	571.82
611.743	574.73
612.091	568.01
612.438	565.89
612.786	565.95
613.133	567.54
613.480	568.95
613.828	567.19
614.175	563.18
614.522	569.45
614.870	576.44
615.217	573.06
615.564	564.06
615.911	578.03
616.258	593.66
616.605	592.67
616.952	586.88
617.299	582.75
617.646	584.96
617.993	592.07
618.340	584.97
618.687	573.70
619.033	573.40
619.380	575.94
619.727	573.50
620.073	571.09
620.420	571.13
620.767	570.30
621.113	567.36
621.459	570.46
621.806	572.02
622.152	574.10
622.499	581.36
622.845	582.97
623.191	580.62
623.537	581.35
623.884	574.47
624.230	569.27
624.576	572.06
624.922	565.89
625.268	559.62
625.614	557.59
625.960	547.88
626.306	545.51
626.652	548.13
626.998	538.72
627.343	537.05
627.689	540.39
628.035	539.23
628.380	546.13
628.726	545.99
629.072	546.91
629.417	555.44
629.763	554.54
630.108	549.83
630.453	544.54
630.799	537.92
631.144	537.82
631.489	528.92
631.835	512.97
632.180	503.54
632.525	498.69
632.870	498.00
633.215	495.00
633.560	489.50
633.905	494.81
634.250	502.51
634.595	502.06
634.940	492.85
635.285	483.91
635.630	481.00
635.974	475.60
636.319	462.04
636.664	448.51
637.008	440.30
637.353	441.70
637.698	444.45
638.042	444.59
638.387	447.57
638.731	447.31
639.075	449.22
639.420	453.83
639.764	453.79
640.108	450.88
640.452	445.39
640.797	442.13
641.141	449.34
641.485	451.58
641.829	448.42
642.173	448.42
642.517	449.77
642.861	451.01
643.205	447.28
643.549	440.20
643.892	434.32
644.236	430.84
644.580	425.62
644.923	423.54
645.267	425.16
645.611	424.20
645.954	421.15
646.298	425.47
646.641	428.93
646.985	428.96
647.328	427.64
647.671	422.26
648.015	420.96
648.358	422.29
648.701	419.50
649.044	413.16
649.387	410.25
649.731	408.24
650.074	407.90
650.417	406.07
650.760	400.05
651.102	396.01
651.445	398.54
651.788	393.79
652.131	385.76
652.474	383.68
652.816	386.20
653.159	384.77
653.502	380.16
653.844	376.23
654.187	377.47
654.529	380.54
654.872	378.18
655.214	374.87
655.557	373.92
655.899	373.88
656.241	369.37
656.583	366.77
656.926	367.54
657.268	370.10
657.610	365.94
657.952	360.10
658.294	359.05
658.636	359.16
658.978	361.12
659.320	359.66
659.662	355.36
660.004	358.73
660.345	362.65
660.687	357.46
661.029	357.90
661.371	351.92
661.712	342.71
662.054	344.17
662.395	341.82
662.737	342.24
663.078	351.55
663.420	350.71
663.761	349.63
664.102	351.86
664.444	348.50
664.785	349.95
665.126	347.89
665.467	339.98
665.808	342.39
666.149	349.26
666.490	348.02
666.831	344.80
667.172	339.49
667.513	335.37
667.854	338.47
668.195	333.67
668.535	322.19
668.876	323.03
669.217	326.54
669.557	326.21
669.898	329.09
670.239	325.25
670.579	333.77
670.920	352.96
671.260	355.72
671.600	352.68
671.941	350.17
672.281	347.67
672.621	344.36
672.961	331.94
673.302	318.44
673.642	314.10
673.982	310.25
674.322	313.48
674.662	317.71
675.002	311.53
675.342	323.30
675.682	332.54
676.021	328.46
676.361	333.22
676.701	327.24
677.041	316.69
677.380	324.31
677.720	317.94
678.059	303.77
678.399	305.08
678.738	297.64
679.078	296.99
679.417	303.46
679.756	301.36
680.096	294.09
680.435	290.00
680.774	290.59
681.113	295.69
681.453	297.46
681.792	296.23
682.131	297.63
682.470	299.39
682.809	303.91
683.148	304.99
683.486	300.43
683.825	296.66
684.164	292.96
684.503	289.65
684.841	289.40
685.180	285.97
685.519	279.31
685.857	278.26
686.196	275.56
686.534	271.73
686.873	267.70
687.211	258.06
687.549	255.57
687.888	260.08
688.226	260.34
688.564	262.80
688.902	266.58
689.240	268.99
689.578	273.63
689.917	275.48
690.255	268.18
690.592	279.35
690.930	293.15
691.268	288.57
691.606	287.75
691.944	290.90
692.282	289.25
692.619	292.24
692.957	276.46
693.294	254.93
693.632	256.64
693.970	261.55
694.307	259.53
694.644	260.83
694.982	260.50
695.319	261.77
695.656	268.98
695.994	265.39
696.331	261.27
696.668	260.90
697.005	253.65
697.342	250.99
697.679	253.07
698.016	248.72
698.353	244.97
698.690	237.76
699.027	233.41
699.364	235.80
699.700	234.86
700.037	228.58
700.374	225.41
700.710	226.04
701.047	224.37
701.384	222.49
701.720	222.28
702.057	224.26
702.393	229.84
702.729	229.66
703.066	234.45
703.402	241.36
703.738	239.14
704.074	239.44
704.410	240.99
704.747	236.44
705.083	232.38
705.419	221.31
705.755	208.77
706.091	207.42
706.426	203.61
706.762	197.82
707.098	194.98
707.434	202.61
707.769	209.51
708.105	216.42
708.441	225.94
708.776	228.71
709.112	230.30
709.447	232.63
709.783	224.56
710.118	219.82
710.453	223.36
710.789	219.52
711.124	215.65
711.459	213.40
711.794	216.23
712.129	224.62
712.464	229.21
712.799	225.04
713.134	220.10
713.469	222.44
713.804	222.92
714.139	219.86
714.474	218.63
714.809	215.63
715.143	215.60
715.478	217.23
715.813	215.94
716.147	211.28
716.482	208.38
716.816	207.22
717.151	203.98
717.485	205.36
717.819	206.53
718.154	204.30
718.488	209.49
718.822	209.70
719.156	205.27
719.491	206.24
719.825	200.92
720.159	201.42
720.493	202.17
720.827	202.78
721.161	207.48
721.494	209.81
721.828	216.58
722.162	216.54
722.496	214.43
722.829	218.61
723.163	215.31
723.497	209.34
723.830	210.06
724.164	209.82
724.497	211.14
724.830	213.14
725.164	213.61
725.497	213.65
725.830	221.57
726.164	225.41
726.497	215.13
726.830	213.30
727.163	210.91
727.496	203.66
727.829	204.68
728.162	198.73
728.495	187.03
728.828	190.78
729.160	193.99
729.493	195.12
729.826	197.98
730.159	199.82
730.491	205.95
730.824	213.71
731.156	221.20
731.489	228.09
731.821	227.80
732.154	230.46
732.486	221.12
732.818	213.75
733.151	217.21
733.483	215.70
733.815	206.82
734.147	203.51
734.479	204.27
734.811	212.55
735.143	213.07
735.475	202.02
735.807	196.55
736.139	195.39
736.471	199.06
736.803	201.28
737.134	196.07
737.466	194.19
737.798	203.58
738.129	206.05
738.461	210.19
738.792	209.39
739.124	201.58
739.455	199.98
739.786	199.52
740.118	198.37
740.449	197.21
740.780	194.09
741.111	197.22
741.442	204.06
741.773	213.96
742.104	214.81
742.435	214.79
742.766	215.43
743.097	214.49
743.428	210.04
743.759	209.47
744.090	209.54
744.420	214.12
744.751	214.30
745.081	216.40
745.412	220.01
745.743	216.10
746.073	218.78
746.403	219.78
746.734	215.19
747.064	212.47
747.394	206.60
747.725	202.35
748.055	210.08
748.385	202.90
748.715	192.61
749.045	191.71
749.375	191.72
749.705	197.12
750.035	203.05
750.365	201.72
750.695	197.01
751.024	202.23
751.354	203.68
751.684	200.97
752.013	199.94
752.343	196.44
752.673	194.63
753.002	203.13
753.331	203.47
753.661	204.05
753.990	205.77
754.320	202.78
754.649	196.85
754.978	190.53
755.307	187.65
755.636	185.99
755.965	185.87
756.294	186.48
756.623	187.10
756.952	190.19
757.281	197.88
757.610	196.56
757.939	199.39
758.267	198.54
758.596	196.10
758.925	196.91
759.253	197.21
759.582	198.76
759.910	200.04
760.239	195.24
760.567	194.15
760.896	197.54
761.224	194.04
761.552	198.46
761.881	197.16
762.209	195.20
762.537	200.96
762.865	201.91
763.193	201.75
763.521	205.92
763.849	202.13
764.177	202.23
764.505	206.49
764.832	203.80
765.160	207.24
765.488	210.38
765.815	208.08
766.143	209.29
766.471	207.11
766.798	203.45
767.126	197.59
767.453	194.65
767.780	191.63
768.108	199.82
768.435	202.94
768.762	203.78
769.089	205.53
769.417	212.87
769.744	210.62
770.071	207.32
770.398	200.63
770.725	198.93
771.052	200.05
771.378	204.53
771.705	202.42
772.032	204.84
772.359	210.88
772.685	212.41
773.012	215.34
773.338	210.85
773.665	205.27
773.991	209.12
774.318	209.34
774.644	203.65
774.971	201.64
775.297	199.30
775.623	201.52
775.949	204.54
776.275	202.23
776.601	204.88
776.927	210.65
777.253	214.23
777.579	214.62
777.905	217.48
778.231	216.45
778.557	216.31
778.883	218.66
779.208	218.21
779.534	215.11
779.860	217.82
780.185	218.25
780.511	216.94
780.836	217.25
781.162	210.70
781.487	207.14
781.812	213.79
782.138	214.88
782.463	213.61
782.788	212.91
783.113	207.80
783.438	212.84
783.763	216.82
784.088	215.78
784.413	218.66
784.738	221.51
785.063	220.69
785.388	226.61
785.712	226.18
786.037	228.36
786.362	233.36
786.686	235.04
787.011	229.84
787.335	233.91
787.660	234.19
787.984	228.79
788.308	226.27
788.633	219.58
788.957	213.03
789.281	216.46
789.605	216.85
789.930	214.06
790.254	219.73
790.578	223.06
790.902	222.70
791.225	217.76
791.549	224.34
791.873	222.22
792.197	224.26
792.521	226.51
792.844	221.73
793.168	221.70
793.492	226.87
793.815	221.08
794.139	220.34
794.462	216.49
794.785	211.65
795.109	208.92
795.432	204.98
795.755	205.49
796.078	206.98
796.401	214.94
796.725	221.07
797.048	228.33
797.371	228.18
797.694	234.71
798.016	230.73
798.339	226.79
798.662	223.92
798.985	220.93
799.308	217.62
799.630	219.80
799.953	216.70
800.275	221.26
800.598	224.67
800.920	224.07
801.243	230.36
801.565	234.50
801.887	238.52
802.210	241.55
802.532	240.64
802.854	239.07
803.176	237.71
803.498	231.09
803.820	234.77
804.142	239.63
804.464	238.93
804.786	243.21
805.108	243.10
805.429	246.51
805.751	247.97
806.073	236.35
806.394	229.86
806.716	230.30
807.038	230.40
807.359	237.21
807.680	230.60
808.002	228.85
808.323	229.73
808.644	233.09
808.966	235.00
809.287	231.44
809.608	226.67
809.929	234.17
810.250	233.60
810.571	238.84
810.892	240.16
811.213	234.29
811.534	240.01
811.854	242.23
812.175	238.35
812.496	243.62
812.816	242.27
813.137	239.27
813.458	245.53
813.778	242.23
814.098	239.51
814.419	246.55
814.739	247.57
815.059	250.14
815.380	253.52
815.700	252.51
816.020	255.61
816.340	260.60
816.660	259.69
816.980	262.35
817.300	266.23
817.620	271.48
817.940	273.68
818.260	272.94
818.579	277.41
818.899	280.32
819.219	278.78
819.538	279.50
819.858	276.27
820.177	273.69
820.497	274.12
820.816	268.32
821.135	263.27
821.455	264.71
821.774	260.58
822.093	262.17
822.412	268.33
822.731	266.28
823.050	267.18
823.369	277.04
823.688	282.70
824.007	292.87
824.326	300.67
824.645	312.15
824.963	330.29
825.282	365.60
825.601	383.71
825.919	394.68
826.238	406.72
826.556	420.71
826.875	427.79
827.193	437.34
827.511	430.33
827.830	434.53
828.148	453.35
828.466	466.63
828.784	477.61
829.102	493.32
829.420	506.44
829.738	520.31
830.056	534.95
830.374	545.67
830.692	561.85
831.010	573.60
831.327	593.96
831.645	618.62
831.963	637.71
832.280	647.61
832.598	667.26
832.915	684.44
833.233	713.80
833.550	730.78
833.867	746.14
834.185	775.79
834.502	813.67
834.819	839.92
835.136	865.49
835.453	884.09
835.770	899.28
836.087	911.36
836.404	916.16
836.721	913.36
837.038	915.03
837.355	916.76
837.671	919.87
837.988	918.27
838.305	910.33
838.621	900.83
838.938	900.47
839.254	898.44
839.571	886.71
839.887	868.22
840.203	863.60
840.520	862.63
840.836	857.27
841.152	860.32
841.468	856.87
841.784	859.28
842.100	869.81
842.416	880.80
842.732	893.23
843.048	912.97
843.364	921.77
843.679	948.32
843.995	973.13
844.311	984.48
844.626	989.67
844.942	999.53
845.257	1004.02
845.573	1000.37
845.888	988.23
846.203	979.22
846.519	973.50
846.834	966.63
847.149	953.84
847.464	939.44
847.779	929.15
848.094	906.08
848.409	877.11
848.724	851.64
849.039	821.59
849.354	791.40
849.669	762.49
849.983	725.53
850.298	690.51
850.613	667.48
850.927	649.30
851.242	628.88
851.556	611.77
851.871	603.21
852.185	601.34
852.499	611.67
852.814	628.20
853.128	658.49
853.442	713.15
853.756	774.53
854.070	847.04
854.384	955.00
854.698	1082.07
855.012	1229.28
855.326	1391.49
855.640	1563.16
855.953	1770.38
856.267	1998.03
856.581	2226.63
856.894	2473.98
857.208	2736.00
857.521	2988.77
857.835	3262.00
858.148	3518.08
858.461	3760.22
858.775	4003.46
859.088	4221.48
859.401	4421.92
859.714	4612.86
860.027	4776.35
860.340	4924.86
860.653	5077.14
860.966	5195.11
861.279	5304.56
861.592	5391.65
861.904	5464.62
862.217	5525.07
862.530	5565.43
862.842	5568.57
863.155	5573.62
863.467	5575.23
863.780	5544.43
864.092	5497.52
864.405	5457.61
864.717	5394.26
865.029	5333.77
865.341	5246.35
865.653	5155.56
865.966	5089.92
866.278	5022.90
866.589	4947.05
866.901	4886.26
867.213	4829.93
867.525	4830.11
867.837	4819.75
868.149	4813.97
868.460	4845.01
868.772	4882.16
869.083	4932.48
869.395	4998.46
869.706	5037.74
870.018	5079.14
870.329	5099.85
870.640	5084.87
870.952	5059.73
871.263	5022.08
871.574	4944.77
871.885	4826.27
872.196	4670.47
872.507	4510.33
872.818	4321.30
873.129	4109.71
873.440	3875.41
873.750	3649.45
874.061	3449.45
874.372	3276.46
874.682	3107.98
874.993	2974.82
875.303	2879.30
875.614	2841.96
875.924	2840.96
876.235	2875.60
876.545	2979.48
876.855	3136.00
877.165	3359.26
877.475	3632.95
877.786	3977.23
878.096	4389.99
878.406	4836.58
878.715	5331.03
879.025	5924.44
879.335	6537.58
879.645	7203.75
879.955	7883.63
880.264	8575.69
880.574	9270.37
880.883	9974.92
881.193	10622.95
881.502	11278.50
881.812	11913.91
882.121	12513.30
882.430	13058.81
882.740	13640.72
883.049	14152.35
883.358	14649.65
883.667	15067.53
883.976	15528.91
884.285	15989.96
884.594	16410.53
884.903	16838.12
885.212	17327.52
885.520	17733.56
885.829	18264.07
886.138	18745.16
886.446	19222.02
886.755	19789.39
887.063	20289.86
887.372	20760.03
887.680	21361.82
887.988	21779.86
888.297	22205.30
888.605	22566.41
888.913	22844.80
889.221	23136.46
889.529	23338.51
889.837	23395.37
890.145	23480.90
890.453	23436.98
890.761	23294.79
891.069	23058.34
891.377	22654.50
891.684	22160.76
891.992	21610.60
892.299	21001.52
892.607	20297.84
892.914	19559.71
893.222	18784.50
893.529	17945.59
893.837	17118.07
894.144	16330.97
894.451	15465.09
894.758	14720.38
895.065	13966.57
895.372	13229.41
895.679	12647.90
895.986	12140.28
896.293	11633.34
896.600	11233.69
896.907	10840.23
897.213	10615.57
897.520	10516.88
897.827	10477.48
898.133	10501.58
898.440	10626.68
898.746	10862.03
899.053	11177.99
899.359	11575.44
899.665	12035.17
899.972	12541.83
900.278	13135.17
900.584	13791.73
900.890	14502.05
901.196	15326.19
901.502	16197.14
901.808	17126.55
902.114	18198.64
902.419	19365.36
902.725	20651.82
903.031	22087.80
903.337	23685.69
903.642	25414.17
903.948	27361.53
904.253	29496.81
904.559	31827.96
904.864	34346.79
905.169	37036.33
905.475	39826.29
905.780	42744.45
906.085	45683.94
906.390	48375.52
906.695	50932.37
907.000	53249.65
907.305	55338.31
907.610	57073.11
907.915	58544.22
908.219	59703.28
908.524	60788.80
908.829	61611.73
909.133	62316.23
909.438	62818.33
909.743	63207.94
910.047	63481.51
910.351	63636.71
910.656	63635.52
910.960	63571.97
911.264	63379.10
911.568	63198.60
911.873	62943.88
912.177	62543.63
912.481	62063.44
912.785	61573.53
913.088	61031.15
913.392	60452.37
913.696	59679.61
914.000	58914.42
914.304	58025.13
914.607	57067.72
914.911	55912.03
915.214	54603.21
915.518	53171.58
915.821	51576.65
916.124	49621.04
916.428	47705.95
916.731	45696.19
917.034	43577.21
917.337	41440.07
917.640	39255.44
917.943	37355.63
918.246	35701.77
918.549	34141.10
918.852	32764.90
919.155	31698.52
919.458	30986.61
919.760	30519.06
920.063	30224.05
920.366	30191.09
920.668	30176.68
920.971	30504.95
921.273	30895.72
921.576	31314.19
921.878	31915.69
922.180	32414.73
922.482	32894.16
922.784	33496.62
923.087	33914.47
923.389	34453.14
923.691	34858.19
923.992	35056.64
924.294	35188.55
924.596	35315.56
924.898	35248.40
925.200	34949.23
925.501	34536.89
925.803	34047.85
926.104	33366.11
926.406	32654.13
926.707	31760.87
927.009	30798.79
927.310	29871.03
927.611	28680.87
927.912	27473.10
928.214	26358.00
928.515	25225.12
928.816	24069.73
929.117	23045.80
929.418	22025.36
929.719	21103.40
930.019	20167.69
930.320	19295.39
930.621	18504.49
930.922	17740.10
931.222	17052.99
931.523	16381.84
931.823	15836.30
932.124	15367.82
932.424	14909.14
932.724	14408.41
933.025	14006.06
933.325	13616.44
933.625	13325.44
933.925	13092.03
934.225	12939.53
934.525	12894.30
934.825	12942.96
935.125	13147.67
935.425	13490.45
935.724	13926.99
936.024	14482.66
936.324	15215.73
936.623	16070.00
936.923	17068.83
937.222	18168.57
937.522	19395.33
937.821	20905.90
938.120	22688.24
938.420	24548.97
938.719	26545.51
939.018	28929.65
939.317	31259.22
939.616	33748.87
939.915	36278.79
940.214	38814.03
940.513	41420.61
940.812	44018.12
941.111	46296.65
941.409	48630.59
941.708	50567.47
942.006	52273.27
942.305	53725.94
942.603	54934.44
942.902	55842.10
943.200	56625.76
943.499	57196.80
943.797	57727.89
944.095	58074.06
944.393	58176.56
944.691	58127.16
944.989	58059.67
945.287	57824.96
945.585	57565.08
945.883	57264.35
946.181	56836.34
946.479	56541.16
946.776	56291.49
947.074	56050.08
947.371	55769.20
947.669	55642.49
947.966	55553.87
948.264	55644.23
948.561	55586.99
948.858	55551.16
949.156	55523.16
949.453	55610.14
949.750	55539.07
950.047	55563.16
950.344	55610.88
950.641	55758.60
950.938	55871.62
951.235	56046.26
951.532	56258.45
951.828	56439.64
952.125	56636.55
952.422	56680.16
952.718	56714.69
953.015	56668.57
953.311	56499.17
953.607	56152.33
953.904	55810.49
954.200	55297.21
954.496	54802.90
954.792	54064.71
955.089	53434.86
955.385	52770.81
955.681	52146.18
955.976	51453.56
956.272	50754.39
956.568	49985.63
956.864	49271.30
957.160	48664.25
957.455	48039.10
957.751	47591.25
958.046	47417.61
958.342	47277.51
958.637	47271.11
958.933	47620.73
959.228	48139.68
959.523	48911.05
959.818	49767.12
960.114	50511.60
960.409	51523.13
960.704	52693.28
960.999	53777.32
961.294	54628.00
961.588	55311.76
961.883	55842.12
962.178	56392.44
962.473	56701.00
962.767	56859.50
963.062	57077.44
963.356	57280.92
963.651	57624.19
963.945	57962.85
964.239	58246.79
964.534	58507.52
964.828	58711.36
965.122	58719.35
965.416	58565.01
965.710	58214.76
966.004	57695.16
966.298	57006.09
966.592	56166.86
966.886	55124.06
967.180	53977.79
967.473	52554.31
967.767	50911.34
968.061	48945.32
968.354	46750.18
968.648	44326.00
968.941	41817.41
969.234	39018.23
969.528	36313.31
969.821	33667.00
970.114	31146.66
970.407	28740.30
970.700	26519.74
970.993	24349.11
971.286	22328.39
971.579	20402.61
971.872	18496.12
972.165	16644.70
972.457	14910.83
972.750	13147.30
973.043	11535.85
973.335	10058.59
973.628	8663.04
973.920	7402.00
974.213	6312.06
974.505	5326.15
974.797	4543.90
975.089	3895.44
975.382	3387.71
975.674	3019.77
975.966	2769.40
976.258	2634.97
976.550	2610.74
976.841	2649.58
977.133	2758.40
977.425	2929.64
977.717	3123.21
978.008	3355.07
978.300	3621.54
978.591	3885.99
978.883	4155.95
979.174	4430.09
979.465	4715.19
979.757	5013.81
980.048	5335.25
980.339	5646.52
980.630	5962.17
980.921	6290.05
981.212	6598.10
981.503	6854.81
981.794	7091.35
982.085	7244.42
982.376	7346.77
982.666	7398.68
982.957	7412.71
983.248	7394.93
983.538	7361.76
983.828	7276.89
984.119	7186.80
984.409	7052.19
984.700	6884.51
984.990	6681.08
985.280	6442.12
985.570	6173.14
985.860	5906.24
986.150	5618.68
986.440	5367.09
986.730	5127.41
987.020	4871.15
987.309	4610.92
987.599	4355.32
987.889	4096.99
988.178	3841.18
988.468	3560.25
988.757	3296.59
989.047	3050.91
989.336	2829.09
989.625	2624.37
989.915	2432.39
990.204	2265.72
990.493	2129.07
990.782	1992.64
991.071	1874.81
991.360	1770.58
991.649	1666.45
991.938	1579.44
992.226	1497.49
992.515	1419.20
992.804	1347.16
993.092	1282.01
993.381	1217.01
993.669	1165.87
993.958	1110.81
994.246	1067.27
994.534	1026.85
994.823	998.89
995.111	971.91
995.399	943.80
995.687	922.21
995.975	899.41
996.263	875.61
996.551	849.55
996.839	821.68
997.126	800.83
997.414	793.53
997.702	775.91
997.989	765.26
998.277	756.66
998.564	754.13
998.852	751.02
999.139	730.90
999.426	706.12
999.713	684.69
1000.001	663.54
1000.288	643.44
1000.575	611.18
1000.862	581.64
1001.149	559.45
1001.436	541.80
1001.722	523.99
1002.009	499.36
1002.296	478.96
1002.582	471.22
1002.869	460.89
1003.156	449.25
1003.442	436.10
1003.728	435.16
1004.015	432.79
1004.301	430.73
1004.587	420.67
1004.873	410.96
1005.160	407.50
1005.446	408.76
1005.732	398.46
1006.017	401.05
1006.303	396.23
1006.589	396.59
1006.875	400.58
1007.161	396.01
1007.446	397.24
1007.732	397.95
1008.017	393.34
1008.303	392.83
1008.588	390.43
1008.873	390.29
1009.159	395.49
1009.444	388.22
1009.729	383.99
1010.014	380.16
1010.299	375.37
1010.584	371.16
1010.869	364.96
1011.154	360.86
1011.439	361.15
1011.723	365.29
1012.008	361.20
1012.293	363.49
1012.577	364.88
1012.862	361.11
1013.146	358.24
1013.430	352.74
1013.715	340.12
1013.999	330.88
1014.283	324.11
1014.567	319.84
1014.851	314.92
1015.135	308.49
1015.419	306.21
1015.703	301.90
1015.987	310.50
1016.271	308.83
1016.555	303.48
1016.838	305.43
1017.122	304.31
1017.405	304.07
1017.689	307.09
1017.972	300.88
1018.256	296.11
1018.539	296.48
1018.822	296.69
1019.105	301.39
1019.388	298.61
1019.671	300.91
1019.954	296.06
1020.237	300.00
1020.520	302.89
1020.803	302.94
1021.086	293.54
1021.368	267.38
1021.651	216.84
1021.934	134.53
1022.216	13.48
