339.735	89.92
340.108	72.82
340.482	61.42
340.855	48.33
341.228	32.08
341.602	11.85
341.975	-9.03
342.348	-21.19
342.721	-26.03
343.094	-27
343.468	-29.04
343.841	-29.9
344.214	-23.34
344.587	-13.65
344.96	0.87
345.333	11.2
345.706	14.76
346.079	24.01
346.452	34.66
346.824	36.92
347.197	42.63
347.57	42.3
347.943	46.61
348.316	56.62
348.688	65.01
349.061	75.02
349.434	89.65
349.806	94.28
350.179	103.75
350.552	113.22
350.924	117.2
351.297	127.1
351.669	127.96
352.042	128.29
352.414	133.02
352.787	137.54
353.159	141.09
353.531	145.93
353.904	148.62
354.276	151.74
354.648	156.37
355.02	159.17
355.393	157.02
355.765	152.5
356.137	147.23
356.509	144.75
356.881	139.05
357.253	134.85
357.625	130.33
357.997	130.44
358.369	127.86
358.741	130.22
359.113	132.37
359.485	154.11
359.857	156.91
360.229	162.18
360.6	168.1
360.972	178.22
361.344	185.1
361.716	181.01
362.087	154.44
362.459	153.14
362.831	148.19
363.202	147.12
363.574	141.63
363.945	134.53
364.317	132.81
364.688	139.58
365.06	140.77
365.431	141.74
365.803	141.95
366.174	141.31
366.545	141.95
366.917	143.78
367.288	141.63
367.659	137.65
368.03	136.14
368.402	128.72
368.773	130.65
369.144	130.44
369.515	130.01
369.886	131.73
370.257	130.76
370.628	130.44
370.999	133.34
371.37	130.65
371.741	134.85
372.112	135.28
372.483	140.12
372.853	144.1
373.224	146.79
373.595	148.09
373.966	143.03
374.336	140.88
374.707	140.02
375.078	140.02
375.448	161.64
375.819	166.81
376.19	173.91
376.56	179.62
376.931	180.48
377.301	183.71
377.671	179.94
378.042	156.59
378.412	152.71
378.783	146.69
379.153	153.57
379.523	156.59
379.893	151.74
380.264	152.18
380.634	154.11
381.004	148.95
381.374	144.53
381.744	142.71
382.114	137.32
382.484	142.27
382.854	145.18
383.224	145.83
383.594	150.13
383.964	153.68
384.334	149.48
384.704	156.16
385.074	155.08
385.444	154.11
385.814	153.9
386.183	152.71
386.553	154.76
386.923	154.76
387.292	148.73
387.662	156.05
388.032	149.92
388.401	148.95
388.771	150.13
389.14	152.82
389.51	157.56
389.879	158.42
390.248	150.02
390.618	151.85
390.987	148.09
391.356	155.51
391.726	153.04
392.095	147.66
392.464	145.4
392.833	144.97
393.203	147.87
393.572	149.81
393.941	141.95
394.31	141.41
394.679	144.97
395.048	149.48
395.417	154.44
395.786	159.39
396.155	156.8
396.524	183.81
396.893	182.74
397.261	181.88
397.63	174.24
397.999	173.7
398.368	172.62
398.736	176.06
399.105	163.37
399.474	164.87
399.842	160.03
400.211	164.55
400.579	159.71
400.948	156.59
401.317	154.22
401.685	139.15
402.053	138.19
402.422	144.86
402.79	143.78
403.158	143.78
403.527	144.75
403.895	151.1
404.263	157.23
404.632	158.85
405	155.3
405.368	152.07
405.736	155.08
406.104	150.88
406.472	144.53
406.84	137.43
407.208	137.32
407.576	142.17
407.944	152.82
408.312	148.95
408.68	149.05
409.048	149.7
409.415	150.56
409.783	152.82
410.151	143.57
410.519	138.29
410.886	143.67
411.254	146.04
411.622	148.19
411.989	153.04
412.357	147.55
412.724	153.14
413.092	152.71
413.459	147.87
413.827	141.41
414.194	138.72
414.561	139.15
414.929	144.43
415.296	141.09
415.663	140.45
416.03	141.95
416.398	144.21
416.765	141.09
417.132	134.74
417.499	123.77
417.866	124.41
418.233	126.46
418.6	126.78
418.967	128.39
419.334	138.62
419.701	140.77
420.068	151.42
420.435	155.62
420.802	155.3
421.168	154.87
421.535	155.94
421.902	152.71
422.269	152.18
422.635	149.05
423.002	147.23
423.369	145.4
423.735	145.83
424.102	145.83
424.468	145.07
424.835	149.27
425.201	145.29
425.567	142.49
425.934	141.84
426.3	141.09
426.667	140.98
427.033	142.6
427.399	140.45
427.765	150.35
428.131	151.85
428.498	157.02
428.864	155.51
429.23	152.5
429.596	150.56
429.962	150.67
430.328	146.36
430.694	148.62
431.06	145.83
431.426	152.5
431.792	163.9
432.157	173.59
432.523	173.7
432.889	176.71
433.255	177.57
433.62	170.58
433.986	169.61
434.352	164.55
434.717	155.19
435.083	156.91
435.448	151.21
435.814	150.35
436.179	157.56
436.545	150.13
436.91	151.74
437.276	149.05
437.641	146.47
438.006	144.86
438.372	148.73
438.737	145.93
439.102	148.84
439.467	148.3
439.832	147.66
440.197	143.46
440.563	147.01
440.928	139.05
441.293	145.29
441.658	150.67
442.023	154.44
442.387	157.99
442.752	166.7
443.117	171.87
443.482	172.94
443.847	169.93
444.212	172.73
444.576	170.58
444.941	176.28
445.306	176.17
445.67	173.37
446.035	178.11
446.399	180.8
446.764	178.65
447.128	176.71
447.493	174.02
447.857	175.1
448.222	178.65
448.586	184.24
448.95	182.2
449.315	187.47
449.679	191.35
450.043	194.68
450.407	196.4
450.772	190.38
451.136	185.86
451.5	192.31
451.864	188.98
452.228	185.96
452.592	185.53
452.956	186.18
453.32	191.67
453.684	197.48
454.047	191.56
454.411	192.31
454.775	197.69
455.139	197.16
455.503	197.48
455.866	195.22
456.23	188.44
456.594	195
456.957	193.5
457.321	191.88
457.684	185.96
458.048	179.08
458.411	179.08
458.775	180.48
459.138	177.46
459.501	175.74
459.865	171.65
460.228	176.39
460.591	188.12
460.955	193.82
461.318	194.36
461.681	191.02
462.044	191.45
462.407	189.09
462.77	186.07
463.133	174.24
463.496	165.2
463.859	168.21
464.222	172.62
464.585	176.17
464.948	180.91
465.311	185.32
465.674	193.39
466.036	194.04
466.399	199.63
466.762	198.88
467.124	200.71
467.487	204.04
467.85	198.88
468.212	190.05
468.575	192.74
468.937	183.81
469.3	184.14
469.662	181.88
470.024	175.74
470.387	179.29
470.749	196.94
471.111	194.14
471.474	193.07
471.836	183.81
472.198	184.89
472.56	181.77
472.922	181.23
473.284	165.73
473.646	170.25
474.008	175.31
474.37	181.12
474.732	176.06
475.094	180.05
475.456	182.63
475.818	184.24
476.18	182.95
476.542	180.48
476.903	178.43
477.265	176.71
477.627	171.98
477.988	169.5
478.35	167.89
478.711	167.35
479.073	164.44
479.435	161.54
479.796	165.63
480.157	171.44
480.519	173.16
480.88	174.56
481.241	172.3
481.603	171.76
481.964	176.39
482.325	174.67
482.686	173.37
483.048	173.37
483.409	176.6
483.77	177.68
484.131	178.65
484.492	183.92
484.853	184.35
485.214	188.66
485.575	184.46
485.936	187.15
486.296	188.66
486.657	189.73
487.018	182.52
487.379	185.32
487.739	186.07
488.1	197.16
488.461	190.48
488.821	196.94
489.182	192.31
489.542	199.31
489.903	203.83
490.263	202.11
490.624	195.54
490.984	197.37
491.345	188.12
491.705	194.79
492.065	189.95
492.425	184.57
492.786	181.55
493.146	182.09
493.506	186.5
493.866	195.76
494.226	192.74
494.586	192.74
494.946	185.96
495.306	187.04
495.666	186.93
496.026	187.26
496.386	189.62
496.746	197.37
497.106	204.58
497.465	207.38
497.825	205.12
498.185	206.63
498.544	203.08
498.904	198.88
499.264	193.82
499.623	187.79
499.983	190.92
500.342	198.23
500.702	200.28
501.061	201.25
501.42	202.64
501.78	206.73
502.139	212.33
502.498	212.54
502.858	210.61
503.217	210.93
503.576	227.18
503.935	224.92
504.294	221.8
504.653	220.83
505.012	228.69
505.371	227.72
505.73	230.09
506.089	216.53
506.448	219.32
506.807	216.1
507.166	218.68
507.524	219.86
507.883	220.62
508.242	217.28
508.601	216.63
508.959	217.39
509.318	223.41
509.676	215.56
510.035	209.32
510.393	207.81
510.752	205.33
511.11	200.06
511.469	195.87
511.827	194.04
512.185	198.99
512.544	196.73
512.902	199.2
513.26	203.18
513.618	212.98
513.976	215.77
514.334	215.88
514.692	218.36
515.05	221.48
515.408	224.27
515.766	222.98
516.124	223.31
516.482	226.43
516.84	226.96
517.198	233.64
517.556	236.11
517.913	234.82
518.271	235.9
518.629	231.91
518.986	226.53
519.344	228.04
519.701	225.89
520.059	223.52
520.416	225.14
520.774	228.9
521.131	232.45
521.489	234.5
521.846	233.42
522.203	226.21
522.561	226.86
522.918	228.15
523.275	227.07
523.632	227.61
523.989	225.67
524.346	225.46
524.703	236.43
525.06	241.49
525.417	237.94
525.774	231.7
526.131	232.45
526.488	244.4
526.845	245.69
527.202	239.12
527.559	246.12
527.915	254.51
528.272	260.32
528.629	256.34
528.985	251.39
529.342	250.42
529.698	250.32
530.055	244.18
530.411	240.63
530.768	244.72
531.124	245.69
531.48	238.37
531.837	249.35
532.193	252.79
532.549	248.16
532.906	247.63
533.262	243.43
533.618	249.13
533.974	258.6
534.33	251.07
534.686	247.84
535.042	247.84
535.398	248.81
535.754	252.47
536.11	252.68
536.466	247.3
536.821	247.84
537.177	243.75
537.533	247.09
537.889	247.63
538.244	244.72
538.6	240.09
538.955	241.17
539.311	244.51
539.667	244.29
540.022	243.32
540.377	242.89
540.733	247.2
541.088	248.7
541.444	245.58
541.799	246.66
542.154	254.41
542.509	253.44
542.864	253.87
543.22	248.7
543.575	250.75
543.93	256.13
544.285	248.7
544.64	245.37
544.995	248.38
545.35	253.98
545.705	251.5
546.059	250.21
546.414	249.02
546.769	257.63
547.124	263.98
547.478	266.14
547.833	259.57
548.188	262.69
548.542	264.84
548.897	262.15
549.251	252.9
549.606	251.28
549.96	245.8
550.315	246.01
550.669	247.2
551.023	244.83
551.378	251.93
551.732	254.51
552.086	255.37
552.44	261.08
552.794	257.96
553.148	259.25
553.502	266.03
553.856	265.27
554.21	266.78
554.564	266.24
554.918	262.37
555.272	269.36
555.626	267.1
555.98	279.91
556.334	281.2
556.687	285.61
557.041	286.04
557.395	283.35
557.748	281.95
558.102	286.8
558.455	267.96
558.809	269.26
559.162	267.86
559.516	266.78
559.869	277.33
560.222	282.28
560.576	286.37
560.929	286.58
561.282	285.18
561.635	281.52
561.988	284.11
562.342	280.88
562.695	283.57
563.048	279.16
563.401	278.62
563.754	280.12
564.107	286.69
564.459	285.72
564.812	279.69
565.165	279.16
565.518	277.86
565.871	286.15
566.223	287.33
566.576	287.01
566.929	281.52
567.281	290.35
567.634	287.12
567.986	292.93
568.339	291.21
568.691	294.01
569.044	302.51
569.396	305.31
569.748	300.03
570.1	302.18
570.453	303.05
570.805	303.15
571.157	301.86
571.509	299.71
571.861	304.23
572.213	305.31
572.565	305.41
572.917	312.62
573.269	313.16
573.621	310.26
573.973	308.1
574.325	307.35
574.677	314.56
575.028	311.22
575.38	299.49
575.732	293.36
576.083	296.05
576.435	294.97
576.786	296.91
577.138	293.25
577.489	297.88
577.841	301.97
578.192	310.04
578.543	309.18
578.895	304.66
579.246	304.66
579.597	305.2
579.948	299.6
580.3	292.71
580.651	285.61
581.002	280.77
581.353	284.43
581.704	281.52
582.055	280.99
582.406	284.86
582.757	283.89
583.107	284.75
583.458	286.8
583.809	288.3
584.16	290.24
584.51	282.71
584.861	280.88
585.212	288.2
585.562	297.34
585.913	294.54
586.263	292.61
586.614	291.32
586.964	292.82
587.315	294.65
587.665	293.58
588.015	281.42
588.365	286.69
588.716	279.05
589.066	276.68
589.416	281.85
589.766	282.28
590.116	285.72
590.466	302.18
590.816	301.86
591.166	310.26
591.516	307.03
591.866	300.03
592.216	304.77
592.566	300.79
592.915	292.07
593.265	287.98
593.615	284.21
593.964	288.2
594.314	296.8
594.663	288.52
595.013	288.3
595.362	284.97
595.712	284.86
596.061	284.97
596.411	290.67
596.76	285.29
597.109	284.32
597.458	281.31
597.808	281.52
598.157	287.01
598.506	294.22
598.855	287.66
599.204	293.58
599.553	306.6
599.902	308.43
600.251	310.26
600.6	305.95
600.949	302.94
601.297	304.44
601.646	299.28
601.995	287.01
602.344	289.06
602.692	283.14
603.041	282.6
603.389	280.66
603.738	282.92
604.086	286.37
604.435	289.16
604.783	287.23
605.132	297.23
605.48	304.01
605.828	296.8
606.177	304.87
606.525	306.81
606.873	306.81
607.221	314.24
607.569	309.29
607.917	306.27
608.265	313.05
608.613	300.03
608.961	297.23
609.309	297.88
609.657	291.1
610.005	290.24
610.352	283.35
610.7	283.25
611.048	287.12
611.395	287.66
611.743	284.86
612.091	284.43
612.438	283.35
612.786	289.92
613.133	289.49
613.48	288.3
613.828	286.58
614.175	291.21
614.522	295.19
614.87	296.7
615.217	294.87
615.564	293.68
615.911	291.75
616.258	296.16
616.605	296.05
616.952	292.18
617.299	297.45
617.646	297.13
617.993	298.74
618.34	301.32
618.687	298.96
619.033	302.62
619.38	300.36
619.727	293.68
620.073	294.44
620.42	294.11
620.767	301
621.113	300.25
621.459	297.34
621.806	298.2
622.152	298.31
622.499	300.68
622.845	305.74
623.191	305.09
623.537	311.22
623.884	304.55
624.23	304.98
624.576	307.78
624.922	305.74
625.268	298.63
625.614	295.3
625.96	291.21
626.306	292.28
626.652	291.96
626.998	286.37
627.343	286.69
627.689	282.49
628.035	282.49
628.38	279.8
628.726	281.09
629.072	284.11
629.417	286.69
629.763	289.06
630.108	293.47
630.453	291.1
630.799	293.04
631.144	293.68
631.489	296.16
631.835	297.88
632.18	294.33
632.525	293.25
632.87	291.96
633.215	292.07
633.56	289.38
633.905	285.07
634.25	278.51
634.595	276.04
634.94	278.51
635.285	275.5
635.63	273.13
635.974	270.87
636.319	268.93
636.664	272.7
637.008	275.39
637.353	272.05
637.698	273.24
638.042	273.45
638.387	270.65
638.731	269.15
639.075	266.14
639.42	261.72
639.764	256.67
640.108	257.53
640.452	255.05
640.797	259.25
641.141	265.7
641.485	268.29
641.829	269.58
642.173	272.16
642.517	267.1
642.861	267.86
643.205	266.57
643.549	259.03
643.892	257.1
644.236	256.56
644.58	255.05
644.923	258.71
645.267	253.01
645.611	248.49
645.954	243
646.298	244.51
646.641	237.62
646.985	238.26
647.328	236.11
647.671	234.28
648.015	234.5
648.358	244.83
648.701	244.29
649.044	246.98
649.387	251.28
649.731	261.29
650.074	262.48
650.417	265.7
650.76	258.82
651.102	257.2
651.445	259.79
651.788	258.82
652.131	251.18
652.474	256.02
652.816	254.62
653.159	257.63
653.502	258.93
653.844	260.22
654.187	257.31
654.529	252.04
654.872	254.73
655.214	248.92
655.557	246.33
655.899	238.59
656.241	238.05
656.583	237.08
656.926	233.21
657.268	232.45
657.61	232.78
657.952	234.93
658.294	242.35
658.636	244.72
658.978	244.72
659.32	253.65
659.662	246.87
660.004	249.35
660.345	241.06
660.687	237.83
661.029	231.81
661.371	227.83
661.712	219
662.054	224.27
662.395	225.03
662.737	229.76
663.078	228.47
663.42	226.64
663.761	232.67
664.102	236.86
664.444	233.96
664.785	230.73
665.126	226.75
665.467	225.35
665.808	229.33
666.149	224.92
666.49	223.74
666.831	219.86
667.172	226.32
667.513	232.99
667.854	227.18
668.195	222.45
668.535	223.52
668.876	228.15
669.217	226
669.557	216.42
669.898	209.53
670.239	210.82
670.579	217.17
670.92	218.03
671.26	212.33
671.6	219.65
671.941	239.66
672.281	244.61
672.621	248.7
672.961	245.58
673.302	244.4
673.642	244.72
673.982	234.07
674.322	216.42
674.662	211.25
675.002	213.08
675.342	213.94
675.682	209.85
676.021	209.1
676.361	219.43
676.701	280.66
677.041	289.16
677.38	287.98
677.72	290.35
678.059	295.08
678.399	287.55
678.738	282.17
679.078	223.31
679.417	212.54
679.756	213.3
680.096	201.78
680.435	199.52
680.774	210.5
681.113	209.64
681.453	210.72
681.792	215.34
682.131	212.87
682.47	221.8
682.809	222.01
683.148	212.54
683.486	213.41
683.825	208.03
684.164	205.87
684.503	202.75
684.841	195.87
685.18	194.36
685.519	195.87
685.857	194.68
686.196	200.92
686.534	197.8
686.873	197.16
687.211	203.83
687.549	203.4
687.888	206.95
688.226	199.74
688.564	197.16
688.902	205.12
689.24	212.54
689.578	207.81
689.917	203.72
690.255	206.73
690.592	218.36
690.93	214.91
691.268	211.9
691.606	207.7
691.944	226.86
692.282	232.56
692.619	226.43
692.957	225.14
693.294	225.67
693.632	220.83
693.97	217.49
694.307	198.88
694.644	191.02
694.982	239.56
695.319	248.16
695.656	251.82
695.994	251.93
696.331	250.75
696.668	253.01
697.005	257.53
697.342	207.7
697.679	193.17
698.016	185.64
698.353	183.06
698.69	184.03
699.027	183.92
699.364	182.63
699.7	184.78
700.037	185.43
700.374	188.12
700.71	196.62
701.047	196.51
701.384	190.81
701.72	188.98
702.057	191.13
702.393	191.88
702.729	192.21
703.066	186.18
703.402	190.38
703.738	193.39
704.074	200.71
704.41	206.84
704.747	207.06
705.083	203.29
705.419	203.94
705.755	198.23
706.091	198.34
706.426	195.54
706.762	182.74
707.098	185.86
707.434	192.21
707.769	197.91
708.105	200.92
708.441	203.51
708.776	210.82
709.112	213.08
709.447	206.95
709.783	203.29
710.118	201.03
710.453	205.33
710.789	200.49
711.124	193.5
711.459	195.87
711.794	196.51
712.129	200.49
712.464	202.11
712.799	200.06
713.134	200.92
713.469	201.14
713.804	198.34
714.139	198.02
714.474	192.74
714.809	188.12
715.143	188.87
715.478	187.58
715.813	184.03
716.147	185.32
716.482	187.04
716.816	184.89
717.151	185.1
717.485	183.92
717.819	183.49
718.154	187.04
718.488	192.85
718.822	196.4
719.156	199.63
719.491	199.52
719.825	192.31
720.159	188.66
720.493	180.8
720.827	177.89
721.161	171.55
721.494	172.19
721.828	168.32
722.162	168.21
722.496	173.16
722.829	183.27
723.163	183.71
723.497	188.98
723.83	187.69
724.164	186.4
724.497	191.67
724.83	192.53
725.164	186.4
725.497	185.32
725.83	182.63
726.164	188.55
726.497	197.8
726.83	202.11
727.163	211.79
727.496	208.35
727.829	201.46
728.162	203.08
728.495	195.65
728.828	192.85
729.16	186.83
729.493	174.02
729.826	180.69
730.159	184.14
730.491	183.27
730.824	188.66
731.156	191.13
731.489	195.97
731.821	195.76
732.154	194.36
732.486	192.64
732.818	191.88
733.151	190.92
733.483	186.72
733.815	184.57
734.147	190.92
734.479	185.75
734.811	182.09
735.143	179.4
735.475	177.14
735.807	180.26
736.139	178.86
736.471	172.62
736.803	176.39
737.134	183.71
737.466	189.95
737.798	192.85
738.129	185.86
738.461	185.21
738.792	186.61
739.124	186.83
739.455	190.81
739.786	183.06
740.118	185.1
740.449	187.9
740.78	188.76
741.111	187.69
741.442	187.26
741.773	180.05
742.104	176.28
742.435	169.72
742.766	176.6
743.097	176.93
743.428	183.49
743.759	185.1
744.09	188.98
744.42	200.28
744.751	195.33
745.081	192.21
745.412	188.33
745.743	180.69
746.073	182.95
746.403	182.2
746.734	180.15
747.064	185.86
747.394	182.74
747.725	182.31
748.055	184.46
748.385	179.62
748.715	173.59
749.045	167.67
749.375	170.36
749.705	173.8
750.035	181.88
750.365	183.06
750.695	184.89
751.024	189.62
751.354	194.36
751.684	197.69
752.013	193.82
752.343	191.56
752.673	189.52
753.002	185.96
753.331	185.75
753.661	190.59
753.99	184.67
754.32	182.09
754.649	183.27
754.978	181.66
755.307	184.03
755.636	189.19
755.965	187.36
756.294	189.3
756.623	195.33
756.952	191.45
757.281	198.99
757.61	202.11
757.939	198.66
758.267	196.83
758.596	198.99
758.925	194.14
759.253	202.64
759.582	199.85
759.91	199.2
760.239	201.14
760.567	201.46
760.896	196.73
761.224	196.19
761.552	193.28
761.881	195.76
762.209	192.96
762.537	189.41
762.865	185.96
763.193	192.31
763.521	195.97
763.849	192.96
764.177	193.07
764.505	196.62
764.832	200.28
765.16	207.06
765.488	208.67
765.815	212.87
766.143	213.62
766.471	212.98
766.798	213.08
767.126	214.48
767.453	207.06
767.78	203.83
768.108	196.08
768.435	191.56
768.762	191.67
769.089	192.42
769.417	191.24
769.744	193.28
770.071	195.97
770.398	198.77
770.725	196.62
771.052	192.74
771.378	191.78
771.705	193.28
772.032	197.05
772.359	189.84
772.685	186.93
773.012	191.13
773.338	194.04
773.665	196.3
773.991	194.14
774.318	190.48
774.644	191.45
774.971	192.53
775.297	194.79
775.623	189.84
775.949	187.58
776.275	186.07
776.601	185.43
776.927	185.75
777.253	188.98
777.579	189.3
777.905	190.05
778.231	190.48
778.557	185
778.883	184.03
779.208	186.18
779.534	186.18
779.86	185.75
780.185	185.96
780.511	188.22
780.836	193.93
781.162	198.66
781.487	200.6
781.812	200.06
782.138	198.45
782.463	194.79
782.788	196.62
783.113	194.14
783.438	191.78
783.763	187.15
784.088	190.16
784.413	193.61
784.738	200.49
785.063	195.97
785.388	201.57
785.712	204.37
786.037	206.3
786.362	204.58
786.686	201.46
787.011	199.95
787.335	198.23
787.66	202.21
787.984	200.71
788.308	200.71
788.633	201.25
788.957	198.56
789.281	195.87
789.605	197.05
789.93	193.39
790.254	194.9
790.578	198.99
790.902	192.42
791.225	198.66
791.549	202.97
791.873	200.92
792.197	195.54
792.521	191.56
792.844	189.41
793.168	196.62
793.492	189.73
793.815	191.35
794.139	197.91
794.462	200.38
794.785	204.58
795.109	202.64
795.432	199.2
795.755	205.44
796.078	203.83
796.401	198.23
796.725	198.99
797.048	199.42
797.371	198.02
797.694	201.57
798.016	200.28
798.339	197.91
798.662	203.72
798.985	207.38
799.308	206.95
799.63	212.98
799.953	208.24
800.275	207.27
800.598	210.07
800.92	206.84
801.243	202.86
801.565	202.11
801.887	199.42
802.21	204.58
802.532	207.38
802.854	201.89
803.176	198.23
803.498	196.94
803.82	193.82
804.142	198.02
804.464	199.42
804.786	194.68
805.108	207.16
805.429	205.01
805.751	202.75
806.073	205.23
806.394	197.05
806.716	196.94
807.038	199.42
807.359	188.22
807.68	199.42
808.002	209.32
808.323	214.05
808.644	220.83
808.966	214.27
809.287	215.02
809.608	215.45
809.929	211.9
810.25	208.67
810.571	210.72
810.892	202.32
811.213	208.67
811.534	209.1
811.854	216.63
812.175	217.06
812.496	219.97
812.816	220.51
813.137	228.79
813.458	227.29
813.778	228.47
814.098	230.3
814.419	227.4
814.739	226.53
815.059	220.29
815.38	218.57
815.7	225.03
816.02	235.47
816.34	236.65
816.66	244.61
816.98	247.84
817.3	256.45
817.62	266.14
817.94	268.83
818.26	270.33
818.579	281.2
818.899	288.63
819.219	298.85
819.538	305.09
819.858	310.47
820.177	316.71
820.497	323.71
820.816	321.88
821.135	324.03
821.455	322.31
821.774	331.02
822.093	334.68
822.412	336.62
822.731	333.5
823.05	334.25
823.369	339.74
823.688	342.32
824.007	328.98
824.326	322.09
824.645	321.12
824.963	316.07
825.282	317.25
825.601	301.65
825.919	291.53
826.238	292.39
826.556	314.13
826.875	312.62
827.193	307.89
827.511	301.97
827.83	305.31
828.148	311.44
828.466	312.73
828.784	297.34
829.102	304.55
829.42	313.91
829.738	322.74
830.056	330.16
830.374	340.92
830.692	354.91
831.01	367.72
831.327	373.21
831.645	383.22
831.963	398.07
832.28	410.87
832.598	417.97
832.915	428.41
833.233	432.18
833.55	440.9
833.867	448.32
834.185	444.45
834.502	449.61
834.819	453.06
835.136	450.36
835.453	445.74
835.77	444.55
836.087	446.6
836.404	453.81
836.721	455.64
837.038	460.91
837.355	464.89
837.671	471.56
837.988	481.25
838.305	490.18
838.621	498.25
838.938	519.67
839.254	544.09
839.571	577.56
839.887	613.4
840.203	655.47
840.52	705.73
840.836	764.27
841.152	827.11
841.468	889.96
841.784	960.98
842.1	1042.87
842.416	1122.07
842.732	1199.66
843.048	1282.84
843.364	1356.23
843.679	1435.86
843.995	1501.94
844.311	1571.13
844.626	1643.98
844.942	1710.81
845.257	1761.6
845.573	1810.78
845.888	1839.62
846.203	1883.2
846.519	1909.14
846.834	1923.99
847.149	1936.58
847.464	1946.59
847.779	1936.58
848.094	1943.36
848.409	1931.52
848.724	1926.89
849.039	1907.74
849.354	1882.23
849.669	1864.26
849.983	1851.24
850.298	1821.43
850.613	1787.97
850.927	1751.06
851.242	1712.21
851.556	1679.71
851.871	1644.52
852.185	1623.22
852.499	1610.09
852.814	1605.67
853.128	1622.78
853.442	1638.5
853.756	1659.91
854.07	1682.83
854.384	1715.11
854.698	1752.46
855.012	1798.19
855.326	1827.46
855.64	1878.04
855.953	1932.92
856.267	1991.46
856.581	2033.64
856.894	2073.03
857.208	2112.95
857.521	2132.21
857.835	2151.58
858.148	2160.19
858.461	2164.39
858.775	2171.6
859.088	2185.8
859.401	2196.67
859.714	2224.11
860.027	2259.41
860.34	2301.92
860.653	2353.14
860.966	2404.04
861.279	2472.26
861.592	2558.89
861.904	2642.4
862.217	2737.53
862.53	2868.7
862.842	2998.05
863.155	3178.51
863.467	3344.77
863.78	3511.25
864.092	3724.96
864.405	3933.19
864.717	4147.44
865.029	4377.3
865.341	4587.57
865.653	4823.99
865.966	5045.99
866.278	5248.3
866.589	5460.19
866.901	5647.21
867.213	5856.95
867.525	6050
867.837	6224.12
868.149	6384.56
868.46	6542.97
868.772	6694.16
869.083	6822.97
869.395	6922.94
869.706	7036.79
870.018	7149.79
870.329	7279.03
870.64	7392.88
870.952	7520.72
871.263	7647.81
871.574	7775.86
871.885	7897.68
872.196	8017.02
872.507	8140.67
872.818	8272.49
873.129	8388.49
873.44	8498.26
873.75	8592.31
874.061	8663.01
874.372	8717.35
874.682	8753.72
874.993	8778.48
875.303	8758.35
875.614	8735.32
875.924	8682.06
876.235	8631.69
876.545	8557.66
876.855	8469.74
877.165	8317.15
877.475	8157.88
877.786	7989.26
878.096	7776.73
878.406	7486.18
878.715	7192.72
879.025	6863.54
879.335	6550.61
879.645	6214.86
879.955	5863.51
880.264	5554.88
880.574	5261.75
880.883	4965.93
881.193	4679.15
881.502	4405.49
881.812	4160.46
882.121	3931.36
882.43	3713.02
882.74	3560.96
883.049	3439.36
883.358	3366.83
883.667	3327.56
883.976	3320.24
884.285	3360.7
884.594	3447.22
884.903	3558.38
885.212	3733.36
885.52	3959.23
885.829	4221.59
886.138	4541.84
886.446	4906.64
886.755	5307.6
887.063	5804.86
887.372	6341.3
887.68	6950.81
887.988	7677.19
888.297	8475.34
888.605	9394.44
888.913	10443.43
889.221	11552.25
889.529	12825.29
889.837	14163.75
890.145	15614.13
890.453	17207.74
890.761	18796.72
891.069	20470.29
891.377	22250.38
891.684	24001.97
891.992	25743.97
892.299	27406.88
892.607	28961.53
892.914	30543.74
893.222	31988.41
893.529	33361.85
893.837	34529.21
894.144	35582.94
894.451	36523.45
894.758	37296.42
895.065	37908.08
895.372	38441.19
895.679	38636.07
895.986	38959.87
896.293	38990.54
896.6	38805.99
896.907	38566.34
897.213	38163.87
897.52	37559.75
897.827	36805.07
898.133	35738
898.44	34743.03
898.746	33716.21
899.053	32582.1
899.359	31393
899.665	30136.64
899.972	28964.33
900.278	27801.81
900.584	26613.46
900.89	25406.82
901.196	24213.21
901.502	23065.32
901.808	21966.72
902.114	20968.85
902.419	20011.32
902.725	19149.04
903.031	18421.7
903.337	17789.38
903.642	17259.82
903.948	16862.2
904.253	16574.77
904.559	16448.87
904.864	16448.33
905.169	16597.8
905.475	16886.41
905.78	17272.84
906.085	17788.19
906.39	18336.04
906.695	18921.77
907	19571.3
907.305	20258.61
907.61	20923.65
907.915	21603.43
908.219	22266.31
908.524	22929.73
908.829	23525.03
909.133	24099.89
909.438	24561.86
909.743	25062.15
910.047	25475.27
910.351	25879.02
910.656	26238.66
910.96	26574.08
911.264	26917.68
911.568	27238.04
911.873	27462.73
912.177	27717.55
912.481	27964.2
912.785	28319.96
913.088	28713.71
913.392	29014.69
913.696	29364.64
914	29766.79
914.304	30205.51
914.607	30624.44
914.911	30925.65
915.214	31306.27
915.518	31700.87
915.821	32047.27
916.124	32386.25
916.428	32659.58
916.731	32953.25
917.034	33280.71
917.337	33384.45
917.64	33605.16
917.943	33824.9
918.246	33933.15
918.549	33979.75
918.852	33992.02
919.155	34103.93
919.458	34260.61
919.76	34428.06
920.063	34583.88
920.366	34900.47
920.668	35430.02
920.971	36001.97
921.273	36607.61
921.576	37403.93
921.878	38067.24
922.18	39074.8
922.482	40040.5
922.784	41072.49
923.087	42341.65
923.389	43583.91
923.691	44861.25
923.992	46331.11
924.294	47706.59
924.596	49281.58
924.898	50752.41
925.2	52003.92
925.501	53233.7
925.803	54457.12
926.104	55475.88
926.406	56260.36
926.707	56909.14
927.009	57439.56
927.31	57809.63
927.611	58083.61
927.912	58170.24
928.214	58213.06
928.515	58165.29
928.816	57906.27
929.117	57579.13
929.418	57245.86
929.719	56857.92
930.019	56365.71
930.32	55925.8
930.621	55412.82
930.922	54814.61
931.222	54058.43
931.523	53228.96
931.823	52353.65
932.124	51360.3
932.424	50334.12
932.724	49120.59
933.025	48042.87
933.325	47076.2
933.625	46085.97
933.925	45115.96
934.225	44219.78
934.525	43387.09
934.825	42795.77
935.125	42198.42
935.425	41487.33
935.724	40814.97
936.024	39929.12
936.324	39087.39
936.623	38181.63
936.923	37027.93
937.222	35767.7
937.522	34723.13
937.821	33616.35
938.12	32573.92
938.42	31453.59
938.719	30193.79
939.018	29340.65
939.317	28566.6
939.616	27680.53
939.915	26847.3
940.214	26305.59
940.513	25850.93
940.812	25616.56
941.111	25415.86
941.409	25407.47
941.708	25664.34
942.006	26215.63
942.305	26870.65
942.603	27811.07
942.902	28779.35
943.2	29891.83
943.499	31171
943.797	32518.61
944.095	33787.77
944.393	35159.27
944.691	36490.63
944.989	37873.32
945.287	39208.88
945.585	40378.51
945.883	41578.69
946.181	42936.95
946.479	44277.14
946.776	45779.49
947.074	47437.88
947.371	48974.35
947.669	50629.3
947.966	52189.87
948.264	53639.07
948.561	54788.13
948.858	55844.44
949.156	56626.34
949.453	57482.6
949.75	58055.63
950.047	58488.23
950.344	58837.53
950.641	59182.96
950.938	59291.76
951.235	59302.09
951.532	59079.98
951.828	58693.12
952.125	58105.78
952.422	57351.64
952.718	56472.57
953.015	55442.3
953.311	54445.18
953.607	53290.3
953.904	52078.17
954.2	50769.19
954.496	49239.83
954.792	47402.59
955.089	45460.1
955.385	43151.96
955.681	40736.1
955.976	38166.56
956.272	35683.01
956.568	33239.28
956.864	31067.91
957.16	28927.74
957.455	27024.97
957.751	25294.16
958.046	23795.57
958.342	22433.11
958.637	21316.54
958.933	20447.36
959.228	20062.01
959.523	19947.83
959.818	20158.54
960.114	20822.93
960.409	21870.3
960.704	23184.02
960.999	24735.01
961.294	26248.45
961.588	28082.35
961.883	30100.81
962.178	32257.33
962.473	34475.62
962.767	36748.79
963.062	39061.89
963.356	41639.27
963.651	44026.51
963.945	46336.7
964.239	48577.48
964.534	50622.41
964.828	52614.4
965.122	54384.38
965.416	55759.75
965.71	56962.41
966.004	57921.98
966.298	58559.46
966.592	58977.96
966.886	59201.36
967.18	59292.19
967.473	59318.55
967.767	59240.53
968.061	59084.5
968.354	58919.21
968.648	58585.72
968.941	58138.06
969.234	57471.09
969.528	56619.24
969.821	55622.12
970.114	54493.93
970.407	52933.03
970.7	51285.19
970.993	49457.63
971.286	47499.01
971.579	45265.22
971.872	42867.65
972.165	40189.86
972.457	37591.38
972.75	34979.67
973.043	32346.11
973.335	29818.98
973.628	27611.77
973.92	25548.44
974.213	23849.7
974.505	22303.87
974.797	20932.15
975.089	19702.8
975.382	18653.28
975.674	17639.9
975.966	16838.96
976.258	16125.71
976.55	15554.84
976.841	15135.37
977.133	14874.09
977.425	14712.46
977.717	14653.17
978.008	14586.66
978.3	14587.2
978.591	14661.34
978.883	14708.59
979.174	14697.72
979.465	14673.72
979.757	14617.01
980.048	14521.56
980.339	14329.69
980.63	14097.03
980.921	13787.01
981.212	13475.37
981.503	13107.66
981.794	12701.32
982.085	12253.12
982.376	11818.05
982.666	11325.62
982.957	10865.59
983.248	10386.72
983.538	9867.39
983.828	9363.56
984.119	8871.45
984.409	8364.07
984.7	7842.91
984.99	7310.56
985.28	6791.44
985.57	6311.39
985.86	5845.54
986.15	5405.95
986.44	4993.26
986.73	4645.25
987.02	4335.65
987.309	4069.75
987.599	3854.53
987.889	3682.46
988.178	3555.05
988.468	3463.15
988.757	3386.42
989.047	3319.05
989.336	3266.97
989.625	3215.96
989.915	3163.23
990.204	3120.08
990.493	3077.79
990.782	3040.56
991.071	3005.05
991.36	2968.89
991.649	2920.25
991.938	2870.64
992.226	2804.35
992.515	2741.83
992.804	2677.59
993.092	2608.28
993.381	2528.87
993.669	2439.66
993.958	2354.54
994.246	2263.39
994.534	2164.82
994.823	2059.36
995.111	1958.32
995.399	1861.04
995.687	1763.54
995.975	1671.21
996.263	1588.13
996.551	1498.49
996.839	1413.16
997.126	1325.13
997.414	1251.2
997.702	1189.87
997.989	1130.25
998.277	1071.28
998.564	1027.37
998.852	985.73
999.139	952.8
999.426	917.4
999.713	898.89
1000.001	881.99
1000.288	865.74
1000.575	843.57
1000.862	825.82
1001.149	814.52
1001.436	798.81
1001.722	772.55
1002.009	748.34
1002.296	730.05
1002.582	715.41
1002.869	696.47
1003.156	674.73
1003.442	659.35
1003.728	640.94
1004.015	624.91
1004.301	606.94
1004.587	592.84
1004.873	582.83
1005.16	574.66
1005.446	568.41
1005.732	558.19
1006.017	548.72
1006.303	536.35
1006.589	533.55
1006.875	519.45
1007.161	506.54
1007.446	493.95
1007.732	483.4
1008.017	469.63
1008.303	469.09
1008.588	453.49
1008.873	454.67
1009.159	451.33
1009.444	438.42
1009.729	434.22
1010.014	429.49
1010.299	420.88
1010.584	410.55
1010.869	402.69
1011.154	391.39
1011.439	389.03
1011.723	390.1
1012.008	386.34
1012.293	381.71
1012.577	382.35
1012.862	371.81
1013.146	370.95
1013.43	362.77
1013.715	344.58
1013.999	335.33
1014.283	326.72
1014.567	321.23
1014.851	313.05
1015.135	308.64
1015.419	314.24
1015.703	321.12
1015.987	316.07
1016.271	316.71
1016.555	314.02
1016.838	318.76
1017.122	322.52
1017.405	319.51
1017.689	317.14
1017.972	319.83
1018.256	317.79
1018.539	319.83
1018.822	323.17
1019.105	316.17
1019.388	309.61
1019.671	302.29
1019.954	310.79
1020.237	308.96
1020.52	304.98
1020.803	299.06
1021.086	298.74
1021.368	302.29
1021.651	307.74
1021.934	299.41
1022.216	299.14
