339.735	29.66
340.108	4.48
340.482	-17.29
340.855	-24.00
341.228	-30.18
341.602	-27.13
341.975	-33.11
342.348	-30.60
342.721	-18.13
343.094	-11.93
343.468	-1.13
343.841	11.95
344.214	19.53
344.587	27.76
344.960	30.70
345.333	32.67
345.706	40.83
346.079	40.55
346.452	45.75
346.824	55.97
347.197	66.70
347.570	79.79
347.943	91.73
348.316	105.86
348.688	115.81
349.061	120.83
349.434	125.14
349.806	127.32
350.179	130.03
350.552	129.07
350.924	126.33
351.297	133.45
351.669	135.51
352.042	139.01
352.414	146.97
352.787	142.42
353.159	142.68
353.531	145.24
353.904	145.02
354.276	146.72
354.648	146.04
355.020	140.87
355.393	146.38
355.765	148.49
356.137	151.32
356.509	149.80
356.881	149.12
357.253	145.31
357.625	152.53
357.997	164.01
358.369	164.77
358.741	161.12
359.113	166.77
359.485	174.03
359.857	174.09
360.229	166.60
360.600	157.02
360.972	159.84
361.344	155.52
361.716	151.80
362.087	147.23
362.459	144.96
362.831	144.39
363.202	140.25
363.574	131.74
363.945	134.69
364.317	134.61
364.688	131.78
365.060	133.36
365.431	133.31
365.803	130.30
366.174	132.20
366.545	134.59
366.917	136.26
367.288	135.01
367.659	143.74
368.030	144.49
368.402	146.42
368.773	150.09
369.144	146.50
369.515	143.35
369.886	145.63
370.257	136.53
370.628	132.56
370.999	131.28
371.370	131.71
371.741	138.01
372.112	144.25
372.483	142.67
372.853	148.92
373.224	154.34
373.595	166.99
373.966	186.88
374.336	186.24
374.707	187.05
375.078	190.77
375.448	185.55
375.819	181.98
376.190	171.31
376.560	152.63
376.931	149.41
377.301	141.20
377.671	141.07
378.042	146.44
378.412	150.26
378.783	154.49
379.153	152.59
379.523	152.77
379.893	157.62
380.264	160.50
380.634	154.95
381.004	154.89
381.374	152.88
381.744	159.99
382.114	168.32
382.484	164.02
382.854	161.89
383.224	171.09
383.594	168.32
383.964	167.19
384.334	165.81
384.704	157.75
385.074	165.76
385.444	165.91
385.814	158.02
386.183	164.87
386.553	168.56
386.923	162.33
387.292	160.84
387.662	158.22
388.032	155.85
388.401	156.56
388.771	152.14
389.140	146.88
389.510	148.17
389.879	150.29
390.248	146.63
390.618	152.11
390.987	158.60
391.356	156.80
391.726	161.21
392.095	160.55
392.464	158.07
392.833	163.02
393.203	158.64
393.572	146.21
393.941	152.07
394.310	149.68
394.679	153.81
395.048	181.50
395.417	175.23
395.786	176.77
396.155	183.08
396.524	183.50
396.893	185.94
397.261	190.96
397.630	179.22
397.999	181.63
398.368	174.34
398.736	170.53
399.105	165.67
399.474	166.55
399.842	159.56
400.211	149.67
400.579	151.19
400.948	155.31
401.317	157.86
401.685	163.86
402.053	165.67
402.422	167.82
402.790	166.16
403.158	168.06
403.527	167.60
403.895	171.25
404.263	167.49
404.632	159.70
405.000	161.09
405.368	157.98
405.736	157.74
406.104	169.10
406.472	165.59
406.840	167.89
407.208	172.13
407.576	167.83
407.944	169.97
408.312	166.06
408.680	158.20
409.048	161.40
409.415	160.01
409.783	162.62
410.151	164.47
410.519	159.77
410.886	163.12
411.254	160.80
411.622	157.29
411.989	150.88
412.357	146.23
412.724	149.87
413.092	155.11
413.459	153.56
413.827	158.48
414.194	162.14
414.561	168.91
414.929	171.81
415.296	164.74
415.663	165.40
416.030	162.61
416.398	156.15
416.765	153.99
417.132	155.43
417.499	150.56
417.866	145.86
418.233	139.53
418.600	139.86
418.967	144.05
419.334	137.53
419.701	131.67
420.068	142.69
420.435	151.28
420.802	152.69
421.168	154.29
421.535	147.38
421.902	151.72
422.269	153.80
422.635	148.74
423.002	148.98
423.369	155.25
423.735	149.00
424.102	153.37
424.468	157.85
424.835	159.58
425.201	157.82
425.567	158.96
425.934	158.86
426.300	161.98
426.667	159.78
427.033	156.21
427.399	153.94
427.765	155.30
428.131	153.03
428.498	154.25
428.864	163.41
429.230	171.02
429.596	177.52
429.962	187.77
430.328	190.75
430.694	189.96
431.060	186.26
431.426	182.66
431.792	181.95
432.157	181.53
432.523	173.68
432.889	171.49
433.255	171.01
433.620	173.70
433.986	172.00
434.352	164.76
434.717	159.06
435.083	158.36
435.448	157.38
435.814	158.96
436.179	160.22
436.545	162.16
436.910	170.53
437.276	176.71
437.641	178.93
438.006	183.71
438.372	183.04
438.737	181.02
439.102	184.04
439.467	184.13
439.832	180.21
440.197	186.13
440.563	188.00
440.928	192.03
441.293	193.90
441.658	196.99
442.023	195.56
442.387	195.48
442.752	191.26
443.117	187.62
443.482	194.20
443.847	194.90
444.212	191.71
444.576	196.87
444.941	202.89
445.306	207.26
445.670	209.87
446.035	206.85
446.399	212.69
446.764	218.35
447.128	222.06
447.493	225.19
447.857	224.20
448.222	227.67
448.586	224.25
448.950	223.74
449.315	227.50
449.679	228.51
450.043	229.17
450.407	236.18
450.772	238.79
451.136	249.28
451.500	253.89
451.864	249.54
452.228	249.71
452.592	253.44
452.956	252.34
453.320	254.64
453.684	250.83
454.047	249.66
454.411	254.32
454.775	254.61
455.139	253.67
455.503	249.91
455.866	246.35
456.230	247.95
456.594	245.85
456.957	241.33
457.321	236.65
457.684	234.21
458.048	232.79
458.411	230.74
458.775	233.46
459.138	229.63
459.501	225.48
459.865	229.06
460.228	223.25
460.591	225.99
460.955	225.10
461.318	213.41
461.681	220.33
462.044	221.44
462.407	216.90
462.770	222.78
463.133	216.46
463.496	211.65
463.859	215.84
464.222	212.47
464.585	213.03
464.948	215.34
465.311	211.90
465.674	212.97
466.036	215.52
466.399	212.00
466.762	209.90
467.124	211.90
467.487	211.72
467.850	212.78
468.212	215.22
468.575	214.90
468.937	222.22
469.300	228.69
469.662	225.16
470.024	224.20
470.387	219.79
470.749	214.37
471.111	213.24
471.474	207.91
471.836	203.76
472.198	209.02
472.560	211.22
472.922	219.45
473.284	224.41
473.646	223.46
474.008	223.43
474.370	221.97
474.732	216.75
475.094	210.11
475.456	202.45
475.818	203.10
476.180	205.85
476.542	205.74
476.903	201.76
477.265	199.37
477.627	202.73
477.988	205.96
478.350	203.16
478.711	207.08
479.073	211.86
479.435	215.30
479.796	221.66
480.157	221.25
480.519	219.90
480.880	225.98
481.241	225.06
481.603	220.83
481.964	223.59
482.325	221.74
482.686	220.62
483.048	221.50
483.409	216.87
483.770	213.70
484.131	215.64
484.492	216.12
484.853	218.59
485.214	223.07
485.575	226.23
485.936	230.14
486.296	235.23
486.657	237.87
487.018	240.64
487.379	244.95
487.739	242.95
488.100	248.78
488.461	259.83
488.821	260.15
489.182	260.19
489.542	256.48
489.903	253.09
490.263	254.65
490.624	249.86
490.984	238.47
491.345	237.81
491.705	240.58
492.065	244.52
492.425	247.61
492.786	249.17
493.146	253.03
493.506	258.17
493.866	261.65
494.226	259.96
494.586	264.73
494.946	269.01
495.306	270.86
495.666	269.28
496.026	266.11
496.386	267.73
496.746	271.27
497.106	268.23
497.465	260.87
497.825	261.68
498.185	263.19
498.544	266.90
498.904	269.29
499.264	275.71
499.623	281.67
499.983	285.89
500.342	291.25
500.702	294.71
501.061	293.57
501.420	289.90
501.780	287.42
502.139	286.00
502.498	287.20
502.858	288.08
503.217	285.53
503.576	284.70
503.935	283.01
504.294	275.64
504.653	274.25
505.012	279.05
505.371	268.98
505.730	270.35
506.089	277.72
506.448	284.22
506.807	289.98
507.166	290.72
507.524	283.45
507.883	293.95
508.242	303.20
508.601	297.32
508.959	296.48
509.318	300.25
509.676	299.22
510.035	307.36
510.393	309.11
510.752	302.02
511.110	306.56
511.469	314.45
511.827	319.77
512.185	325.07
512.544	320.84
512.902	319.74
513.260	325.19
513.618	326.61
513.976	328.69
514.334	328.29
514.692	329.11
515.050	334.76
515.408	335.70
515.766	337.11
516.124	345.71
516.482	346.55
516.840	351.86
517.198	356.22
517.556	358.73
517.913	363.78
518.271	369.99
518.629	374.59
518.986	377.80
519.344	374.72
519.701	372.94
520.059	377.41
520.416	386.80
520.774	388.34
521.131	384.94
521.489	387.97
521.846	392.58
522.203	398.72
522.561	406.44
522.918	411.30
523.275	420.48
523.632	425.41
523.989	428.43
524.346	435.40
524.703	441.13
525.060	441.69
525.417	434.94
525.774	428.07
526.131	430.41
526.488	427.35
526.845	423.94
527.202	429.39
527.559	431.91
527.915	431.98
528.272	431.20
528.629	433.05
528.985	439.17
529.342	436.52
529.698	428.63
530.055	431.47
530.411	437.71
530.768	438.56
531.124	435.36
531.480	433.52
531.837	442.15
532.193	446.93
532.549	439.89
532.906	437.43
533.262	441.04
533.618	449.38
533.974	452.87
534.330	449.40
534.686	455.14
535.042	465.09
535.398	468.53
535.754	467.34
536.110	463.91
536.466	461.52
536.821	462.15
537.177	454.55
537.533	447.47
537.889	448.27
538.244	452.12
538.600	453.00
538.955	453.44
539.311	454.05
539.667	451.94
540.022	453.59
540.377	455.86
540.733	454.46
541.088	454.11
541.444	455.67
541.799	459.50
542.154	467.43
542.509	469.01
542.864	469.88
543.220	474.15
543.575	475.48
543.930	473.91
544.285	471.51
544.640	472.73
544.995	473.86
545.350	473.58
545.705	475.10
546.059	480.92
546.414	488.49
546.769	493.15
547.124	491.81
547.478	493.99
547.833	499.75
548.188	499.42
548.542	498.20
548.897	495.59
549.251	489.95
549.606	493.36
549.960	493.60
550.315	484.62
550.669	485.76
551.023	486.50
551.378	489.49
551.732	497.91
552.086	498.54
552.440	500.41
552.794	504.25
553.148	505.24
553.502	508.77
553.856	503.37
554.210	519.99
554.564	543.07
554.918	541.62
555.272	545.80
555.626	546.52
555.980	542.12
556.334	549.96
556.687	534.30
557.041	517.47
557.395	527.19
557.748	528.75
558.102	532.64
558.455	540.46
558.809	541.68
559.162	546.76
559.516	552.50
559.869	546.34
560.222	547.16
560.576	549.91
560.929	550.97
561.282	558.93
561.635	561.85
561.988	558.57
562.342	561.36
562.695	564.71
563.048	569.21
563.401	575.98
563.754	573.92
564.107	573.70
564.459	581.39
564.812	592.37
565.165	597.65
565.518	595.49
565.871	595.36
566.223	605.61
566.576	608.70
566.929	599.39
567.281	599.18
567.634	601.23
567.986	607.34
568.339	613.31
568.691	607.63
569.044	610.00
569.396	626.78
569.748	633.83
570.100	636.83
570.453	635.21
570.805	626.46
571.157	632.00
571.509	638.82
571.861	631.85
572.213	628.63
572.565	633.10
572.917	637.34
573.269	643.84
573.621	643.31
573.973	636.19
574.325	636.50
574.677	636.50
575.028	631.87
575.380	631.09
575.732	631.65
576.083	630.21
576.435	630.23
576.786	636.33
577.138	646.22
577.489	648.33
577.841	650.13
578.192	654.68
578.543	654.02
578.895	654.79
579.246	650.08
579.597	641.42
579.948	639.04
580.300	635.47
580.651	628.22
581.002	621.21
581.353	614.69
581.704	615.11
582.055	616.26
582.406	618.06
582.757	617.99
583.107	617.32
583.458	624.86
583.809	635.13
584.160	632.45
584.510	625.58
584.861	621.03
585.212	621.18
585.562	624.96
585.913	624.49
586.263	618.41
586.614	616.34
586.964	614.61
587.315	611.69
587.665	605.57
588.015	595.08
588.365	586.92
588.716	591.17
589.066	597.84
589.416	601.84
589.766	606.04
590.116	606.72
590.466	611.55
590.816	617.75
591.166	611.08
591.516	606.20
591.866	604.18
592.216	601.26
592.566	607.19
592.915	609.12
593.265	605.06
593.615	606.37
593.964	607.80
594.314	610.62
594.663	613.73
595.013	607.16
595.362	606.25
595.712	616.45
596.061	617.79
596.411	613.80
596.760	604.82
597.109	597.50
597.458	601.07
597.808	604.17
598.157	597.11
598.506	595.70
598.855	596.97
599.204	600.87
599.553	602.71
599.902	597.19
600.251	590.75
600.600	590.37
600.949	589.90
601.297	587.67
601.646	589.94
601.995	592.36
602.344	594.35
602.692	593.54
603.041	593.78
603.389	591.69
603.738	592.97
604.086	588.10
604.435	581.94
604.783	583.74
605.132	585.23
605.480	586.13
605.828	592.34
606.177	592.26
606.525	592.35
606.873	600.07
607.221	605.69
607.569	603.50
607.917	596.30
608.265	589.42
608.613	583.03
608.961	584.22
609.309	581.28
609.657	573.12
610.005	573.43
610.352	577.85
610.700	571.07
611.048	573.28
611.395	573.49
611.743	567.96
612.091	565.30
612.438	566.65
612.786	567.13
613.133	569.74
613.480	565.80
613.828	564.07
614.175	569.98
614.522	577.45
614.870	570.97
615.217	564.77
615.564	580.65
615.911	594.50
616.258	591.66
616.605	586.56
616.952	582.11
617.299	586.33
617.646	591.94
617.993	583.33
618.340	572.85
618.687	574.14
619.033	575.61
619.380	573.31
619.727	570.69
620.073	571.50
620.420	569.59
620.767	567.58
621.113	570.90
621.459	572.01
621.806	574.85
622.152	582.26
622.499	582.39
622.845	580.80
623.191	581.04
623.537	573.13
623.884	569.57
624.230	572.05
624.576	564.36
624.922	559.71
625.268	556.57
625.614	546.69
625.960	546.18
626.306	547.62
626.652	537.15
626.998	538.35
627.343	539.66
627.689	540.10
628.035	546.71
628.380	545.50
628.726	547.95
629.072	556.24
629.417	553.50
629.763	549.70
630.108	543.12
630.453	537.86
630.799	537.43
631.144	526.75
631.489	511.19
631.835	502.83
632.180	498.13
632.525	498.26
632.870	493.81
633.215	489.64
633.560	496.04
633.905	503.07
634.250	501.20
634.595	491.34
634.940	483.20
635.285	480.74
635.630	474.09
635.974	459.95
636.319	447.10
636.664	439.70
637.008	442.59
637.353	444.15
637.698	445.11
638.042	447.69
638.387	447.25
638.731	449.89
639.075	454.22
639.420	453.35
639.764	450.47
640.108	444.35
640.452	442.62
640.797	450.51
641.141	450.89
641.485	448.46
641.829	448.36
642.173	450.21
642.517	450.73
642.861	446.48
643.205	439.11
643.549	433.83
643.892	430.23
644.236	424.91
644.580	423.77
644.923	425.22
645.267	423.83
645.611	420.98
645.954	426.72
646.298	428.50
646.641	429.44
646.985	426.60
647.328	422.00
647.671	420.87
648.015	422.58
648.358	418.32
648.701	412.73
649.044	409.81
649.387	408.16
649.731	407.79
650.074	405.51
650.417	399.02
650.760	396.12
651.102	398.77
651.445	392.18
651.788	385.36
652.131	383.56
652.474	386.86
652.816	383.64
653.159	380.05
653.502	375.35
653.844	378.70
654.187	379.91
654.529	378.19
654.872	373.98
655.214	374.54
655.557	373.02
655.899	369.06
656.241	366.40
656.583	368.16
656.926	369.92
657.268	364.94
657.610	359.60
657.952	359.20
658.294	359.10
658.636	361.59
658.978	358.69
659.320	355.43
659.662	359.55
660.004	362.60
660.345	356.39
660.687	358.76
661.029	349.27
661.371	343.17
661.712	343.79
662.054	341.67
662.395	342.83
662.737	353.16
663.078	349.05
663.420	351.15
663.761	350.71
664.102	348.95
664.444	349.70
664.785	347.33
665.126	338.70
665.467	344.39
665.808	348.91
666.149	348.07
666.490	343.73
666.831	339.04
667.172	334.88
667.513	339.43
667.854	331.13
668.195	321.89
668.535	323.48
668.876	326.94
669.217	325.93
669.557	329.86
669.898	323.98
670.239	337.88
670.579	353.83
670.920	355.73
671.260	351.86
671.600	350.20
671.941	346.87
672.281	343.76
672.621	328.86
672.961	317.79
673.302	313.28
673.642	310.20
673.982	314.46
674.322	317.53
674.662	310.81
675.002	327.14
675.342	331.06
675.682	329.31
676.021	333.23
676.361	325.38
676.701	316.21
677.041	326.19
677.380	314.12
677.720	304.01
678.059	304.59
678.399	296.30
678.738	298.28
679.078	303.70
679.417	300.40
679.756	293.02
680.096	289.93
680.435	290.97
680.774	296.67
681.113	296.99
681.453	296.47
681.792	297.79
682.131	299.90
682.470	304.61
682.809	304.45
683.148	299.66
683.486	296.22
683.825	292.26
684.164	289.44
684.503	289.33
684.841	284.88
685.180	278.62
685.519	278.42
685.857	274.57
686.196	271.51
686.534	266.41
686.873	256.73
687.211	256.27
687.549	260.49
687.888	260.20
688.226	263.72
688.564	266.80
688.902	269.67
689.240	274.30
689.578	275.00
689.917	267.42
690.255	283.46
690.592	292.74
690.930	287.99
691.268	288.16
691.606	291.18
691.944	288.84
692.282	292.58
692.619	271.26
692.957	254.26
693.294	257.59
693.632	261.80
693.970	258.94
694.307	261.63
694.644	259.77
694.982	263.14
695.319	269.36
695.656	264.09
695.994	261.39
696.331	260.26
696.668	252.29
697.005	251.57
697.342	252.80
697.679	247.75
698.016	244.49
698.353	236.14
698.690	233.82
699.027	235.93
699.364	234.22
699.700	227.42
700.037	225.62
700.374	225.88
700.710	224.01
701.047	222.31
701.384	222.45
701.720	224.89
702.057	230.66
702.393	229.21
702.729	236.37
703.066	241.29
703.402	238.76
703.738	239.91
704.074	240.72
704.410	235.40
704.747	231.66
705.083	218.46
705.419	207.96
705.755	207.43
706.091	202.31
706.426	197.28
706.762	195.09
707.098	204.72
707.434	209.84
707.769	218.45
708.105	226.76
708.441	228.90
708.776	230.72
709.112	232.41
709.447	222.53
709.783	220.53
710.118	223.36
710.453	218.42
710.789	215.46
711.124	213.09
711.459	217.63
711.794	225.82
712.129	229.21
712.464	223.77
712.799	220.04
713.134	223.04
713.469	222.38
713.804	219.51
714.139	218.41
714.474	215.06
714.809	216.15
715.143	217.12
715.478	215.48
715.813	210.32
716.147	208.35
716.482	206.72
716.816	203.65
717.151	206.02
717.485	206.14
717.819	204.41
718.154	210.69
718.488	208.54
718.822	205.22
719.156	206.14
719.491	199.72
719.825	202.52
720.159	201.47
720.493	203.80
720.827	207.93
721.161	210.51
721.494	217.72
721.828	215.52
722.162	215.02
722.496	218.96
722.829	213.88
723.163	209.04
723.497	210.40
723.830	209.58
724.164	211.80
724.497	213.15
724.830	213.71
725.164	214.06
725.497	223.51
725.830	224.25
726.164	213.45
726.497	213.96
726.830	209.28
727.163	203.23
727.496	204.86
727.829	196.35
728.162	186.21
728.495	192.44
728.828	193.55
729.160	195.97
729.493	198.11
729.826	200.57
730.159	207.39
730.491	215.02
730.824	222.56
731.156	228.77
731.489	227.46
731.821	230.80
732.154	218.02
732.486	214.50
732.818	217.34
733.151	214.68
733.483	205.16
733.815	203.91
734.147	204.67
734.479	214.41
734.811	211.10
735.143	200.46
735.475	196.20
735.807	195.56
736.139	200.01
736.471	200.78
736.803	194.99
737.134	195.13
737.466	205.31
737.798	205.69
738.129	211.50
738.461	207.66
738.792	200.85
739.124	200.04
739.455	199.27
739.786	198.21
740.118	196.80
740.449	193.80
740.780	198.63
741.111	205.42
741.442	215.53
741.773	213.91
742.104	215.53
742.435	214.97
742.766	214.30
743.097	209.02
743.428	210.04
743.759	209.44
744.090	215.37
744.420	213.58
744.751	217.77
745.081	219.61
745.412	215.65
745.743	219.86
746.073	218.92
746.403	214.54
746.734	211.83
747.064	205.21
747.394	202.86
747.725	211.12
748.055	199.63
748.385	192.34
748.715	191.57
749.045	192.19
749.375	198.57
749.705	203.43
750.035	200.78
750.365	196.90
750.695	203.73
751.024	202.80
751.354	200.90
751.684	199.45
752.013	195.72
752.343	195.31
752.673	204.78
753.002	202.44
753.331	205.09
753.661	205.24
753.990	202.03
754.320	195.42
754.649	189.72
754.978	187.33
755.307	185.76
755.636	186.04
755.965	186.54
756.294	187.41
756.623	191.35
756.952	198.87
757.281	195.80
757.610	200.58
757.939	197.27
758.267	196.45
758.596	196.85
758.925	197.45
759.253	199.10
759.582	199.76
759.910	194.15
760.239	194.93
760.567	197.53
760.896	193.55
761.224	199.82
761.552	195.73
761.881	196.19
762.209	201.77
762.537	201.57
762.865	202.32
763.193	206.26
763.521	200.95
763.849	203.42
764.177	206.47
764.505	203.42
764.832	208.61
765.160	210.03
765.488	207.89
765.815	209.56
766.143	206.13
766.471	202.74
766.798	196.38
767.126	194.40
767.453	191.68
767.780	202.06
768.108	202.28
768.435	204.57
768.762	206.05
769.089	214.18
769.417	208.96
769.744	207.07
770.071	198.95
770.398	199.67
770.725	200.20
771.052	205.38
771.378	201.50
771.705	206.56
772.032	211.34
772.359	212.81
772.685	215.48
773.012	209.12
773.338	205.33
773.665	210.08
773.991	208.31
774.318	202.76
774.644	201.47
774.971	198.98
775.297	202.56
775.623	204.39
775.949	201.95
776.275	206.19
776.601	211.55
776.927	214.58
777.253	214.77
777.579	218.01
777.905	215.82
778.231	216.90
778.557	218.84
778.883	217.68
779.208	214.91
779.534	218.66
779.860	217.68
780.185	217.06
780.511	216.69
780.836	209.07
781.162	207.88
781.487	215.07
781.812	214.25
782.138	213.70
782.463	212.16
782.788	207.43
783.113	214.70
783.438	216.51
783.763	215.97
784.088	219.52
784.413	221.56
784.738	221.03
785.063	227.81
785.388	225.48
785.712	229.79
786.037	233.89
786.362	234.61
786.686	229.20
787.011	235.40
787.335	232.84
787.660	228.11
787.984	225.47
788.308	217.77
788.633	212.84
788.957	217.48
789.281	216.00
789.605	214.42
789.930	221.22
790.254	223.00
790.578	222.13
790.902	217.53
791.225	225.89
791.549	220.91
791.873	225.84
792.197	225.62
792.521	221.03
792.844	222.66
793.168	226.99
793.492	219.53
793.815	220.75
794.139	214.79
794.462	211.23
794.785	208.09
795.109	204.55
795.432	205.94
795.755	207.81
796.078	216.97
796.401	222.11
796.725	229.43
797.048	228.19
797.371	235.97
797.694	228.59
798.016	226.83
798.339	222.90
798.662	220.44
798.985	217.35
799.308	220.14
799.630	216.16
799.953	223.10
800.275	224.31
800.598	224.76
800.920	231.88
801.243	235.02
801.565	239.55
801.887	241.62
802.210	240.23
802.532	238.86
802.854	236.76
803.176	230.33
803.498	236.64
803.820	239.61
804.142	239.24
804.464	244.04
804.786	242.93
805.108	247.75
805.429	246.47
805.751	233.68
806.073	229.84
806.394	230.32
806.716	231.22
807.038	237.73
807.359	228.47
807.680	229.69
808.002	229.77
808.323	234.15
808.644	234.56
808.966	230.22
809.287	227.02
809.608	235.69
809.929	233.15
810.250	240.63
810.571	238.76
810.892	234.25
811.213	241.72
811.534	241.31
811.854	238.52
812.175	244.70
812.496	240.90
812.816	240.03
813.137	246.30
813.458	240.59
813.778	240.55
814.098	247.77
814.419	247.39
814.739	251.28
815.059	253.57
815.380	252.53
815.700	256.94
816.020	260.96
816.340	259.54
816.660	263.46
816.980	267.13
817.300	272.54
817.620	273.50
817.940	273.34
818.260	278.66
818.579	280.17
818.899	278.62
819.219	279.42
819.538	275.21
819.858	273.75
820.177	273.58
820.497	266.57
820.816	263.20
821.135	264.59
821.455	259.73
821.774	263.78
822.093	268.72
822.412	265.55
822.731	268.90
823.050	279.06
823.369	284.12
823.688	295.38
824.007	302.40
824.326	315.73
824.645	336.89
824.963	372.75
825.282	385.50
825.601	397.73
825.919	409.65
826.238	423.29
826.556	429.43
826.875	437.91
827.193	428.58
827.511	438.56
827.830	457.28
828.148	468.97
828.466	480.85
828.784	496.89
829.102	509.28
829.420	523.89
829.738	537.75
830.056	548.70
830.374	565.39
830.692	576.82
831.010	600.12
831.327	623.71
831.645	640.67
831.963	650.80
832.280	672.10
832.598	689.62
832.915	720.19
833.233	733.17
833.550	751.90
833.867	784.41
834.185	821.41
834.502	845.39
834.819	871.10
835.136	887.53
835.453	902.70
835.770	913.22
836.087	915.99
836.404	912.98
836.721	915.80
837.038	917.21
837.355	920.31
837.671	916.79
837.988	907.93
838.305	899.71
838.621	900.83
838.938	896.51
839.254	882.50
839.571	865.27
839.887	863.92
840.203	861.46
840.520	857.05
840.836	860.67
841.152	856.03
841.468	861.52
841.784	872.53
842.100	883.43
842.416	897.49
842.732	916.35
843.048	925.43
843.364	956.15
843.679	976.72
843.995	985.98
844.311	991.47
844.626	1001.66
844.942	1003.76
845.257	998.12
845.573	985.26
845.888	977.80
846.203	972.09
846.519	964.14
846.834	950.11
847.149	936.73
847.464	925.25
847.779	898.81
848.094	870.64
848.409	844.96
848.724	813.86
849.039	784.49
849.354	754.31
849.669	715.98
849.983	683.76
850.298	663.01
850.613	644.46
850.927	624.05
851.242	608.82
851.556	602.13
851.871	602.65
852.185	615.42
852.499	633.71
852.814	669.94
853.128	728.46
853.442	790.57
853.756	870.24
854.070	985.63
854.384	1116.41
854.698	1268.75
855.012	1432.78
855.326	1610.78
855.640	1827.21
855.953	2054.61
856.267	2285.80
856.581	2539.66
856.894	2799.71
857.208	3055.16
857.521	3329.14
857.835	3579.32
858.148	3821.83
858.461	4060.87
858.775	4272.93
859.088	4471.41
859.401	4657.18
859.714	4814.11
860.027	4963.44
860.340	5111.05
860.653	5222.35
860.966	5329.64
861.279	5410.62
861.592	5481.69
861.904	5537.71
862.217	5569.50
862.530	5568.16
862.842	5575.80
863.155	5570.79
863.467	5532.73
863.780	5486.92
864.092	5444.34
864.405	5377.74
864.717	5315.14
865.029	5221.25
865.341	5136.58
865.653	5074.31
865.966	5003.49
866.278	4929.50
866.589	4870.78
866.901	4824.02
867.213	4831.29
867.525	4815.27
867.837	4818.85
868.149	4855.06
868.460	4892.94
868.772	4949.36
869.083	5011.66
869.395	5047.27
869.706	5088.17
870.018	5098.76
870.329	5078.50
870.640	5052.21
870.952	5006.45
871.263	4917.66
871.574	4788.44
871.885	4628.69
872.196	4464.90
872.507	4267.74
872.818	4050.55
873.129	3814.15
873.440	3593.84
873.750	3402.44
874.061	3232.01
874.372	3068.15
874.682	2946.20
874.993	2863.37
875.303	2839.39
875.614	2845.38
875.924	2895.66
876.235	3016.25
876.545	3188.25
876.855	3427.21
877.165	3715.94
877.475	4079.64
877.786	4505.69
878.096	4960.79
878.406	5481.32
878.715	6086.64
879.025	6707.54
879.335	7384.29
879.645	8065.59
879.955	8761.88
880.264	9457.58
880.574	10154.90
880.883	10793.86
881.193	11453.17
881.502	12076.79
881.812	12663.37
882.121	13211.18
882.430	13785.69
882.740	14286.35
883.049	14769.78
883.358	15183.29
883.667	15657.17
883.976	16106.08
884.285	16521.25
884.594	16967.16
884.903	17443.64
885.212	17862.40
885.520	18405.50
885.829	18866.62
886.138	19370.53
886.446	19935.62
886.755	20412.26
887.063	20914.57
887.372	21499.31
887.680	21887.17
887.988	22315.39
888.297	22646.11
888.605	22923.22
888.913	23206.58
889.221	23363.28
889.529	23415.19
889.837	23487.34
890.145	23404.14
890.453	23243.01
890.761	22964.49
891.069	22524.77
891.377	22014.29
891.684	21451.15
891.992	20815.84
892.299	20097.31
892.607	19350.97
892.914	18560.15
893.222	17711.78
893.529	16903.44
893.837	16095.82
894.144	15243.75
894.451	14518.44
894.758	13753.66
895.065	13051.80
895.372	12505.77
895.679	11996.87
895.986	11512.49
896.293	11123.20
896.600	10756.18
896.907	10580.18
897.213	10500.71
897.520	10476.53
897.827	10525.12
898.133	10681.97
898.440	10943.15
898.746	11280.25
899.053	11699.84
899.359	12171.44
899.665	12697.30
899.972	13315.17
900.278	13983.76
900.584	14722.72
900.890	15568.81
901.196	16448.75
901.502	17413.23
901.808	18519.26
902.114	19717.57
902.419	21039.42
902.725	22521.86
903.031	24157.90
903.337	25944.74
903.642	27945.73
903.948	30140.17
904.253	32518.91
904.559	35100.39
904.864	37820.65
905.169	40635.60
905.475	43593.79
905.780	46478.60
906.085	49117.86
906.390	51621.01
906.695	53872.00
907.000	55869.63
907.305	57519.68
907.610	58901.01
907.915	60025.21
908.219	61051.79
908.524	61822.94
908.829	62483.33
909.133	62937.58
909.438	63298.94
909.743	63540.31
910.047	63649.79
910.351	63624.33
910.656	63526.83
910.960	63323.56
911.264	63138.76
911.568	62843.21
911.873	62408.35
912.177	61923.42
912.481	61420.73
912.785	60871.22
913.088	60244.82
913.392	59456.18
913.696	58671.87
914.000	57755.75
914.304	56752.17
914.607	55544.62
914.911	54195.44
915.214	52736.31
915.518	51028.45
915.821	49049.50
916.124	47140.09
916.428	45078.95
916.731	42953.17
917.034	40792.70
917.337	38659.87
917.640	36853.13
917.943	35233.50
918.246	33710.95
918.549	32415.26
918.852	31455.15
919.155	30829.83
919.458	30408.16
919.760	30196.58
920.063	30177.51
920.366	30238.63
920.668	30625.42
920.971	31007.31
921.273	31480.03
921.576	32081.16
921.878	32547.47
922.180	33073.15
922.482	33634.35
922.784	34060.36
923.087	34599.44
923.389	34934.00
923.691	35097.07
923.992	35232.76
924.294	35322.17
924.596	35179.43
924.898	34832.65
925.200	34403.54
925.501	33859.11
925.803	33156.69
926.104	32407.77
926.406	31467.32
926.707	30529.86
927.009	29537.03
927.310	28305.35
927.611	27130.43
927.912	26025.57
928.214	24870.01
928.515	23749.35
928.816	22735.28
929.117	21738.32
929.418	20821.44
929.719	19890.04
930.019	19050.78
930.320	18268.75
930.621	17525.72
930.922	16842.84
931.222	16202.08
931.523	15688.08
931.823	15232.24
932.124	14754.03
932.424	14276.25
932.724	13885.27
933.025	13516.06
933.325	13248.57
933.625	13034.44
933.925	12915.17
934.225	12897.03
934.525	12988.19
934.825	13240.59
935.125	13615.21
935.425	14083.11
935.724	14690.17
936.024	15465.77
936.324	16365.22
936.623	17398.04
936.923	18528.88
937.222	19825.50
937.522	21440.37
937.821	23262.17
938.120	25130.85
938.420	27262.97
938.719	29659.42
939.018	32014.92
939.317	34537.79
939.616	37064.44
939.915	39614.85
940.214	42250.40
940.513	44744.47
940.812	47032.43
941.111	49285.72
941.409	51120.27
941.708	52758.09
942.006	54133.28
942.305	55244.68
942.603	56102.63
942.902	56822.07
943.200	57368.49
943.499	57863.60
943.797	58131.04
944.095	58167.82
944.393	58113.97
944.691	58000.91
944.989	57741.16
945.287	57482.86
945.585	57131.77
945.883	56728.06
946.181	56460.02
946.479	56218.67
946.776	55955.48
947.074	55716.77
947.371	55602.25
947.669	55577.05
947.966	55639.75
948.264	55572.12
948.561	55533.36
948.858	55552.00
949.156	55596.73
949.453	55535.92
949.750	55572.82
950.047	55652.74
950.344	55796.84
950.641	55918.43
950.938	56115.52
951.235	56315.85
951.532	56510.68
951.828	56662.49
952.125	56692.53
952.422	56710.67
952.718	56633.88
953.015	56394.64
953.311	56050.58
953.607	55653.92
953.904	55148.79
954.200	54575.99
954.496	53850.84
954.792	53223.88
955.089	52568.29
955.385	51926.07
955.681	51227.70
955.976	50509.54
956.272	49740.73
956.568	49070.50
956.864	48457.79
957.160	47861.01
957.455	47515.79
957.751	47371.02
958.046	47244.73
958.342	47354.25
958.637	47769.33
958.933	48366.98
959.228	49201.80
959.523	50006.58
959.818	50807.89
960.114	51902.84
960.409	53070.81
960.704	54079.90
960.999	54874.06
961.294	55492.66
961.588	56031.55
961.883	56524.20
962.178	56755.16
962.473	56929.71
962.767	57138.13
963.062	57383.30
963.356	57741.81
963.651	58062.50
963.945	58334.77
964.239	58589.32
964.534	58735.13
964.828	58687.31
965.122	58468.98
965.416	58060.70
965.710	57481.52
966.004	56748.18
966.298	55833.77
966.592	54762.89
966.886	53529.51
967.180	52030.76
967.473	50287.78
967.767	48238.80
968.061	45945.83
968.354	43512.73
968.648	40884.45
968.941	38094.17
969.234	35419.20
969.528	32802.47
969.821	30314.06
970.114	27976.97
970.407	25776.51
970.700	23649.16
970.993	21671.71
971.286	19757.02
971.579	17856.93
971.872	16053.96
972.165	14303.57
972.457	12583.36
972.750	11023.67
973.043	9571.91
973.335	8215.54
973.628	7016.13
973.920	5960.47
974.213	5037.69
974.505	4307.37
974.797	3705.52
975.089	3248.57
975.382	2921.27
975.674	2709.64
975.966	2616.98
976.258	2617.33
976.550	2678.67
976.841	2812.66
977.133	2993.11
977.425	3197.81
977.717	3445.65
978.008	3712.59
978.300	3978.89
978.591	4249.17
978.883	4528.20
979.174	4815.69
979.465	5123.63
979.757	5444.32
980.048	5754.68
980.339	6075.32
980.630	6402.63
980.921	6689.97
981.212	6943.17
981.503	7152.75
981.794	7285.50
982.085	7369.76
982.376	7408.26
982.666	7407.87
982.957	7388.42
983.248	7334.52
983.538	7247.92
983.828	7144.66
984.119	6997.22
984.409	6817.49
984.700	6601.80
984.990	6347.94
985.280	6081.36
985.570	5804.09
985.860	5526.15
986.150	5283.56
986.440	5039.03
986.730	4778.67
987.020	4520.35
987.309	4263.62
987.599	4008.88
987.889	3741.97
988.178	3464.82
988.468	3206.84
988.757	2970.14
989.047	2754.51
989.336	2554.42
989.625	2369.42
989.915	2215.74
990.204	2079.66
990.493	1948.03
990.782	1837.53
991.071	1732.21
991.360	1634.02
991.649	1549.76
991.938	1468.86
992.226	1392.37
992.515	1324.06
992.804	1257.15
993.092	1198.60
993.381	1145.38
993.669	1094.60
993.958	1051.60
994.246	1015.79
994.534	989.66
994.823	961.19
995.111	935.69
995.399	914.14
995.687	890.99
995.975	866.45
996.263	839.66
996.551	811.98
996.839	798.60
997.126	787.31
997.414	771.46
997.702	761.74
997.989	754.89
998.277	754.41
998.564	745.32
998.852	721.55
999.139	698.27
999.426	676.42
999.713	657.32
1000.001	632.34
1000.288	599.55
1000.575	572.80
1000.862	552.56
1001.149	535.86
1001.436	515.45
1001.722	490.25
1002.009	475.75
1002.296	467.47
1002.582	457.37
1002.869	443.21
1003.156	435.33
1003.442	434.12
1003.728	432.76
1004.015	427.45
1004.301	416.93
1004.587	408.05
1004.873	409.58
1005.160	404.02
1005.446	399.36
1005.732	399.66
1006.017	395.16
1006.303	398.96
1006.589	398.94
1006.875	395.79
1007.161	398.32
1007.446	396.09
1007.732	392.93
1008.017	392.38
1008.303	389.07
1008.588	393.34
1008.873	393.27
1009.159	386.23
1009.444	382.76
1009.729	378.21
1010.014	374.05
1010.299	368.74
1010.584	363.27
1010.869	359.84
1011.154	363.64
1011.439	363.63
1011.723	361.48
1012.008	364.67
1012.293	363.68
1012.577	359.81
1012.862	357.17
1013.146	348.05
1013.430	336.22
1013.715	328.05
1013.999	322.15
1014.283	318.62
1014.567	311.62
1014.851	308.43
1015.135	303.01
1015.419	305.17
1015.703	311.32
1015.987	306.02
1016.271	304.02
1016.555	305.50
1016.838	303.37
1017.122	305.95
1017.405	305.49
1017.689	298.03
1017.972	296.62
1018.256	295.40
1018.539	299.69
1018.822	299.53
1019.105	300.47
1019.388	298.43
1019.671	297.17
1019.954	301.30
1020.237	303.55
1020.520	300.84
1020.803	285.82
1021.086	251.03
1021.368	189.30
1021.651	92.74
1021.934	-45.91
1022.216	-233.37
