339.735	113.32
340.108	95.17
340.482	79.42
340.855	67.75
341.228	46.66
341.602	24.27
341.975	-3.92
342.348	-9.84
342.721	-15.54
343.094	-23.4
343.468	-29.21
343.841	-27.06
344.214	-23.08
344.587	-11.35
344.96	-5.75
345.333	1.89
345.706	13.51
346.079	23.52
346.452	28.15
346.824	35.79
347.197	46.66
347.57	43.64
347.943	52.9
348.316	65.7
348.688	73.13
349.061	81.95
349.434	94.87
349.806	98.95
350.179	118.97
350.552	123.38
350.924	123.49
351.297	128.66
351.669	134.9
352.042	126.07
352.414	125.75
352.787	129.62
353.159	132.96
353.531	136.62
353.904	143.4
354.276	142.54
354.648	150.29
355.02	156.74
355.393	155.99
355.765	155.77
356.137	155.77
356.509	155.99
356.881	157.17
357.253	154.48
357.625	149.21
357.997	149.21
358.369	148.24
358.741	153.84
359.113	151.04
359.485	170.41
359.857	174.71
360.229	177.51
360.6	172.24
360.972	173.85
361.344	169.87
361.716	170.84
362.087	151.25
362.459	147.7
362.831	146.41
363.202	152.98
363.574	155.02
363.945	153.3
364.317	152.44
364.688	153.51
365.06	152.01
365.431	150.07
365.803	142.54
366.174	144.15
366.545	148.35
366.917	146.95
367.288	146.63
367.659	150.18
368.03	152.55
368.402	155.34
368.773	150.61
369.144	149.21
369.515	146.63
369.886	147.27
370.257	144.69
370.628	144.15
370.999	146.3
371.37	141.25
371.741	138.45
372.112	141.46
372.483	143.29
372.853	146.2
373.224	142.86
373.595	146.2
373.966	149.85
374.336	147.92
374.707	148.24
375.078	149.85
375.448	169.33
375.819	180.31
376.19	177.4
376.56	175.9
376.931	182.03
377.301	186.87
377.671	182.78
378.042	168.58
378.412	162.55
378.783	159.22
379.153	159.97
379.523	155.02
379.893	152.44
380.264	153.62
380.634	147.49
381.004	147.92
381.374	150.61
381.744	154.27
382.114	161.91
382.484	165.24
382.854	170.3
383.224	171.38
383.594	172.35
383.964	176.97
384.334	174.39
384.704	172.45
385.074	170.3
385.444	162.77
385.814	169.44
386.183	169.01
386.553	167.18
386.923	171.7
387.292	170.3
387.662	170.09
388.032	168.9
388.401	159.22
388.771	159.32
389.14	156.1
389.51	152.65
389.879	154.05
390.248	150.18
390.618	148.67
390.987	153.41
391.356	150.72
391.726	147.16
392.095	147.81
392.464	143.72
392.833	144.9
393.203	145.98
393.572	146.52
393.941	149.64
394.31	156.31
394.679	156.63
395.048	153.73
395.417	153.73
395.786	165.03
396.155	164.92
396.524	189.56
396.893	191.28
397.261	192.9
397.63	199.68
397.999	198.93
398.368	186.01
398.736	186.66
399.105	179.88
399.474	180.95
399.842	177.94
400.211	179.99
400.579	183.32
400.948	187.95
401.317	186.23
401.685	163.31
402.053	155.24
402.422	159.86
402.79	154.91
403.158	147.92
403.527	149.1
403.895	146.41
404.263	147.49
404.632	150.07
405	147.38
405.368	144.26
405.736	155.67
406.104	157.5
406.472	158.46
406.84	157.93
407.208	159.97
407.576	168.69
407.944	173.53
408.312	170.3
408.68	162.01
409.048	163.2
409.415	163.74
409.783	166.75
410.151	159.76
410.519	160.29
410.886	159.32
411.254	165.46
411.622	167.18
411.989	170.95
412.357	163.63
412.724	159.65
413.092	155.99
413.459	156.63
413.827	154.8
414.194	152.11
414.561	156.31
414.929	159.97
415.296	161.05
415.663	164.71
416.03	163.31
416.398	168.26
416.765	166.53
417.132	156.2
417.499	156.31
417.866	155.77
418.233	149.64
418.6	149.21
418.967	143.94
419.334	147.06
419.701	155.67
420.068	148.89
420.435	144.47
420.802	154.8
421.168	155.34
421.535	159
421.902	158.89
422.269	159.86
422.635	168.15
423.002	169.33
423.369	160.51
423.735	159.43
424.102	157.93
424.468	155.02
424.835	152.01
425.201	148.24
425.567	149.75
425.934	153.51
426.3	151.36
426.667	155.77
427.033	160.51
427.399	154.8
427.765	156.74
428.131	154.48
428.498	156.74
428.864	161.26
429.23	154.8
429.596	153.62
429.962	154.59
430.328	156.31
430.694	162.55
431.06	165.35
431.426	170.3
431.792	174.61
432.157	173.85
432.523	177.94
432.889	171.81
433.255	174.5
433.62	166.43
433.986	164.81
434.352	163.63
434.717	164.49
435.083	164.81
435.448	174.71
435.814	172.24
436.179	180.2
436.545	172.45
436.91	171.38
437.276	172.88
437.641	166.43
438.006	153.84
438.372	154.27
438.737	146.95
439.102	155.02
439.467	166.43
439.832	161.37
440.197	166.21
440.563	177.94
440.928	177.83
441.293	183.32
441.658	181.6
442.023	172.56
442.387	176.11
442.752	176.87
443.117	177.62
443.482	180.2
443.847	180.63
444.212	181.17
444.576	183.97
444.941	187.2
445.306	188.06
445.67	182.46
446.035	178.37
446.399	176.54
446.764	177.62
447.128	173.53
447.493	172.78
447.857	175.36
448.222	181.28
448.586	185.69
448.95	187.52
449.315	182.35
449.679	191.07
450.043	190.96
450.407	192.36
450.772	192.25
451.136	195.27
451.5	196.24
451.864	206.35
452.228	205.92
452.592	207.32
452.956	210.22
453.32	210.12
453.684	209.58
454.047	209.69
454.411	208.18
454.775	206.35
455.139	209.79
455.503	208.72
455.866	207.53
456.23	202.69
456.594	202.69
456.957	202.15
457.321	196.67
457.684	196.34
458.048	194.08
458.411	195.8
458.775	198.49
459.138	198.6
459.501	196.45
459.865	193.33
460.228	191.93
460.591	202.05
460.955	198.71
461.318	201.29
461.681	200.11
462.044	206.03
462.407	211.73
462.77	211.73
463.133	207.21
463.496	213.78
463.859	208.29
464.222	209.26
464.585	208.4
464.948	203.34
465.311	201.4
465.674	197.1
466.036	196.24
466.399	202.8
466.762	200.43
467.124	193.44
467.487	202.8
467.85	204.52
468.212	204.09
468.575	197.1
468.937	192.36
469.3	194.73
469.662	194.62
470.024	186.01
470.387	180.63
470.749	193.22
471.111	191.93
471.474	190.96
471.836	191.72
472.198	190.75
472.56	192.68
472.922	198.28
473.284	187.84
473.646	194.73
474.008	198.06
474.37	191.93
474.732	192.15
475.094	200
475.456	193.76
475.818	193.01
476.18	189.35
476.542	190.85
476.903	191.5
477.265	189.99
477.627	180.63
477.988	185.37
478.35	176.76
478.711	174.28
479.073	169.76
479.435	176
479.796	181.17
480.157	186.66
480.519	186.23
480.88	192.79
481.241	189.67
481.603	193.98
481.964	193.44
482.325	191.07
482.686	191.72
483.048	197.2
483.409	200.43
483.77	205.17
484.131	205.17
484.492	200.22
484.853	203.77
485.214	201.4
485.575	197.31
485.936	198.6
486.296	200
486.657	195.48
487.018	198.39
487.379	190.1
487.739	196.13
488.1	195.05
488.461	193.87
488.821	196.13
489.182	194.94
489.542	195.05
489.903	204.63
490.263	202.37
490.624	205.38
490.984	201.62
491.345	204.41
491.705	209.47
492.065	208.83
492.425	209.04
492.786	206.03
493.146	206.03
493.506	206.14
493.866	207.75
494.226	208.61
494.586	211.41
494.946	210.22
495.306	205.38
495.666	206.89
496.026	216.04
496.386	215.71
496.746	218.62
497.106	217.11
497.465	216.25
497.825	220.23
498.185	215.07
498.544	207.21
498.904	201.08
499.264	194.51
499.623	195.7
499.983	196.34
500.342	199.36
500.702	201.08
501.061	208.07
501.42	212.59
501.78	214.64
502.139	212.16
502.498	208.4
502.858	206.03
503.217	206.67
503.576	206.46
503.935	204.84
504.294	207.96
504.653	211.19
505.012	212.81
505.371	211.41
505.73	215.39
506.089	210.98
506.448	217.11
506.807	217.43
507.166	221.74
507.524	230.67
507.883	238.96
508.242	242.4
508.601	241.43
508.959	240.14
509.318	239.06
509.676	235.08
510.035	228.73
510.393	232.07
510.752	229.49
511.11	233.79
511.469	234.87
511.827	238.1
512.185	242.4
512.544	251.12
512.902	244.77
513.26	242.72
513.618	241.43
513.976	239.17
514.334	239.93
514.692	241.22
515.05	230.78
515.408	229.38
515.766	233.36
516.124	230.02
516.482	225.94
516.84	218.94
517.198	215.82
517.556	213.24
517.913	218.51
518.271	217.22
518.629	219.05
518.986	224.11
519.344	225.83
519.701	223.46
520.059	228.63
520.416	224.64
520.774	228.84
521.131	236.27
521.489	232.18
521.846	235.84
522.203	237.56
522.561	242.29
522.918	244.44
523.275	243.48
523.632	237.77
523.989	240.57
524.346	241.54
524.703	248.43
525.06	248.96
525.417	253.7
525.774	256.71
526.131	261.23
526.488	265.32
526.845	272.1
527.202	271.13
527.559	271.35
527.915	272.42
528.272	269.3
528.629	261.23
528.985	258.76
529.342	259.3
529.698	260.05
530.055	259.94
530.411	255.42
530.768	253.16
531.124	255.74
531.48	255.64
531.837	253.38
532.193	252.95
532.549	255.85
532.906	256.6
533.262	256.17
533.618	267.04
533.974	271.78
534.33	270.7
534.686	264.46
535.042	259.83
535.398	256.82
535.754	256.17
536.11	256.07
536.466	255.64
536.821	252.95
537.177	260.48
537.533	262.95
537.889	268.33
538.244	277.27
538.6	271.46
538.955	274.58
539.311	275.76
539.667	274.15
540.022	272.75
540.377	269.73
540.733	268.66
541.088	266.5
541.444	261.55
541.799	265.54
542.154	267.37
542.509	274.15
542.864	274.25
543.22	271.46
543.575	275.44
543.93	272.21
544.285	270.7
544.64	272.64
544.995	264.35
545.35	270.7
545.705	265.32
546.059	263.49
546.414	266.61
546.769	263.38
547.124	259.4
547.478	262.95
547.833	256.71
548.188	263.17
548.542	264.57
548.897	266.07
549.251	273.18
549.606	280.28
549.96	278.56
550.315	280.06
550.669	276.3
551.023	275.76
551.378	277.7
551.732	274.9
552.086	269.3
552.44	273.5
552.794	277.16
553.148	279.42
553.502	281.25
553.856	282.43
554.21	275.54
554.564	275.76
554.918	270.59
555.272	274.36
555.626	280.06
555.98	308.37
556.334	307.61
556.687	311.27
557.041	306.86
557.395	315.68
557.748	313.75
558.102	314.61
558.455	292.01
558.809	294.91
559.162	297.39
559.516	303.42
559.869	302.99
560.222	299.43
560.576	291.9
560.929	288.78
561.282	286.2
561.635	285.34
561.988	289
562.342	286.41
562.695	292.22
563.048	298.47
563.401	295.02
563.754	294.48
564.107	300.62
564.459	298.14
564.812	299
565.165	305.24
565.518	303.95
565.871	305.03
566.223	305.68
566.576	302.66
566.929	299.43
567.281	299.11
567.634	290.39
567.986	293.52
568.339	297.82
568.691	295.67
569.044	299.33
569.396	303.09
569.748	302.77
570.1	309.44
570.453	305.35
570.805	302.45
571.157	311.06
571.509	306.64
571.861	307.07
572.213	304.06
572.565	301.26
572.917	306.43
573.269	311.27
573.621	312.24
573.973	318.91
574.325	327.2
574.677	332.36
575.028	324.83
575.38	324.61
575.732	319.02
576.083	316.65
576.435	315.04
576.786	314.07
577.138	315.68
577.489	323.22
577.841	320.53
578.192	326.87
578.543	321.39
578.895	317.73
579.246	314.71
579.597	316.22
579.948	314.93
580.3	315.9
580.651	317.62
581.002	317.4
581.353	321.06
581.704	319.45
582.055	319.02
582.406	316.01
582.757	314.82
583.107	308.15
583.458	313.96
583.809	314.18
584.16	312.67
584.51	309.33
584.861	311.92
585.212	314.18
585.562	320.74
585.913	312.89
586.263	304.06
586.614	306.97
586.964	312.56
587.315	309.98
587.665	312.13
588.015	301.69
588.365	307.29
588.716	313.53
589.066	308.58
589.416	300.73
589.766	306.86
590.116	301.69
590.466	316.22
590.816	316.87
591.166	315.68
591.516	317.73
591.866	317.84
592.216	315.9
592.566	311.59
592.915	305.57
593.265	306.11
593.615	307.4
593.964	308.8
594.314	314.39
594.663	308.58
595.013	312.02
595.362	305.24
595.712	302.23
596.061	302.77
596.411	299.22
596.76	295.56
597.109	293.41
597.458	295.34
597.808	298.57
598.157	297.6
598.506	296.21
598.855	299.43
599.204	302.23
599.553	313.96
599.902	317.84
600.251	318.48
600.6	317.51
600.949	320.96
601.297	318.27
601.646	317.94
601.995	309.98
602.344	305.24
602.692	305.89
603.041	310.09
603.389	311.49
603.738	313.42
604.086	310.95
604.435	318.48
604.783	321.17
605.132	317.51
605.48	320.2
605.828	309.98
606.177	310.63
606.525	315.25
606.873	311.7
607.221	309.98
607.569	317.51
607.917	312.67
608.265	319.99
608.613	320.53
608.961	310.95
609.309	313.32
609.657	308.47
610.005	303.74
610.352	305.03
610.7	304.49
611.048	304.92
611.395	308.04
611.743	302.55
612.091	304.81
612.438	302.34
612.786	303.85
613.133	301.69
613.48	302.45
613.828	302.77
614.175	306.97
614.522	312.56
614.87	314.61
615.217	309.44
615.564	309.76
615.911	304.28
616.258	307.72
616.605	306.43
616.952	307.83
617.299	313.1
617.646	317.08
617.993	315.04
618.34	316.01
618.687	314.39
619.033	336.77
619.38	337.74
619.727	335.81
620.073	336.24
620.42	336.99
620.767	350.23
621.113	354.75
621.459	331.18
621.806	330
622.152	331.18
622.499	329.24
622.845	340.22
623.191	327.2
623.537	327.74
623.884	328.49
624.23	321.28
624.576	317.19
624.922	311.7
625.268	301.05
625.614	301.26
625.96	292.01
626.306	292.22
626.652	294.27
626.998	295.13
627.343	302.66
627.689	305.24
628.035	305.89
628.38	310.52
628.726	308.15
629.072	304.92
629.417	307.5
629.763	312.13
630.108	316.44
630.453	312.02
630.799	311.92
631.144	308.69
631.489	318.05
631.835	314.61
632.18	310.19
632.525	306.32
632.87	308.9
633.215	305.46
633.56	311.49
633.905	302.02
634.25	300.29
634.595	292.87
634.94	289
635.285	290.29
635.63	288.78
635.974	284.8
636.319	290.83
636.664	287.92
637.008	294.7
637.353	292.76
637.698	293.41
638.042	292.76
638.387	283.29
638.731	282.75
639.075	283.08
639.42	277.7
639.764	277.8
640.108	269.95
640.452	268.98
640.797	277.05
641.141	275.87
641.485	276.94
641.829	277.59
642.173	279.31
642.517	282.86
642.861	284.05
643.205	283.62
643.549	280.71
643.892	282.22
644.236	282
644.58	275.11
644.923	276.84
645.267	273.61
645.611	272.75
645.954	268.98
646.298	266.72
646.641	262.09
646.985	266.29
647.328	262.95
647.671	266.83
648.015	263.28
648.358	261.12
648.701	264.35
649.044	266.94
649.387	265.21
649.731	262.85
650.074	260.16
650.417	260.48
650.76	255.64
651.102	247.14
651.445	245.63
651.788	245.09
652.131	243.48
652.474	240.57
652.816	242.72
653.159	247.14
653.502	250.26
653.844	250.9
654.187	255.64
654.529	265
654.872	273.39
655.214	266.07
655.557	278.13
655.899	276.08
656.241	278.56
656.583	275.87
656.926	267.69
657.268	259.94
657.61	265.75
657.952	253.05
658.294	263.71
658.636	264.68
658.978	268.44
659.32	270.16
659.662	269.09
660.004	264.25
660.345	261.12
660.687	244.98
661.029	236.7
661.371	227.55
661.712	224.64
662.054	227.55
662.395	229.92
662.737	232.39
663.078	240.68
663.42	240.36
663.761	247.35
664.102	245.52
664.444	240.57
664.785	241
665.126	241.32
665.467	233.47
665.808	237.13
666.149	237.34
666.49	235.41
666.831	244.23
667.172	251.12
667.513	256.17
667.854	263.81
668.195	263.49
668.535	259.83
668.876	260.37
669.217	255.64
669.557	252.3
669.898	247.24
670.239	236.05
670.579	234.01
670.92	230.24
671.26	235.62
671.6	228.2
671.941	236.37
672.281	232.93
672.621	237.88
672.961	238.31
673.302	239.6
673.642	235.3
673.982	243.48
674.322	230.99
674.662	231.32
675.002	239.39
675.342	243.05
675.682	243.15
676.021	242.94
676.361	233.58
676.701	277.48
677.041	282.75
677.38	278.02
677.72	276.08
678.059	269.84
678.399	268.76
678.738	267.9
679.078	224.11
679.417	220.12
679.756	211.3
680.096	206.46
680.435	212.59
680.774	220.12
681.113	227.87
681.453	228.52
681.792	224.43
682.131	230.02
682.47	232.18
682.809	229.38
683.148	221.52
683.486	219.69
683.825	213.99
684.164	215.82
684.503	214.96
684.841	215.39
685.18	210.33
685.519	211.19
685.857	206.14
686.196	202.15
686.534	208.93
686.873	206.24
687.211	206.78
687.549	215.82
687.888	215.5
688.226	220.99
688.564	229.92
688.902	223.35
689.24	229.59
689.578	229.06
689.917	225.61
690.255	219.91
690.592	224.86
690.93	218.4
691.268	217.54
691.606	208.83
691.944	223.35
692.282	218.83
692.619	225.29
692.957	215.17
693.294	216.68
693.632	213.24
693.97	218.19
694.307	199.79
694.644	208.29
694.982	248.96
695.319	259.4
695.656	253.91
695.994	253.91
696.331	254.78
696.668	258.86
697.005	254.67
697.342	211.19
697.679	208.4
698.016	211.95
698.353	217.76
698.69	212.05
699.027	211.95
699.364	208.83
699.7	210.98
700.037	202.05
700.374	201.94
700.71	198.39
701.047	204.63
701.384	199.57
701.72	203.77
702.057	199.57
702.393	208.18
702.729	210.87
703.066	209.26
703.402	213.24
703.738	215.71
704.074	210.87
704.41	217
704.747	212.16
705.083	212.7
705.419	217.86
705.755	208.83
706.091	204.2
706.426	204.09
706.762	201.51
707.098	200.75
707.434	195.8
707.769	192.58
708.105	193.44
708.441	195.16
708.776	203.77
709.112	199.68
709.447	200.22
709.783	203.77
710.118	202.69
710.453	203.34
710.789	205.6
711.124	199.46
711.459	205.38
711.794	209.15
712.129	210.01
712.464	211.84
712.799	210.65
713.134	209.26
713.469	214.21
713.804	211.62
714.139	210.44
714.474	206.14
714.809	201.72
715.143	205.49
715.478	200.86
715.813	192.15
716.147	191.28
716.482	188.92
716.816	187.3
717.151	187.41
717.485	182.89
717.819	185.8
718.154	188.92
718.488	187.3
718.822	185.58
719.156	188.16
719.491	189.89
719.825	192.36
720.159	192.36
720.493	188.49
720.827	188.49
721.161	186.87
721.494	187.41
721.828	191.39
722.162	189.89
722.496	191.28
722.829	192.9
723.163	195.59
723.497	194.08
723.83	198.71
724.164	191.5
724.497	190.85
724.83	195.7
725.164	193.11
725.497	193.22
725.83	194.84
726.164	193.22
726.497	193.11
726.83	191.72
727.163	193.44
727.496	199.36
727.829	197.42
728.162	197.63
728.495	195.91
728.828	198.6
729.16	199.68
729.493	195.48
729.826	192.68
730.159	194.3
730.491	193.11
730.824	190.85
731.156	187.63
731.489	185.8
731.821	182.78
732.154	184.51
732.486	183.54
732.818	182.25
733.151	185.37
733.483	188.27
733.815	186.01
734.147	194.84
734.479	191.61
734.811	192.47
735.143	194.62
735.475	189.99
735.807	196.99
736.139	200.86
736.471	191.72
736.803	189.56
737.134	186.87
737.466	189.99
737.798	198.17
738.129	193.98
738.461	190.96
738.792	191.93
739.124	195.27
739.455	193.87
739.786	194.84
740.118	190.21
740.449	187.52
740.78	194.08
741.111	187.52
741.442	191.28
741.773	193.44
742.104	191.61
742.435	192.25
742.766	195.59
743.097	195.37
743.428	206.46
743.759	202.26
744.09	200.97
744.42	200.75
744.751	199.57
745.081	199.68
745.412	195.59
745.743	189.67
746.073	191.82
746.403	188.27
746.734	188.38
747.064	187.2
747.394	185.26
747.725	182.35
748.055	185.8
748.385	185.9
748.715	192.36
749.045	186.23
749.375	183.86
749.705	179.56
750.035	183.86
750.365	179.88
750.695	180.74
751.024	179.66
751.354	184.61
751.684	188.92
752.013	191.28
752.343	193.33
752.673	196.13
753.002	193.98
753.331	197.42
753.661	201.08
753.99	203.77
754.32	200
754.649	191.82
754.978	191.39
755.307	191.07
755.636	190.1
755.965	190.1
756.294	187.2
756.623	197.85
756.952	201.08
757.281	206.46
757.61	209.36
757.939	210.33
758.267	208.18
758.596	214.74
758.925	212.27
759.253	227.23
759.582	228.41
759.91	228.52
760.239	223.25
760.567	230.13
760.896	221.74
761.224	219.8
761.552	208.93
761.881	201.29
762.209	201.51
762.537	203.34
762.865	194.3
763.193	198.28
763.521	197.31
763.849	195.27
764.177	197.96
764.505	200.54
764.832	197.63
765.16	196.02
765.488	196.13
765.815	200.86
766.143	202.8
766.471	205.7
766.798	199.57
767.126	204.63
767.453	211.41
767.78	211.52
768.108	210.98
768.435	212.91
768.762	209.69
769.089	212.7
769.417	211.95
769.744	207.32
770.071	205.06
770.398	202.8
770.725	201.72
771.052	198.17
771.378	201.72
771.705	204.31
772.032	205.49
772.359	205.7
772.685	205.92
773.012	200.43
773.338	201.72
773.665	197.53
773.991	192.68
774.318	196.02
774.644	197.85
774.971	194.73
775.297	198.28
775.623	196.45
775.949	194.08
776.275	195.91
776.601	193.01
776.927	195.59
777.253	196.45
777.579	194.41
777.905	189.35
778.231	187.2
778.557	187.2
778.883	189.89
779.208	179.56
779.534	178.8
779.86	181.49
780.185	191.28
780.511	199.89
780.836	199.46
781.162	199.68
781.487	208.07
781.812	207.86
782.138	206.46
782.463	206.46
782.788	206.89
783.113	209.15
783.438	204.52
783.763	199.46
784.088	204.2
784.413	206.35
784.738	202.8
785.063	199.68
785.388	193.11
785.712	199.46
786.037	202.05
786.362	198.82
786.686	197.42
787.011	204.52
787.335	199.25
787.66	210.22
787.984	210.98
788.308	215.07
788.633	214.31
788.957	219.37
789.281	219.37
789.605	227.66
789.93	219.48
790.254	217.86
790.578	216.14
790.902	214.42
791.225	212.48
791.549	208.93
791.873	206.35
792.197	207.86
792.521	201.83
792.844	199.68
793.168	205.27
793.492	204.52
793.815	210.55
794.139	209.69
794.462	209.47
794.785	215.17
795.109	215.71
795.432	212.05
795.755	208.18
796.078	201.29
796.401	198.93
796.725	197.74
797.048	200.11
797.371	198.82
797.694	199.03
798.016	201.19
798.339	201.29
798.662	199.89
798.985	207.75
799.308	198.82
799.63	202.69
799.953	204.95
800.275	209.36
800.598	206.24
800.92	208.18
801.243	203.45
801.565	218.08
801.887	221.85
802.21	226.8
802.532	226.9
802.854	228.41
803.176	231.32
803.498	233.68
803.82	220.56
804.142	215.61
804.464	214.74
804.786	216.14
805.108	222.71
805.429	220.66
805.751	220.66
806.073	222.17
806.394	224.86
806.716	222.81
807.038	217.33
807.359	215.71
807.68	217.33
808.002	212.59
808.323	214.96
808.644	210.98
808.966	208.83
809.287	214.42
809.608	216.36
809.929	214.96
810.25	221.31
810.571	216.9
810.892	214.21
811.213	214.1
811.534	212.16
811.854	206.35
812.175	210.76
812.496	214.42
812.816	224.64
813.137	234.54
813.458	237.88
813.778	241.43
814.098	246.6
814.419	245.09
814.739	246.38
815.059	240.36
815.38	247.35
815.7	247.89
816.02	247.24
816.34	250.04
816.66	255.1
816.98	251.33
817.3	263.81
817.62	265.32
817.94	274.36
818.26	291.26
818.579	300.94
818.899	307.5
819.219	318.05
819.538	316.54
819.858	321.49
820.177	326.34
820.497	317.19
820.816	321.92
821.135	331.61
821.455	333.12
821.774	344.09
822.093	345.6
822.412	348.5
822.731	355.18
823.05	355.82
823.369	353.24
823.688	360.99
824.007	356.04
824.326	353.45
824.645	352.16
824.963	348.72
825.282	347
825.601	347.32
825.919	334.84
826.238	330.1
826.556	353.78
826.875	351.63
827.193	350.66
827.511	345.38
827.83	338.71
828.148	341.4
828.466	345.49
828.784	327.2
829.102	330.1
829.42	343.77
829.738	357.11
830.056	371.75
830.374	387.03
830.692	397.68
831.01	403.06
831.327	411.46
831.645	410.49
831.963	410.7
832.28	418.99
832.598	421.25
832.915	432.12
833.233	442.99
833.55	448.15
833.867	459.99
834.185	473.33
834.502	474.62
834.819	474.52
835.136	473.98
835.453	470.32
835.77	476.67
836.087	473.44
836.404	469.57
836.721	476.02
837.038	476.24
837.355	478.28
837.671	484.95
837.988	493.03
838.305	505.94
838.621	526.71
838.938	548.23
839.254	579.65
839.571	607.52
839.887	644.54
840.203	691.57
840.52	745.8
840.836	802.08
841.152	856.64
841.468	924.22
841.784	992.88
842.1	1068.96
842.416	1141.6
842.732	1215.52
843.048	1280.2
843.364	1351.87
843.679	1422.57
843.995	1500.69
844.311	1569.24
844.626	1620.14
844.942	1678.36
845.257	1728.94
845.573	1774.67
845.888	1799.21
846.203	1825.03
846.519	1834.61
846.834	1853.12
847.149	1852.15
847.464	1854.73
847.779	1842.68
848.094	1840.64
848.409	1826.86
848.724	1818.79
849.039	1801.04
849.354	1773.06
849.669	1741.74
849.983	1713.55
850.298	1683.52
850.613	1644.57
850.927	1594.96
851.242	1551.38
851.556	1522.32
851.871	1506.29
852.185	1489.93
852.499	1477.02
852.814	1481.11
853.128	1521.79
853.442	1545.89
853.756	1574.3
854.07	1608.2
854.384	1646.51
854.698	1698.91
855.012	1750.89
855.326	1777.79
855.64	1840.53
855.953	1903.27
856.267	1952.44
856.581	2000.01
856.894	2039.39
857.208	2078.89
857.521	2109.66
857.835	2123.65
858.148	2128.17
858.461	2136.57
858.775	2148.62
859.088	2158.84
859.401	2160.13
859.714	2173.58
860.027	2205.76
860.34	2246.87
860.653	2270.86
860.966	2311.54
861.279	2370.4
861.592	2438.41
861.904	2516.54
862.217	2589.18
862.53	2688.39
862.842	2810.53
863.155	2946.12
863.467	3079.56
863.78	3221.93
864.092	3378.18
864.405	3560.9
864.717	3744.06
865.029	3926.56
865.341	4114.24
865.653	4313
865.966	4503.36
866.278	4701.47
866.589	4878.06
866.901	5026.99
867.213	5206.7
867.525	5360.91
867.837	5507.37
868.149	5644.14
868.46	5766.71
868.772	5881.64
869.083	6009.05
869.395	6107.62
869.706	6212.97
870.018	6319.29
870.329	6420.55
870.64	6531.61
870.952	6665.37
871.263	6786.32
871.574	6898.02
871.885	7015
872.196	7147.79
872.507	7286.93
872.818	7418.64
873.129	7518.51
873.44	7615.14
873.75	7736.53
874.061	7844.78
874.372	7918.07
874.682	7988.23
874.993	8035.58
875.303	8060.76
875.614	8087.12
875.924	8056.56
876.235	8021.59
876.545	7961.86
876.855	7893.42
877.165	7764.29
877.475	7649.36
877.786	7487.95
878.096	7311.03
878.406	7063.21
878.715	6794.93
879.025	6511.05
879.335	6225.02
879.645	5902.08
879.955	5584.96
880.264	5275.04
880.574	4988.25
880.883	4699.53
881.193	4397.58
881.502	4121.56
881.812	3854.14
882.121	3614.92
882.43	3391.85
882.74	3208.26
883.049	3073.43
883.358	2968.61
883.667	2912.66
883.976	2903.51
884.285	2923.63
884.594	2995.41
884.903	3097.42
885.212	3229.57
885.52	3439.2
885.829	3666.25
886.138	3954.76
886.446	4303.85
886.755	4688.13
887.063	5158.17
887.372	5676.53
887.68	6246.76
887.988	6943
888.297	7716.94
888.605	8597.84
888.913	9605.83
889.221	10664.29
889.529	11869.97
889.837	13196.59
890.145	14634.17
890.453	16140.07
890.761	17679.01
891.069	19295.01
891.377	21025.28
891.684	22777.62
891.992	24473.89
892.299	26065.13
892.607	27599.33
892.914	29125.79
893.222	30518.06
893.529	31842.43
893.837	32965.24
894.144	34005.52
894.451	34936.78
894.758	35705.23
895.065	36336.9
895.372	36841.92
895.679	37074.79
895.986	37434
896.293	37455.95
896.6	37332.41
896.907	37149.47
897.213	36770.79
897.52	36232.63
897.827	35581.26
898.133	34576.07
898.44	33708.83
898.746	32772.51
899.053	31738.16
899.359	30656.77
899.665	29585.83
899.972	28494.66
900.278	27461.49
900.584	26354.6
900.89	25302.81
901.196	24239.83
901.502	23246.91
901.808	22272.81
902.114	21445.61
902.419	20590.32
902.725	19870.72
903.031	19179.43
903.337	18639.76
903.642	18169.07
903.948	17835.7
904.253	17565.05
904.559	17523.62
904.864	17528.14
905.169	17707.96
905.475	18004.86
905.78	18424
906.085	18870.48
906.39	19441.14
906.695	19987.81
907	20624.86
907.305	21303.02
907.61	21952.56
907.915	22600.81
908.219	23299.64
908.524	23949.28
908.829	24583.33
909.133	25237.92
909.438	25799.87
909.743	26393.66
910.047	26895.78
910.351	27376.69
910.656	27807.35
910.96	28231.66
911.264	28646.17
911.568	29096.2
911.873	29462.08
912.177	29889.83
912.481	30322
912.785	30868.34
913.088	31398
913.392	31885.04
913.696	32279.22
914	32775.52
914.304	33276.13
914.607	33808.59
914.911	34174.36
915.214	34679.91
915.518	35131.88
915.821	35610.64
916.124	35984.05
916.428	36291.92
916.731	36603.56
917.034	36935.33
917.337	36994.19
917.64	37184.77
917.943	37328.11
918.246	37402.9
918.549	37412.15
918.852	37294.53
919.155	37300.99
919.458	37342.2
919.76	37408.92
920.063	37433.78
920.366	37565.6
920.668	37967.32
920.971	38405.94
921.273	38855.32
921.576	39544.14
921.878	40043.34
922.18	40883.79
922.482	41751.77
922.784	42568.54
923.087	43603.65
923.389	44655.22
923.691	45676.56
923.992	46882.98
924.294	48065.95
924.596	49409.79
924.898	50673.57
925.2	51803.92
925.501	52916.94
925.803	54034.69
926.104	54986.94
926.406	55671.88
926.707	56251.37
927.009	56762.09
927.31	57080.94
927.611	57308
927.912	57358.36
928.214	57378.8
928.515	57327.37
928.816	57051.56
929.117	56698.27
929.418	56349.94
929.719	55916.7
930.019	55366.59
930.32	54872.01
930.621	54325.56
930.922	53671.93
931.222	52891.43
931.523	52026.35
931.823	51110.15
932.124	50029.85
932.424	48924.68
932.724	47589.55
933.025	46433.06
933.325	45312.29
933.625	44162.47
933.925	43032.56
934.225	42060.83
934.525	41056.61
934.825	40305.91
935.125	39516.27
935.425	38673.24
935.724	37883.81
936.024	36958.79
936.324	36077.56
936.623	35203.33
936.923	34149.07
937.222	33009.36
937.522	32027.74
937.821	31026.42
938.12	30052.11
938.42	29056.82
938.719	27968.01
939.018	27179.65
939.317	26516.02
939.616	25846.03
939.915	25241.04
940.214	24929.94
940.513	24638.85
940.812	24562.45
941.111	24565.79
941.409	24691.37
941.708	25082.75
942.006	25682.79
942.305	26368.16
942.603	27365.71
942.902	28324.63
943.2	29442.6
943.499	30704.34
943.797	31994.05
944.095	33206.61
944.393	34501.06
944.691	35727.83
944.989	37032.61
945.287	38285.31
945.585	39432.76
945.883	40591.73
946.181	41945.15
946.479	43342.05
946.776	44870.55
947.074	46601.04
947.371	48216.5
947.669	49942.36
947.966	51586.44
948.264	53097.08
948.561	54281.55
948.858	55412.86
949.156	56202.94
949.453	57077.71
949.75	57673.87
950.047	58113.36
950.344	58483.54
950.641	58829.4
950.938	58932.6
951.235	58979.41
951.532	58773.98
951.828	58392.82
952.125	57823.35
952.422	57139.48
952.718	56349.72
953.015	55440.09
953.311	54550.58
953.607	53511.81
953.904	52468.63
954.2	51395.21
954.496	50064.5
954.792	48494.35
955.089	46756.54
955.385	44677.71
955.681	42530.77
955.976	40142.02
956.272	37782.87
956.568	35499.05
956.864	33401.71
957.16	31404.45
957.455	29637.16
957.751	27994.37
958.046	26615.34
958.342	25415.8
958.637	24416.31
958.933	23665.19
959.228	23390.46
959.523	23384.22
959.818	23703.61
960.114	24450
960.409	25590.03
960.704	26976.27
960.999	28591.08
961.294	30100.86
961.588	31894.08
961.883	33865.3
962.178	35957.15
962.473	38003.47
962.767	40090.37
963.062	42175.01
963.356	44496.82
963.651	46590.71
963.945	48548.04
964.239	50442.64
964.534	52155.05
964.828	53822.05
965.122	55324.94
965.416	56481.55
965.71	57490.83
966.004	58303.72
966.298	58844.03
966.592	59168.48
966.886	59317.2
967.18	59297.4
967.473	59185.48
967.767	59041.39
968.061	58817.99
968.354	58514.64
968.648	58102.92
968.941	57561.64
969.234	56844.19
969.528	55963.83
969.821	54879.11
970.114	53627.6
970.407	51974.37
970.7	50224.41
970.993	48272.56
971.286	46178.24
971.579	43826.73
971.872	41373.63
972.165	38722.31
972.457	36172.26
972.75	33589.28
973.043	31049.98
973.335	28572.24
973.628	26459.31
973.92	24444.94
974.213	22776.76
974.505	21311.42
974.797	19990.17
975.089	18846.7
975.382	17917.48
975.674	16973.84
975.966	16235.63
976.258	15589.43
976.55	15066.22
976.841	14700.67
977.133	14465.11
977.425	14301.97
977.717	14292.72
978.008	14287.34
978.3	14321.66
978.591	14426.91
978.883	14504.93
979.174	14529.68
979.465	14556.79
979.757	14510.09
980.048	14400.54
980.339	14239.99
980.63	13992.91
980.921	13682.56
981.212	13337.99
981.503	12930.58
981.794	12524.56
982.085	12090.14
982.376	11660.99
982.666	11190.62
982.957	10729.29
983.248	10273.77
983.538	9819.33
983.828	9311.95
984.119	8824.15
984.409	8301.16
984.7	7771.18
984.99	7250.23
985.28	6732.52
985.57	6238.48
985.86	5782.64
986.15	5349.93
986.44	4947.04
986.73	4609.36
987.02	4304.39
987.309	4040.2
987.599	3823.04
987.889	3638.92
988.178	3511.94
988.468	3416.17
988.757	3336.53
989.047	3276.06
989.336	3236.46
989.625	3180.82
989.915	3149.18
990.204	3101.51
990.493	3056.96
990.782	2990.89
991.071	2943.75
991.36	2878.22
991.649	2818.93
991.938	2757.05
992.226	2696.9
992.515	2628.13
992.804	2569.7
993.092	2492.54
993.381	2429.48
993.669	2348.24
993.958	2266.88
994.246	2164.22
994.534	2074.69
994.823	1987.74
995.111	1898.21
995.399	1796.73
995.687	1703.76
995.975	1614.87
996.263	1528.03
996.551	1435.7
996.839	1353.16
997.126	1273.42
997.414	1207.02
997.702	1147.84
997.989	1088.54
998.277	1046.36
998.564	1009.02
998.852	966.41
999.139	934.45
999.426	909.37
999.713	886.13
1000.001	869.34
1000.288	847.07
1000.575	830.82
1000.862	816.61
1001.149	806.07
1001.436	784.22
1001.722	763.13
1002.009	742.47
1002.296	732.46
1002.582	719.01
1002.869	709
1003.156	697.16
1003.442	681.88
1003.728	667.14
1004.015	644.22
1004.301	626.68
1004.587	600.1
1004.873	582.99
1005.16	560.5
1005.446	552.1
1005.732	540.59
1006.017	529.51
1006.303	520.04
1006.589	522.94
1006.875	516.7
1007.161	511.97
1007.446	502.39
1007.732	504.54
1008.017	503.25
1008.303	496.15
1008.588	478.39
1008.873	461.82
1009.159	447.29
1009.444	435.35
1009.729	423.19
1010.014	417.48
1010.299	405.43
1010.584	403.6
1010.869	402.63
1011.154	398.44
1011.439	395.32
1011.723	393.38
1012.008	383.16
1012.293	381.43
1012.577	378.1
1012.862	371.53
1013.146	371.64
1013.43	364.75
1013.715	354.75
1013.999	354.42
1014.283	353.13
1014.567	347
1014.851	343.12
1015.135	339.25
1015.419	340.76
1015.703	336.34
1015.987	329.46
1016.271	326.34
1016.555	327.09
1016.838	323.11
1017.122	327.52
1017.405	322.35
1017.689	319.99
1017.972	320.63
1018.256	321.92
1018.539	315.25
1018.822	316.11
1019.105	311.06
1019.388	314.5
1019.671	317.3
1019.954	316.65
1020.237	311.06
1020.52	311.7
1020.803	306.86
1021.086	302.66
1021.368	299.86
1021.651	298.12
1021.934	295.99
1022.216	295.43
