339.735	78.67
340.108	64.66
340.482	55.19
340.855	41.22
341.228	24.33
341.602	6.03
341.975	-8.92
342.348	-18.29
342.721	-23.13
343.094	-25.07
343.468	-19.15
343.841	-16.03
344.214	-11.18
344.587	-7.31
344.96	-0.53
345.333	11.09
345.706	17.12
346.079	18.19
346.452	25.08
346.824	29.71
347.197	32.51
347.57	39.28
347.943	39.39
348.316	47.79
348.688	61.13
349.061	69.85
349.434	84.8
349.806	94.49
350.179	106.86
350.552	117.52
350.924	123.97
351.297	126.45
351.669	132.05
352.042	134.52
352.414	141.95
352.787	141.73
353.159	146.47
353.531	147.65
353.904	149.91
354.276	152.28
354.648	153.78
355.02	155.83
355.393	157.12
355.765	156.8
356.137	153.03
356.509	153.24
356.881	151.95
357.253	143.13
357.625	143.88
357.997	143.88
358.369	140.76
358.741	145.82
359.113	142.38
359.485	155.5
359.857	161.53
360.229	156.9
360.6	156.58
360.972	162.07
361.344	159.92
361.716	166.91
362.087	149.69
362.459	146.57
362.831	141.95
363.202	143.24
363.574	139.47
363.945	140.55
364.317	139.58
364.688	144.1
365.06	146.47
365.431	146.14
365.803	143.88
366.174	143.88
366.545	137.1
366.917	133.01
367.288	128.39
367.659	133.77
368.03	141.84
368.402	146.9
368.773	143.77
369.144	145.28
369.515	150.55
369.886	149.05
370.257	143.02
370.628	143.88
370.999	139.36
371.37	137
371.741	142.16
372.112	141.62
372.483	145.28
372.853	146.9
373.224	140.55
373.595	146.36
373.966	151.09
374.336	153.14
374.707	155.07
375.078	158.19
375.448	176.7
375.819	182.3
376.19	172.72
376.56	169.28
376.931	170.57
377.301	166.27
377.671	163.68
378.042	145.6
378.412	145.5
378.783	148.94
379.153	152.81
379.523	147.22
379.893	152.28
380.264	156.58
380.634	151.85
381.004	153.35
381.374	153.78
381.744	154.64
382.114	154.32
382.484	150.23
382.854	148.94
383.224	162.07
383.594	159.81
383.964	157.98
384.334	164.11
384.704	173.8
385.074	173.8
385.444	170.68
385.814	165.94
386.183	168.63
386.553	171.22
386.923	161.1
387.292	153.03
387.662	161.21
388.032	160.78
388.401	157.76
388.771	153.14
389.14	153.35
389.51	159.81
389.879	164.97
390.248	156.26
390.618	161.53
390.987	158.19
391.356	159.27
391.726	155.29
392.095	148.83
392.464	143.13
392.833	143.13
393.203	135.49
393.572	137
393.941	137.1
394.31	140.87
394.679	143.34
395.048	144.1
395.417	143.56
395.786	153.46
396.155	156.26
396.524	183.16
396.893	185.42
397.261	186.6
397.63	185.64
397.999	189.83
398.368	181.98
398.736	185.31
399.105	174.23
399.474	176.17
399.842	176.17
400.211	179.29
400.579	169.82
400.948	169.82
401.317	164.44
401.685	145.71
402.053	141.73
402.422	142.81
402.79	140.55
403.158	149.48
403.527	153.03
403.895	158.09
404.263	157.55
404.632	160.67
405	162.61
405.368	161.21
405.736	158.52
406.104	155.4
406.472	148.62
406.84	151.74
407.208	148.4
407.576	151.42
407.944	158.84
408.312	161.21
408.68	164.44
409.048	163.79
409.415	167.99
409.783	165.94
410.151	164.87
410.519	162.71
410.886	157.01
411.254	151.42
411.622	154.43
411.989	149.16
412.357	150.12
412.724	141.62
413.092	141.41
413.459	146.57
413.827	150.02
414.194	150.98
414.561	150.55
414.929	151.85
415.296	156.47
415.663	155.72
416.03	154.64
416.398	160.02
416.765	160.99
417.132	159.49
417.499	159.49
417.866	156.69
418.233	151.95
418.6	155.18
418.967	153.35
419.334	148.83
419.701	151.09
420.068	152.06
420.435	153.46
420.802	153.89
421.168	153.24
421.535	145.71
421.902	150.55
422.269	151.42
422.635	151.85
423.002	148.94
423.369	152.38
423.735	152.38
424.102	161.75
424.468	161.96
424.835	163.14
425.201	165.73
425.567	173.37
425.934	177.67
426.3	177.67
426.667	176.38
427.033	178.64
427.399	179.93
427.765	181.76
428.131	178.86
428.498	172.29
428.864	170.79
429.23	167.56
429.596	167.99
429.962	165.62
430.328	163.68
430.694	160.56
431.06	166.16
431.426	174.77
431.792	174.55
432.157	170.89
432.523	179.5
432.889	180.25
433.255	183.16
433.62	182.62
433.986	173.69
434.352	171.65
434.717	166.8
435.083	161.85
435.448	157.23
435.814	159.49
436.179	155.18
436.545	150.34
436.91	154.75
437.276	158.3
437.641	154.32
438.006	150.55
438.372	149.37
438.737	154.75
439.102	159.92
439.467	161.85
439.832	163.25
440.197	166.27
440.563	171.65
440.928	173.37
441.293	175.52
441.658	181.98
442.023	179.61
442.387	181.22
442.752	184.13
443.117	184.02
443.482	182.51
443.847	178.64
444.212	177.35
444.576	178.1
444.941	186.28
445.306	184.99
445.67	187.9
446.035	190.48
446.399	191.77
446.764	190.48
447.128	185.85
447.493	174.44
447.857	171.22
448.222	174.87
448.586	174.66
448.95	175.52
449.315	172.94
449.679	176.6
450.043	176.27
450.407	178
450.772	169.6
451.136	170.46
451.5	170.25
451.864	176.81
452.228	180.47
452.592	186.07
452.956	185.2
453.32	192.09
453.684	193.28
454.047	195.21
454.411	195.86
454.775	193.17
455.139	196.4
455.503	200.06
455.866	196.18
456.23	192.41
456.594	191.45
456.957	189.08
457.321	190.69
457.684	190.48
458.048	188.11
458.411	192.85
458.775	192.09
459.138	195.21
459.501	193.06
459.865	191.45
460.228	193.81
460.591	201.67
460.955	192.95
461.318	197.69
461.681	196.07
462.044	193.28
462.407	197.9
462.77	187.68
463.133	182.84
463.496	189.19
463.859	192.2
464.222	189.08
464.585	192.74
464.948	185.74
465.311	187.36
465.674	185.42
466.036	181.55
466.399	186.07
466.762	187.46
467.124	191.23
467.487	197.26
467.85	201.13
468.212	197.26
468.575	200.81
468.937	190.48
469.3	189.62
469.662	181.12
470.024	179.5
470.387	177.24
470.749	199.73
471.111	197.69
471.474	200.06
471.836	194.89
472.198	195.64
472.56	194.57
472.922	193.17
473.284	175.3
473.646	178.75
474.008	174.66
474.37	177.78
474.732	181.22
475.094	185.85
475.456	190.91
475.818	187.79
476.18	187.03
476.542	189.94
476.903	190.69
477.265	190.05
477.627	184.34
477.988	182.95
478.35	184.45
478.711	184.88
479.073	181.55
479.435	178.96
479.796	185.53
480.157	186.5
480.519	182.08
480.88	179.39
481.241	177.78
481.603	178.21
481.964	183.7
482.325	180.36
482.686	177.89
483.048	177.13
483.409	180.79
483.77	183.38
484.131	184.34
484.492	190.91
484.853	184.45
485.214	187.68
485.575	190.59
485.936	194.67
486.296	195.11
486.657	198.33
487.018	185.96
487.379	189.83
487.739	192.41
488.1	197.69
488.461	194.35
488.821	191.12
489.182	189.72
489.542	193.71
489.903	207.27
490.263	206.94
490.624	206.19
490.984	210.17
491.345	212.75
491.705	215.77
492.065	215.55
492.425	200.92
492.786	199.84
493.146	196.83
493.506	192.52
493.866	191.77
494.226	189.19
494.586	193.81
494.946	198.44
495.306	199.95
495.666	200.59
496.026	203.18
496.386	205.54
496.746	215.01
497.106	211.68
497.465	204.9
497.825	202.42
498.185	206.62
498.544	204.25
498.904	201.02
499.264	186.6
499.623	186.82
499.983	195.86
500.342	199.09
500.702	200.27
501.061	203.5
501.42	207.8
501.78	209.53
502.139	209.85
502.498	206.94
502.858	203.39
503.217	194.57
503.576	202.1
503.935	202.96
504.294	208.23
504.653	209.53
505.012	208.56
505.371	214.37
505.73	224.59
506.089	216.73
506.448	216.52
506.807	217.27
507.166	218.89
507.524	224.59
507.883	221.79
508.242	221.25
508.601	220.82
508.959	219.53
509.318	222.44
509.676	226.53
510.035	222.01
510.393	225.13
510.752	225.24
511.11	229.76
511.469	232.12
511.827	233.85
512.185	226.64
512.544	232.34
512.902	234.17
513.26	232.34
513.618	233.41
513.976	234.28
514.334	231.91
514.692	234.17
515.05	233.2
515.408	233.31
515.766	239.76
516.124	231.69
516.482	231.8
516.84	229.33
517.198	226.31
517.556	224.91
517.913	224.16
518.271	219.43
518.629	226.42
518.986	226.64
519.344	227.71
519.701	234.6
520.059	230.4
520.416	230.51
520.774	227.5
521.131	230.19
521.489	229.43
521.846	234.71
522.203	228.68
522.561	236.1
522.918	239.87
523.275	248.16
523.632	240.09
523.989	242.67
524.346	244.39
524.703	256.01
525.06	255.37
525.417	249.88
525.774	242.99
526.131	251.28
526.488	254.83
526.845	249.34
527.202	251.71
527.559	257.2
527.915	265.27
528.272	265.05
528.629	261.29
528.985	253.86
529.342	255.15
529.698	250.2
530.055	249.02
530.411	247.3
530.768	255.69
531.124	259.89
531.48	263.76
531.837	265.91
532.193	265.38
532.549	257.3
532.906	253.97
533.262	250.42
533.618	250.96
533.974	255.37
534.33	255.37
534.686	257.2
535.042	266.45
535.398	267.53
535.754	260.86
536.11	259.13
536.466	258.6
536.821	258.6
537.177	256.98
537.533	256.01
537.889	258.7
538.244	265.59
538.6	265.91
538.955	262.9
539.311	266.99
539.667	269.14
540.022	263.44
540.377	261.29
540.733	256.44
541.088	253.86
541.444	246.11
541.799	244.07
542.154	242.88
542.509	244.93
542.864	247.3
543.22	249.13
543.575	255.91
543.93	268.17
544.285	270.33
544.64	273.02
544.995	271.72
545.35	272.8
545.705	279.15
546.059	275.28
546.414	268.6
546.769	267.96
547.124	269.46
547.478	267.31
547.833	268.28
548.188	266.34
548.542	267.85
548.897	264.94
549.251	263.44
549.606	261.39
549.96	265.38
550.315	254.51
550.669	248.37
551.023	242.02
551.378	249.45
551.732	247.83
552.086	250.96
552.44	256.34
552.794	263.22
553.148	267.74
553.502	268.6
553.856	272.8
554.21	271.19
554.564	266.99
554.918	263.44
555.272	265.05
555.626	262.68
555.98	299.16
556.334	294.11
556.687	297.98
557.041	295.61
557.395	292.06
557.748	290.02
558.102	293.57
558.455	262.47
558.809	258.06
559.162	253.54
559.516	255.26
559.869	265.16
560.222	269.46
560.576	276.46
560.929	280.01
561.282	286.14
561.635	286.14
561.988	290.99
562.342	288.83
562.695	291.42
563.048	284.96
563.401	270
563.754	268.82
564.107	274.31
564.459	278.5
564.812	277.75
565.165	274.31
565.518	279.58
565.871	288.94
566.223	289.91
566.576	286.79
566.929	281.52
567.281	280.12
567.634	282.05
567.986	281.41
568.339	283.88
568.691	281.52
569.044	288.51
569.396	285.07
569.748	285.61
570.1	285.71
570.453	279.79
570.805	285.82
571.157	289.37
571.509	290.56
571.861	294.32
572.213	295.29
572.565	295.29
572.917	304.65
573.269	299.06
573.621	302.72
573.973	307.02
574.325	309.07
574.677	308.42
575.028	307.24
575.38	306.37
575.732	312.19
576.083	308.53
576.435	309.07
576.786	306.16
577.138	308.74
577.489	304.33
577.841	298.2
578.192	292.17
578.543	294
578.895	283.67
579.246	285.82
579.597	287.11
579.948	289.8
580.3	291.52
580.651	295.18
581.002	294.43
581.353	294.32
581.704	294.75
582.055	296.58
582.406	296.37
582.757	299.6
583.107	299.6
583.458	304.22
583.809	308.74
584.16	305.19
584.51	295.83
584.861	300.89
585.212	297.12
585.562	303.79
585.913	298.2
586.263	295.4
586.614	291.52
586.964	294.75
587.315	292.6
587.665	293.89
588.015	285.93
588.365	289.91
588.716	285.07
589.066	288.19
589.416	289.59
589.766	289.48
590.116	288.94
590.466	300.67
590.816	300.67
591.166	311.86
591.516	313.05
591.866	311.43
592.216	319.18
592.566	325.21
592.915	313.37
593.265	308.96
593.615	301.42
593.964	297.34
594.314	298.95
594.663	289.26
595.013	287.97
595.362	283.56
595.712	287.54
596.061	295.4
596.411	300.13
596.76	301.53
597.109	303.79
597.458	305.08
597.808	308.31
598.157	305.51
598.506	301.21
598.855	300.78
599.204	303.9
599.553	311.97
599.902	305.3
600.251	309.93
600.6	311
600.949	315.63
601.297	317.89
601.646	313.48
601.995	303.47
602.344	300.35
602.692	297.55
603.041	293.68
603.389	289.16
603.738	292.28
604.086	294.65
604.435	296.47
604.783	302.39
605.132	305.08
605.48	311.22
605.828	307.13
606.177	301.96
606.525	305.73
606.873	305.62
607.221	309.6
607.569	314.12
607.917	312.51
608.265	311.76
608.613	311.54
608.961	307.34
609.309	309.82
609.657	301.42
610.005	293.68
610.352	289.91
610.7	295.4
611.048	295.94
611.395	298.2
611.743	299.06
612.091	301.53
612.438	302.18
612.786	310.14
613.133	307.88
613.48	309.17
613.828	305.51
614.175	303.15
614.522	302.82
614.87	302.18
615.217	297.23
615.564	295.72
615.911	295.51
616.258	302.39
616.605	304.76
616.952	311.65
617.299	319.4
617.646	319.72
617.993	324.13
618.34	324.02
618.687	316.92
619.033	334.46
619.38	330.48
619.727	329.4
620.073	333.28
620.42	329.62
620.767	333.17
621.113	332.2
621.459	309.71
621.806	304.01
622.152	302.18
622.499	295.72
622.845	304.44
623.191	304.87
623.537	305.94
623.884	313.91
624.23	317.24
624.576	311.43
624.922	306.27
625.268	298.3
625.614	297.44
625.96	294.43
626.306	289.91
626.652	285.07
626.998	290.45
627.343	297.55
627.689	299.81
628.035	295.08
628.38	293.68
628.726	293.68
629.072	294.21
629.417	288.3
629.763	290.66
630.108	288.94
630.453	292.39
630.799	288.3
631.144	282.92
631.489	289.8
631.835	291.09
632.18	287.76
632.525	285.93
632.87	277.43
633.215	278.61
633.56	282.7
633.905	281.84
634.25	280.33
634.595	281.19
634.94	283.67
635.285	291.2
635.63	293.35
635.974	294.54
636.319	292.28
636.664	289.8
637.008	290.66
637.353	287.76
637.698	289.7
638.042	292.17
638.387	284.64
638.731	275.92
639.075	275.92
639.42	270.97
639.764	265.48
640.108	257.84
640.452	249.88
640.797	252.57
641.141	269.14
641.485	270.33
641.829	270.54
642.173	272.58
642.517	274.63
642.861	278.18
643.205	277.75
643.549	265.7
643.892	266.88
644.236	271.51
644.58	267.31
644.923	265.91
645.267	266.45
645.611	265.16
645.954	262.15
646.298	257.52
646.641	252.89
646.985	257.95
647.328	257.95
647.671	256.44
648.015	252.78
648.358	254.08
648.701	256.98
649.044	253.43
649.387	247.94
649.731	252.68
650.074	250.63
650.417	248.16
650.76	244.39
651.102	241.16
651.445	241.92
651.788	239.33
652.131	228.14
652.474	232.34
652.816	239.87
653.159	245.04
653.502	249.77
653.844	246.11
654.187	250.2
654.529	256.44
654.872	253.86
655.214	250.09
655.557	255.47
655.899	246.01
656.241	248.7
656.583	249.56
656.926	246.76
657.268	248.48
657.61	251.17
657.952	249.23
658.294	258.6
658.636	262.36
658.978	263.01
659.32	262.58
659.662	257.2
660.004	254.18
660.345	240.84
660.687	231.91
661.029	226.74
661.371	224.38
661.712	221.04
662.054	226.85
662.395	223.08
662.737	226.53
663.078	229
663.42	228.89
663.761	230.08
664.102	239.66
664.444	237.72
664.785	234.6
665.126	233.85
665.467	235.57
665.808	240.09
666.149	240.62
666.49	235.78
666.831	234.38
667.172	242.88
667.513	249.45
667.854	248.37
668.195	238.47
668.535	240.62
668.876	237.93
669.217	235.35
669.557	231.48
669.898	230.29
670.239	227.28
670.579	230.08
670.92	223.3
671.26	226.85
671.6	230.62
671.941	246.11
672.281	241.59
672.621	244.82
672.961	243.75
673.302	244.93
673.642	241.7
673.982	243.64
674.322	231.69
674.662	234.17
675.002	236.43
675.342	239.12
675.682	234.71
676.021	228.89
676.361	225.88
676.701	266.99
677.041	270.43
677.38	270.43
677.72	268.39
678.059	274.09
678.399	272.91
678.738	268.82
679.078	223.73
679.417	218.13
679.756	212.54
680.096	214.37
680.435	211.25
680.774	222.01
681.113	225.77
681.453	221.58
681.792	221.15
682.131	226.85
682.47	229.97
682.809	233.63
683.148	220.82
683.486	217.06
683.825	222.12
684.164	222.55
684.503	214.58
684.841	209.85
685.18	206.94
685.519	214.8
685.857	215.55
686.196	212.65
686.534	206.83
686.873	203.39
687.211	205.11
687.549	200.59
687.888	197.04
688.226	197.69
688.564	202.32
688.902	208.77
689.24	213.29
689.578	203.18
689.917	209.09
690.255	209.96
690.592	208.56
690.93	203.5
691.268	202.96
691.606	205.01
691.944	228.46
692.282	233.95
692.619	229.65
692.957	224.16
693.294	221.36
693.632	216.84
693.97	215.12
694.307	199.62
694.644	193.38
694.982	241.27
695.319	253.75
695.656	255.8
695.994	258.7
696.331	263.98
696.668	261.39
697.005	261.39
697.342	213.51
697.679	211.89
698.016	213.08
698.353	209.63
698.69	203.28
699.027	210.28
699.364	209.09
699.7	211.57
700.037	200.49
700.374	199.95
700.71	201.24
701.047	196.4
701.384	191.55
701.72	185.96
702.057	183.16
702.393	187.46
702.729	192.09
703.066	194.67
703.402	197.04
703.738	202.75
704.074	206.73
704.41	210.82
704.747	208.23
705.083	205.22
705.419	202.53
705.755	203.18
706.091	195.97
706.426	192.2
706.762	193.71
707.098	192.41
707.434	186.28
707.769	182.3
708.105	187.9
708.441	186.71
708.776	201.99
709.112	199.84
709.447	206.94
709.783	207.7
710.118	216.09
710.453	212
710.789	215.34
711.124	205.54
711.459	207.91
711.794	195.11
712.129	195.21
712.464	195.54
712.799	195.21
713.134	190.37
713.469	191.88
713.804	188.76
714.139	200.16
714.474	201.13
714.809	198.98
715.143	200.38
715.478	204.14
715.813	197.9
716.147	194.03
716.482	182.62
716.816	184.45
717.151	179.72
717.485	179.39
717.819	174.87
718.154	181.33
718.488	184.34
718.822	196.83
719.156	194.03
719.491	193.49
719.825	186.17
720.159	188.43
720.493	187.68
720.827	192.2
721.161	187.46
721.494	187.14
721.828	189.72
722.162	195.86
722.496	198.55
722.829	191.66
723.163	188.54
723.497	183.27
723.83	183.16
724.164	181.98
724.497	186.17
724.83	180.9
725.164	183.27
725.497	187.46
725.83	196.83
726.164	202.53
726.497	205.33
726.83	194.03
727.163	208.66
727.496	210.92
727.829	204.57
728.162	196.83
728.495	195.43
728.828	193.81
729.16	202.32
729.493	186.93
729.826	184.13
730.159	190.69
730.491	193.49
730.824	191.23
731.156	185.64
731.489	184.45
731.821	189.72
732.154	190.8
732.486	184.02
732.818	190.91
733.151	183.91
733.483	191.88
733.815	186.6
734.147	187.79
734.479	189.4
734.811	192.85
735.143	186.07
735.475	195.54
735.807	193.06
736.139	198.76
736.471	195.54
736.803	191.34
737.134	188.11
737.466	187.36
737.798	187.9
738.129	192.52
738.461	188.22
738.792	187.36
739.124	194.89
739.455	197.26
739.786	194.57
740.118	193.92
740.449	189.83
740.78	189.4
741.111	186.93
741.442	183.48
741.773	176.92
742.104	181.55
742.435	179.29
742.766	180.58
743.097	186.71
743.428	191.23
743.759	190.16
744.09	189.51
744.42	188.33
744.751	188.86
745.081	186.39
745.412	184.67
745.743	181.65
746.073	179.18
746.403	185.2
746.734	184.24
747.064	179.39
747.394	180.47
747.725	178.75
748.055	184.45
748.385	189.19
748.715	191.34
749.045	195.64
749.375	200.92
749.705	199.19
750.035	196.07
750.365	192.95
750.695	195.64
751.024	188.43
751.354	184.88
751.684	186.5
752.013	187.46
752.343	196.4
752.673	193.06
753.002	187.14
753.331	189.94
753.661	192.63
753.99	193.6
754.32	189.62
754.649	179.61
754.978	184.67
755.307	188.54
755.636	190.05
755.965	186.17
756.294	184.56
756.623	187.14
756.952	194.14
757.281	198.44
757.61	192.74
757.939	189.19
758.267	189.83
758.596	191.34
758.925	189.19
759.253	197.37
759.582	193.28
759.91	196.72
760.239	205.33
760.567	205.65
760.896	203.93
761.224	208.45
761.552	200.27
761.881	201.24
762.209	203.71
762.537	199.41
762.865	198.23
763.193	197.9
763.521	202.75
763.849	202.75
764.177	202.32
764.505	204.25
764.832	207.8
765.16	210.6
765.488	216.95
765.815	213.18
766.143	214.8
766.471	207.7
766.798	205.01
767.126	202.42
767.453	203.07
767.78	198.33
768.108	198.66
768.435	196.4
768.762	200.59
769.089	200.7
769.417	195.21
769.744	192.09
770.071	189.62
770.398	184.77
770.725	182.51
771.052	181.98
771.378	185.31
771.705	194.46
772.032	202.75
772.359	199.84
772.685	204.9
773.012	204.14
773.338	201.13
773.665	199.09
773.991	193.49
774.318	186.6
774.644	188.97
774.971	190.05
775.297	193.6
775.623	195.97
775.949	198.44
776.275	201.56
776.601	203.39
776.927	206.08
777.253	201.99
777.579	193.38
777.905	193.81
778.231	189.51
778.557	190.26
778.883	188.22
779.208	187.03
779.534	187.57
779.86	201.45
780.185	204.68
780.511	206.19
780.836	205.11
781.162	211.25
781.487	214.48
781.812	217.27
782.138	210.28
782.463	207.27
782.788	210.82
783.113	211.46
783.438	209.85
783.763	205.44
784.088	202.85
784.413	202.1
784.738	201.24
785.063	196.4
785.388	199.09
785.712	201.67
786.037	202.21
786.362	204.04
786.686	201.88
787.011	206.4
787.335	204.9
787.66	210.28
787.984	210.39
788.308	209.85
788.633	208.02
788.957	212.86
789.281	212.97
789.605	213.51
789.93	205.54
790.254	203.28
790.578	206.19
790.902	209.2
791.225	209.2
791.549	207.91
791.873	207.59
792.197	203.39
792.521	204.79
792.844	202.53
793.168	196.83
793.492	195.32
793.815	197.15
794.139	193.28
794.462	192.52
794.785	188.43
795.109	191.23
795.432	197.04
795.755	200.38
796.078	200.06
796.401	203.39
796.725	211.46
797.048	213.83
797.371	214.04
797.694	213.61
798.016	210.6
798.339	214.58
798.662	218.35
798.985	217.81
799.308	215.34
799.63	214.26
799.953	208.66
800.275	207.27
800.598	202.75
800.92	204.57
801.243	206.08
801.565	207.16
801.887	207.59
802.21	211.78
802.532	220.39
802.854	227.5
803.176	230.19
803.498	228.36
803.82	224.16
804.142	222.22
804.464	223.19
804.786	217.27
805.108	219.32
805.429	217.27
805.751	219.32
806.073	232.45
806.394	230.4
806.716	231.48
807.038	234.49
807.359	223.08
807.68	222.87
808.002	219.64
808.323	211.68
808.644	212.86
808.966	214.8
809.287	213.08
809.608	222.87
809.929	220.39
810.25	222.98
810.571	228.57
810.892	229.11
811.213	232.02
811.534	234.06
811.854	231.15
812.175	230.83
812.496	230.83
812.816	234.17
813.137	239.76
813.458	239.66
813.778	245.25
814.098	249.99
814.419	253.86
814.739	252.14
815.059	243.1
815.38	243.53
815.7	245.68
816.02	250.2
816.34	250.2
816.66	253.86
816.98	261.39
817.3	272.05
817.62	280.01
817.94	284.31
818.26	281.09
818.579	288.3
818.899	297.12
819.219	304.87
819.538	307.77
819.858	316.27
820.177	324.67
820.497	331.02
820.816	342.21
821.135	346.84
821.455	349.74
821.774	359.43
822.093	364.59
822.412	367.39
822.731	373.52
823.05	363.73
823.369	359.86
823.688	355.55
824.007	349.42
824.326	338.87
824.645	337.26
824.963	328.97
825.282	333.71
825.601	332.63
825.919	335.54
826.238	327.04
826.556	349.53
826.875	343.29
827.193	337.58
827.511	327.04
827.83	326.28
828.148	326.07
828.466	334.89
828.784	315.2
829.102	324.78
829.42	339.73
829.738	348.77
830.056	350.71
830.374	354.69
830.692	359.86
831.01	368.57
831.327	368.36
831.645	367.93
831.963	372.88
832.28	379.98
832.598	381.27
832.915	387.3
833.233	391.71
833.55	399.24
833.867	403.76
834.185	402.36
834.502	403.33
834.819	407.42
835.136	411.19
835.453	412.48
835.77	414.42
836.087	412.91
836.404	419.8
836.721	424.32
837.038	426.04
837.355	428.62
837.671	425.28
837.988	432.49
838.305	447.67
838.621	462.2
838.938	482.53
839.254	501.37
839.571	522.03
839.887	553.02
840.203	581.64
840.52	617.05
840.836	662.14
841.152	713.47
841.468	774.7
841.784	846.58
842.1	919.65
842.416	1004.23
842.732	1097.1
843.048	1186.74
843.364	1267.12
843.679	1358.7
843.995	1442.85
844.311	1529.91
844.626	1602.55
844.942	1674.86
845.257	1745.56
845.573	1826.7
845.888	1896.76
846.203	1961.64
846.519	2023.31
846.834	2083.35
847.149	2129.95
847.464	2167.61
847.779	2200.22
848.094	2237.77
848.409	2248.21
848.724	2256.5
849.039	2271.03
849.354	2270.81
849.669	2272.21
849.983	2263.92
850.298	2228.2
850.613	2212.59
850.927	2186.98
851.242	2152.01
851.556	2126.29
851.871	2094.22
852.185	2065.81
852.499	2051.28
852.814	2045.9
853.128	2056.45
853.442	2054.41
853.756	2062.69
854.07	2083.03
854.384	2109.61
854.698	2153.62
855.012	2188.7
855.326	2225.08
855.64	2280.17
855.953	2332.58
856.267	2383.05
856.581	2420.17
856.894	2446.75
857.208	2474.73
857.521	2488.08
857.835	2492.7
858.148	2488.94
858.461	2471.72
858.775	2472.47
859.088	2457.3
859.401	2445.25
859.714	2442.67
860.027	2457.84
860.34	2476.45
860.653	2504.97
860.966	2548.23
861.279	2622.48
861.592	2716.21
861.904	2837.38
862.217	2960.17
862.53	3138.8
862.842	3337.77
863.155	3565.15
863.467	3795.87
863.78	4056.94
864.092	4333.71
864.405	4643.2
864.717	4953.12
865.029	5302.96
865.341	5632.68
865.653	5992.85
865.966	6331.08
866.278	6674.14
866.589	7002.89
866.901	7299.57
867.213	7595.72
867.525	7875.94
867.837	8138.08
868.149	8376.11
868.46	8599.4
868.772	8797.52
869.083	8974
869.395	9119.81
869.706	9262.93
870.018	9398.2
870.329	9534.86
870.64	9663.24
870.952	9804.54
871.263	9956.91
871.574	10110.48
871.885	10241.87
872.196	10361.96
872.507	10513.05
872.818	10606.67
873.129	10688.35
873.44	10727.52
873.75	10760.44
874.061	10786.49
874.372	10784.33
874.682	10729.88
874.993	10703.63
875.303	10606.99
875.614	10538.23
875.924	10393.17
876.235	10234.87
876.545	10069.91
876.855	9860.39
877.165	9583.51
877.475	9343.75
877.786	9068.37
878.096	8765.99
878.406	8404.95
878.715	8012.28
879.025	7640.16
879.335	7297.1
879.645	6911.21
879.955	6526.07
880.264	6182.9
880.574	5875.88
880.883	5597.38
881.193	5319.21
881.502	5066.86
881.812	4856.81
882.121	4681.83
882.43	4540.65
882.74	4447.13
883.049	4377.72
883.358	4370.94
883.667	4378.26
883.976	4443.8
884.285	4528.81
884.594	4658.48
884.903	4819.9
885.212	5038.24
885.52	5296.83
885.829	5582.43
886.138	5924.31
886.446	6321.93
886.755	6746.67
887.063	7255.78
887.372	7831.39
887.68	8494.59
887.988	9270.9
888.297	10110.37
888.605	11066.27
888.913	12162.94
889.221	13323.2
889.529	14668.44
889.837	16068.24
890.145	17585.88
890.453	19281.93
890.761	21017.16
891.069	22838.69
891.377	24826.26
891.684	26794.03
891.992	28726.83
892.299	30633.05
892.607	32421
892.914	34269.65
893.222	35995.94
893.529	37574.48
893.837	38951.9
894.144	40283.59
894.451	41441.16
894.758	42408.79
895.065	43161.42
895.372	43802.14
895.679	44112.7
895.986	44501.82
896.293	44530.12
896.6	44388.94
896.907	44171.67
897.213	43737.46
897.52	43089.54
897.827	42311.19
898.133	41199.78
898.44	40168.55
898.746	39017.33
899.053	37724.28
899.359	36368.6
899.665	34924.03
899.972	33534.88
900.278	32092.46
900.584	30657.37
900.89	29233.14
901.196	27756.72
901.502	26328.61
901.808	24960.66
902.114	23675.57
902.419	22452.9
902.725	21266.92
903.031	20202.54
903.337	19328.2
903.642	18575.36
903.948	17957.67
904.253	17470.3
904.559	17213.01
904.864	17079.57
905.169	17141.66
905.475	17337.51
905.78	17680.57
906.085	18159.01
906.39	18716.54
906.695	19283.87
907	19977.1
907.305	20695.18
907.61	21409.94
907.915	22085.3
908.219	22724.83
908.524	23376.95
908.829	23959.88
909.133	24474.8
909.438	24816.36
909.743	25160.07
910.047	25365.6
910.351	25575.55
910.656	25636.24
910.96	25598.04
911.264	25574.48
911.568	25518.73
911.873	25359.79
912.177	25260.57
912.481	25083.55
912.785	25042.45
913.088	25060.63
913.392	24956.25
913.696	24940.43
914	25024.37
914.304	25139.73
914.607	25294.36
914.911	25375.4
915.214	25527.23
915.518	25800.14
915.821	26050.01
916.124	26304.51
916.428	26543.62
916.731	26848.7
917.034	27137.63
917.337	27306.04
917.64	27507.81
917.943	27737.99
918.246	27876.92
918.549	27958.81
918.852	28005.19
919.155	28168
919.458	28421.97
919.76	28756.31
920.063	29072.04
920.366	29513.25
920.668	30225.52
920.971	31016.79
921.273	31910.17
921.576	32950.34
921.878	33947.89
922.18	35317.24
922.482	36726.19
922.784	38204.01
923.087	39912.65
923.389	41677.58
923.691	43577.23
923.992	45577.82
924.294	47516.76
924.596	49591.28
924.898	51525.47
925.2	53216.36
925.501	54802.87
925.803	56244.96
926.104	57475.28
926.406	58409.23
926.707	59157.45
927.009	59774.71
927.31	60204.72
927.611	60504.85
927.912	60622.89
928.214	60683.69
928.515	60667.02
928.816	60462.02
929.117	60211.71
929.418	59983.26
929.719	59665.16
930.019	59271.52
930.32	58885.2
930.621	58438.93
930.922	57938.65
931.222	57278.89
931.523	56544.23
931.823	55809.46
932.124	54974.72
932.424	54181.09
932.724	53227.34
933.025	52446.3
933.325	51760.82
933.625	51126.78
933.925	50519.42
934.225	49991.7
934.525	49448.26
934.825	49099.5
935.125	48648.61
935.425	48022.63
935.724	47300.89
936.024	46355.31
936.324	45360.56
936.623	44332.44
936.923	43037.45
937.222	41558.77
937.522	40338.04
937.821	39078.34
938.12	37819.62
938.42	36480.08
938.719	34970.73
939.018	33769.04
939.317	32715.75
939.616	31500.93
939.915	30260.28
940.214	29356.89
940.513	28482.12
940.812	27862.39
941.111	27375.56
941.409	27096.2
941.708	27119.34
942.006	27461.75
942.305	27935.24
942.603	28844.45
942.902	29744.29
943.2	30866.56
943.499	32144.98
943.797	33633.67
944.095	35159.7
944.393	36811.63
944.691	38473.89
944.989	40229.13
945.287	41912.49
945.585	43461.55
945.883	44876.85
946.181	46427.95
946.479	47908.46
946.776	49418.56
947.074	50997.32
947.371	52429.08
947.669	53956.62
947.966	55420.23
948.264	56709.09
948.561	57709.55
948.858	58613.8
949.156	59293.9
949.453	59994.23
949.75	60449.53
950.047	60761.82
950.344	61023.21
950.641	61287.93
950.938	61383.81
951.235	61431.59
951.532	61294.28
951.828	60980.27
952.125	60499.9
952.422	59817.75
952.718	59001.31
953.015	57968.57
953.311	56859.74
953.607	55501.8
953.904	54073.48
954.2	52466.85
954.496	50562.14
954.792	48330.72
955.089	45901.52
955.385	43125.27
955.681	40239.79
955.976	37120.47
956.272	34113.07
956.568	31169.16
956.864	28393.13
957.16	25758.06
957.455	23358.02
957.751	21124.44
958.046	19144.62
958.342	17275.42
958.637	15672.02
958.933	14337.86
959.228	13380.77
959.523	12710.35
959.818	12426.69
960.114	12567.88
960.409	13080.32
960.704	13962.62
960.999	15174.32
961.294	16525.91
961.588	18285.78
961.883	20359.65
962.178	22678.13
962.473	25212.69
962.767	27849.58
963.062	30660.81
963.356	33775.07
963.651	36798.39
963.945	39782.44
964.239	42818.04
964.534	45695.23
964.828	48495.26
965.122	50995.81
965.416	53083.79
965.71	54876.58
966.004	56305.12
966.298	57348.94
966.592	58093.93
966.886	58629.08
967.18	59034.02
967.473	59343.51
967.767	59604.14
968.061	59762.55
968.354	59834.75
968.648	59742.42
968.941	59504.06
969.234	59037.14
969.528	58360.48
969.821	57535.76
970.114	56616.33
970.407	55384.51
970.7	54056.8
970.993	52554.45
971.286	50854.84
971.579	48838.65
971.872	46604.22
972.165	44049.75
972.457	41402.31
972.75	38735.17
973.043	36045.55
973.335	33425.33
973.628	31158.72
973.92	28912.35
974.213	27026.04
974.505	25282.31
974.797	23626.07
975.089	22099.83
975.382	20781.81
975.674	19446.9
975.966	18455.59
976.258	17527.77
976.55	16833.79
976.841	16303.48
977.133	15894.45
977.425	15598.31
977.717	15459.81
978.008	15304.85
978.3	15193.37
978.591	15146.45
978.883	15092.75
979.174	15053.58
979.465	15007.31
979.757	14934.45
980.048	14795.96
980.339	14645.95
980.63	14434.6
980.921	14182.04
981.212	13900.53
981.503	13540.03
981.794	13149.73
982.085	12739.73
982.376	12306.38
982.666	11800.29
982.957	11280.74
983.248	10735.26
983.538	10177.73
983.828	9610.62
984.119	9034.47
984.409	8449.72
984.7	7884.55
984.99	7345.09
985.28	6816.51
985.57	6333.98
985.86	5891.27
986.15	5475.14
986.44	5088.92
986.73	4751.24
987.02	4443.9
987.309	4182.73
987.599	3965.25
987.889	3772.74
988.178	3623.91
988.468	3517.16
988.757	3430.64
989.047	3356.71
989.336	3297.96
989.625	3251.04
989.915	3216.39
990.204	3194.76
990.493	3170.98
990.782	3146.98
991.071	3131.7
991.36	3119
991.649	3091.13
991.938	3052.17
992.226	3000.09
992.515	2953.06
992.804	2899.04
993.092	2835.98
993.381	2767.22
993.669	2686.83
993.958	2607.52
994.246	2516.27
994.534	2411.78
994.823	2313.42
995.111	2206.14
995.399	2097.23
995.687	2000.82
995.975	1894.28
996.263	1799.04
996.551	1703.7
996.839	1607.17
997.126	1519.58
997.414	1446.4
997.702	1360.64
997.989	1285.1
998.277	1222.47
998.564	1165.65
998.852	1116.04
999.139	1065.78
999.426	1018.01
999.713	988.74
1000.001	968.72
1000.288	940.96
1000.575	918.25
1000.862	906.74
1001.149	894.9
1001.436	875.21
1001.722	855.84
1002.009	830.87
1002.296	809.99
1002.582	791.48
1002.869	761.03
1003.156	739.94
1003.442	720.25
1003.728	703.46
1004.015	682.69
1004.301	668.27
1004.587	648.15
1004.873	635.23
1005.16	616.94
1005.446	603.81
1005.732	586.59
1006.017	574.11
1006.303	565.29
1006.589	561.2
1006.875	548.07
1007.161	536.66
1007.446	528.7
1007.732	521.17
1008.017	512.02
1008.303	506.1
1008.588	493.29
1008.873	485.76
1009.159	479.31
1009.444	471.67
1009.729	467.15
1010.014	461.76
1010.299	449.82
1010.584	437.55
1010.869	433.14
1011.154	423.02
1011.439	415.06
1011.723	403.44
1012.008	395.48
1012.293	388.8
1012.577	384.5
1012.862	379.33
1013.146	381.7
1013.43	374.71
1013.715	373.52
1013.999	369.87
1014.283	362.01
1014.567	364.48
1014.851	360.61
1015.135	355.55
1015.419	359.64
1015.703	348.99
1015.987	338.87
1016.271	340.6
1016.555	333.6
1016.838	323.48
1017.122	327.25
1017.405	316.6
1017.689	320.9
1017.972	321.87
1018.256	323.05
1018.539	320.58
1018.822	321.55
1019.105	311.54
1019.388	314.66
1019.671	314.88
1019.954	318.1
1020.237	320.15
1020.52	319.83
1020.803	319.72
1021.086	317.78
1021.368	317.14
1021.651	314.82
1021.934	314.45
1022.216	304.46
