339.735	88.46
340.108	71.89
340.482	58.58
340.855	49.08
341.228	32.51
341.602	14.32
341.975	-5.48
342.348	-12.48
342.721	-17.32
343.094	-17.1
343.468	-18.18
343.841	-18.83
344.214	-13.66
344.587	-12.91
344.96	-3.87
345.333	5.06
345.706	11.2
346.079	15.29
346.452	20.45
346.824	25.19
347.197	32.07
347.57	37.78
347.943	46.06
348.316	62.74
348.688	74.8
349.061	84.16
349.434	100.62
349.806	111.92
350.179	114.94
350.552	117.63
350.924	111.17
351.297	116.98
351.669	121.93
352.042	120.1
352.414	127.53
352.787	133.77
353.159	140.76
353.531	150.98
353.904	153.78
354.276	159.38
354.648	161.75
355.02	162.5
355.393	166.37
355.765	162.93
356.137	160.78
356.509	160.45
356.881	154.32
357.253	147.76
357.625	148.94
357.997	144.85
358.369	144.31
358.741	140.55
359.113	142.59
359.485	161.64
359.857	171.11
360.229	168.63
360.6	163.47
360.972	168.63
361.344	169.82
361.716	162.18
362.087	143.99
362.459	136.24
362.831	136.56
363.202	142.48
363.574	140.76
363.945	138.72
364.317	139.15
364.688	139.47
365.06	140.65
365.431	140.44
365.803	139.04
366.174	136.56
366.545	137.64
366.917	143.34
367.288	143.77
367.659	143.88
368.03	144.21
368.402	144.53
368.773	140.76
369.144	143.99
369.515	141.62
369.886	142.38
370.257	142.16
370.628	135.7
370.999	138.07
371.37	143.13
371.741	140.01
372.112	137.75
372.483	139.15
372.853	137.86
373.224	141.84
373.595	143.56
373.966	146.57
374.336	148.4
374.707	146.47
375.078	148.51
375.448	173.69
375.819	173.91
376.19	170.46
376.56	165.3
376.931	162.18
377.301	168.2
377.671	163.04
378.042	139.26
378.412	141.51
378.783	151.63
379.153	153.03
379.523	153.24
379.893	156.47
380.264	160.24
380.634	162.28
381.004	164.33
381.374	155.4
381.744	158.73
382.114	161.42
382.484	161.21
382.854	161.42
383.224	167.56
383.594	171.54
383.964	168.2
384.334	162.93
384.704	175.41
385.074	168.42
385.444	166.37
385.814	162.71
386.183	156.9
386.553	163.04
386.923	164.54
387.292	154.86
387.662	160.35
388.032	160.24
388.401	161.32
388.771	162.07
389.14	159.49
389.51	160.99
389.879	156.04
390.248	152.71
390.618	149.26
390.987	145.28
391.356	137.86
391.726	136.13
392.095	133.34
392.464	137.1
392.833	137.75
393.203	134.63
393.572	133.66
393.941	135.27
394.31	137.64
394.679	137.21
395.048	136.35
395.417	135.06
395.786	150.98
396.155	151.95
396.524	183.05
396.893	182.3
397.261	187.9
397.63	187.57
397.999	185.96
398.368	179.5
398.736	177.46
399.105	166.37
399.474	169.17
399.842	168.09
400.211	173.91
400.579	174.66
400.948	171
401.317	167.88
401.685	155.18
402.053	149.8
402.422	149.91
402.79	140.98
403.158	144.64
403.527	147.97
403.895	151.52
404.263	152.81
404.632	157.87
405	149.91
405.368	149.26
405.736	150.02
406.104	146.47
406.472	146.57
406.84	141.73
407.208	140.22
407.576	157.33
407.944	161.32
408.312	158.09
408.68	162.07
409.048	160.13
409.415	160.45
409.783	160.02
410.151	145.5
410.519	144.42
410.886	143.56
411.254	140.65
411.622	145.5
411.989	140.01
412.357	137.86
412.724	139.04
413.092	135.7
413.459	139.79
413.827	145.28
414.194	143.02
414.561	147.43
414.929	149.48
415.296	151.09
415.663	155.29
416.03	152.06
416.398	143.34
416.765	146.79
417.132	146.14
417.499	145.82
417.866	148.83
418.233	153.14
418.6	153.03
418.967	159.16
419.334	154.11
419.701	154.43
420.068	156.26
420.435	152.92
420.802	147.22
421.168	148.72
421.535	147.76
421.902	148.94
422.269	147.65
422.635	149.05
423.002	154.97
423.369	151.95
423.735	147.86
424.102	144.53
424.468	146.68
424.835	153.89
425.201	150.34
425.567	148.51
425.934	152.38
426.3	159.81
426.667	166.37
427.033	167.34
427.399	161.75
427.765	161.32
428.131	154.97
428.498	155.93
428.864	156.04
429.23	153.14
429.596	153.68
429.962	153.78
430.328	155.93
430.694	159.06
431.06	159.27
431.426	170.89
431.792	175.95
432.157	175.2
432.523	181.12
432.889	187.68
433.255	192.09
433.62	194.14
433.986	181.22
434.352	176.27
434.717	175.3
435.083	170.89
435.448	165.84
435.814	165.84
436.179	162.82
436.545	164.22
436.91	164.01
437.276	159.81
437.641	162.28
438.006	161.42
438.372	161.53
438.737	168.09
439.102	163.25
439.467	165.08
439.832	169.28
440.197	161.64
440.563	164.01
440.928	165.19
441.293	157.55
441.658	165.19
442.023	166.59
442.387	165.73
442.752	169.06
443.117	175.84
443.482	179.18
443.847	185.31
444.212	181.65
444.576	179.39
444.941	190.16
445.306	193.71
445.67	186.17
446.035	181.12
446.399	179.18
446.764	180.58
447.128	178.86
447.493	169.28
447.857	174.55
448.222	177.46
448.586	182.19
448.95	186.82
449.315	187.25
449.679	189.19
450.043	192.63
450.407	193.71
450.772	186.82
451.136	183.7
451.5	181.12
451.864	178.21
452.228	181.76
452.592	178.86
452.956	178.53
453.32	185.96
453.684	185.31
454.047	183.81
454.411	189.94
454.775	186.07
455.139	184.88
455.503	179.29
455.866	174.66
456.23	179.18
456.594	178.21
456.957	171.97
457.321	176.49
457.684	179.39
458.048	187.03
458.411	192.63
458.775	185.96
459.138	192.2
459.501	198.66
459.865	191.77
460.228	199.84
460.591	204.68
460.955	202.85
461.318	201.88
461.681	201.56
462.044	196.18
462.407	195.54
462.77	193.28
463.133	178.1
463.496	171.65
463.859	178.86
464.222	172.61
464.585	175.63
464.948	180.04
465.311	176.06
465.674	178.43
466.036	187.9
466.399	186.93
466.762	192.31
467.124	191.23
467.487	190.8
467.85	187.46
468.212	184.77
468.575	181.12
468.937	177.78
469.3	176.49
469.662	173.15
470.024	176.92
470.387	172.83
470.749	184.13
471.111	185.85
471.474	184.02
471.836	182.3
472.198	188.22
472.56	186.93
472.922	192.52
473.284	182.62
473.646	181.76
474.008	183.16
474.37	183.27
474.732	181.33
475.094	177.67
475.456	175.2
475.818	180.79
476.18	179.93
476.542	176.49
476.903	175.52
477.265	171.65
477.627	172.51
477.988	177.13
478.35	176.17
478.711	175.09
479.073	175.3
479.435	172.4
479.796	173.58
480.157	180.36
480.519	180.79
480.88	183.16
481.241	186.17
481.603	190.69
481.964	189.72
482.325	191.98
482.686	184.45
483.048	183.48
483.409	181.87
483.77	180.04
484.131	177.03
484.492	183.38
484.853	183.81
485.214	186.39
485.575	183.48
485.936	186.07
486.296	183.7
486.657	182.62
487.018	179.07
487.379	180.47
487.739	182.62
488.1	181.55
488.461	178.43
488.821	185.96
489.182	185.53
489.542	193.38
489.903	198.55
490.263	195.97
490.624	194.78
490.984	192.63
491.345	186.39
491.705	191.12
492.065	185.64
492.425	182.62
492.786	184.24
493.146	185.85
493.506	186.93
493.866	187.68
494.226	190.59
494.586	196.4
494.946	192.41
495.306	190.59
495.666	197.47
496.026	204.14
496.386	213.72
496.746	209.31
497.106	205.11
497.465	207.48
497.825	211.46
498.185	208.77
498.544	203.93
498.904	197.04
499.264	199.52
499.623	206.83
499.983	204.36
500.342	201.88
500.702	204.47
501.061	207.59
501.42	208.77
501.78	210.6
502.139	201.99
502.498	203.39
502.858	209.09
503.217	206.3
503.576	212.54
503.935	214.8
504.294	213.83
504.653	215.01
505.012	213.61
505.371	214.69
505.73	213.72
506.089	205.01
506.448	207.48
506.807	208.77
507.166	211.78
507.524	214.04
507.883	212.11
508.242	217.27
508.601	215.23
508.959	210.28
509.318	210.6
509.676	216.09
510.035	216.84
510.393	215.66
510.752	218.24
511.11	220.93
511.469	225.34
511.827	227.28
512.185	221.04
512.544	223.41
512.902	223.62
513.26	218.78
513.618	224.38
513.976	216.95
514.334	214.48
514.692	214.26
515.05	212.97
515.408	213.08
515.766	218.89
516.124	213.61
516.482	218.13
516.84	221.69
517.198	227.07
517.556	231.48
517.913	236
518.271	231.15
518.629	236.21
518.986	238.9
519.344	241.7
519.701	241.06
520.059	244.71
520.416	241.92
520.774	247.62
521.131	248.05
521.489	247.94
521.846	244.28
522.203	240.95
522.561	236.97
522.918	234.71
523.275	229.22
523.632	223.62
523.989	219.43
524.346	221.47
524.703	229.22
525.06	234.17
525.417	242.78
525.774	247.4
526.131	255.91
526.488	268.07
526.845	269.68
527.202	263.55
527.559	256.34
527.915	253.86
528.272	258.06
528.629	250.85
528.985	245.25
529.342	252.46
529.698	257.2
530.055	263.55
530.411	265.7
530.768	260.32
531.124	261.39
531.48	261.82
531.837	253.11
532.193	250.85
532.549	248.7
532.906	242.88
533.262	237.5
533.618	243.64
533.974	243.75
534.33	244.18
534.686	245.68
535.042	251.92
535.398	256.44
535.754	261.82
536.11	257.2
536.466	259.56
536.821	260.53
537.177	265.48
537.533	259.13
537.889	258.38
538.244	259.35
538.6	260.75
538.955	260.64
539.311	257.09
539.667	249.56
540.022	249.77
540.377	246.44
540.733	250.2
541.088	246.01
541.444	243.21
541.799	248.48
542.154	252.46
542.509	252.78
542.864	258.7
543.22	255.15
543.575	261.72
543.93	263.87
544.285	264.19
544.64	263.01
544.995	267.85
545.35	266.45
545.705	269.57
546.059	271.4
546.414	269.79
546.769	272.69
547.124	266.88
547.478	266.45
547.833	265.16
548.188	262.47
548.542	261.72
548.897	263.33
549.251	262.04
549.606	268.93
549.96	263.44
550.315	260.96
550.669	259.03
551.023	259.03
551.378	264.73
551.732	267.53
552.086	267.85
552.44	270.33
552.794	270.11
553.148	273.34
553.502	272.15
553.856	263.76
554.21	264.73
554.564	264.08
554.918	270.54
555.272	273.02
555.626	276.03
555.98	307.99
556.334	311
556.687	305.73
557.041	303.58
557.395	302.93
557.748	303.04
558.102	301.75
558.455	272.58
558.809	277.1
559.162	277.21
559.516	280.01
559.869	274.84
560.222	282.27
560.576	286.25
560.929	294.32
561.282	287.22
561.635	284.75
561.988	285.71
562.342	291.31
562.695	289.48
563.048	291.09
563.401	283.67
563.754	283.35
564.107	292.06
564.459	288.51
564.812	283.24
565.165	288.83
565.518	280.33
565.871	285.5
566.223	292.6
566.576	288.4
566.929	294.43
567.281	296.04
567.634	292.17
567.986	298.3
568.339	295.51
568.691	296.04
569.044	295.94
569.396	291.31
569.748	292.71
570.1	297.12
570.453	294.75
570.805	298.52
571.157	301.96
571.509	305.51
571.861	307.88
572.213	308.53
572.565	312.08
572.917	323.59
573.269	319.72
573.621	314.98
573.973	325.64
574.325	328.11
574.677	331.99
575.028	322.19
575.38	313.15
575.732	309.5
576.083	305.62
576.435	297.77
576.786	300.24
577.138	302.93
577.489	298.52
577.841	299.92
578.192	303.68
578.543	314.88
578.895	310.57
579.246	309.5
579.597	311.11
579.948	319.4
580.3	319.72
580.651	321.44
581.002	312.4
581.353	311.22
581.704	317.03
582.055	306.16
582.406	305.73
582.757	303.04
583.107	302.18
583.458	304.44
583.809	305.62
584.16	296.26
584.51	298.3
584.861	291.63
585.212	290.77
585.562	293.68
585.913	295.29
586.263	294.75
586.614	299.16
586.964	299.27
587.315	307.13
587.665	314.45
588.015	307.24
588.365	310.89
588.716	313.37
589.066	308.53
589.416	309.39
589.766	307.02
590.116	304.01
590.466	314.98
590.816	309.28
591.166	311.65
591.516	311.86
591.866	310.68
592.216	311.86
592.566	312.83
592.915	306.05
593.265	310.68
593.615	304.65
593.964	307.56
594.314	313.69
594.663	317.14
595.013	310.03
595.362	303.36
595.712	302.07
596.061	304.11
596.411	302.18
596.76	297.23
597.109	291.63
597.458	295.72
597.808	297.12
598.157	292.06
598.506	292.39
598.855	289.05
599.204	288.08
599.553	299.7
599.902	295.61
600.251	299.81
600.6	303.58
600.949	303.47
601.297	312.29
601.646	312.08
601.995	297.23
602.344	299.7
602.692	298.52
603.041	295.08
603.389	296.04
603.738	293.78
604.086	297.87
604.435	297.12
604.783	298.2
605.132	300.24
605.48	297.34
605.828	291.42
606.177	289.37
606.525	290.66
606.873	298.63
607.221	300.67
607.569	304.98
607.917	307.02
608.265	304.11
608.613	299.06
608.961	294.86
609.309	295.29
609.657	294.54
610.005	292.82
610.352	295.08
610.7	301.21
611.048	306.7
611.395	305.84
611.743	301.1
612.091	298.41
612.438	297.12
612.786	299.81
613.133	304.01
613.48	305.94
613.828	310.68
614.175	311
614.522	314.02
614.87	309.6
615.217	305.84
615.564	302.5
615.911	299.38
616.258	297.23
616.605	298.63
616.952	298.41
617.299	298.84
617.646	304.65
617.993	305.73
618.34	301.32
618.687	302.5
619.033	327.68
619.38	328.54
619.727	328
620.073	325.96
620.42	328.65
620.767	335.21
621.113	334.14
621.459	307.13
621.806	305.84
622.152	310.79
622.499	308.63
622.845	313.69
623.191	309.82
623.537	311.97
623.884	310.14
624.23	304.22
624.576	302.61
624.922	299.06
625.268	295.08
625.614	295.61
625.96	293.68
626.306	289.37
626.652	290.88
626.998	288.4
627.343	292.6
627.689	290.88
628.035	292.17
628.38	281.84
628.726	289.16
629.072	295.61
629.417	291.09
629.763	296.15
630.108	295.29
630.453	288.62
630.799	290.13
631.144	287.76
631.489	285.18
631.835	284.31
632.18	273.23
632.525	267.63
632.87	272.69
633.215	278.5
633.56	276.24
633.905	277.54
634.25	276.89
634.595	278.5
634.94	278.61
635.285	280.23
635.63	277.64
635.974	279.36
636.319	278.29
636.664	280.98
637.008	279.26
637.353	281.3
637.698	275.38
638.042	275.6
638.387	271.29
638.731	268.82
639.075	267.1
639.42	269.03
639.764	268.07
640.108	263.98
640.452	262.9
640.797	266.45
641.141	270.33
641.485	273.02
641.829	270.33
642.173	266.99
642.517	274.09
642.861	267.96
643.205	264.73
643.549	260.53
643.892	260.1
644.236	261.29
644.58	259.99
644.923	262.04
645.267	267.53
645.611	270.33
645.954	267.2
646.298	266.56
646.641	265.91
646.985	269.14
647.328	262.25
647.671	265.7
648.015	264.62
648.358	264.51
648.701	257.73
649.044	256.98
649.387	252.25
649.731	249.66
650.074	244.39
650.417	240.3
650.76	243.85
651.102	250.52
651.445	248.8
651.788	246.97
652.131	254.29
652.474	257.41
652.816	259.78
653.159	253.22
653.502	251.06
653.844	250.74
654.187	252.25
654.529	248.8
654.872	245.57
655.214	239.55
655.557	241.27
655.899	243.53
656.241	246.11
656.583	243.96
656.926	238.8
657.268	244.18
657.61	248.37
657.952	255.26
658.294	252.57
658.636	251.06
658.978	256.01
659.32	261.07
659.662	255.04
660.004	255.04
660.345	250.52
660.687	250.52
661.029	249.99
661.371	247.19
661.712	245.36
662.054	243.1
662.395	239.55
662.737	239.98
663.078	234.92
663.42	237.83
663.761	239.12
664.102	235.03
664.444	238.9
664.785	242.24
665.126	238.58
665.467	238.36
665.808	238.8
666.149	239.33
666.49	240.62
666.831	238.26
667.172	237.07
667.513	239.66
667.854	244.93
668.195	238.69
668.535	239.01
668.876	238.69
669.217	237.93
669.557	237.18
669.898	236.75
670.239	234.49
670.579	241.38
670.92	238.36
671.26	243.85
671.6	244.61
671.941	253
672.281	248.59
672.621	243.64
672.961	235.78
673.302	238.9
673.642	233.41
673.982	231.48
674.322	222.22
674.662	221.47
675.002	228.57
675.342	225.56
675.682	222.98
676.021	226.2
676.361	225.67
676.701	263.65
677.041	262.04
677.38	258.81
677.72	267.1
678.059	267.63
678.399	263.44
678.738	266.99
679.078	228.25
679.417	231.26
679.756	230.72
680.096	225.13
680.435	221.15
680.774	226.64
681.113	219.1
681.453	219.32
681.792	217.06
682.131	215.66
682.47	217.6
682.809	221.25
683.148	213.61
683.486	213.51
683.825	209.63
684.164	209.63
684.503	209.31
684.841	212.11
685.18	207.48
685.519	212.11
685.857	210.49
686.196	213.08
686.534	212.75
686.873	210.6
687.211	204.9
687.549	204.47
687.888	205.76
688.226	214.69
688.564	216.3
688.902	214.04
689.24	219.32
689.578	216.09
689.917	218.24
690.255	213.51
690.592	204.79
690.93	197.37
691.268	193.49
691.606	191.55
691.944	214.48
692.282	218.35
692.619	221.47
692.957	219.53
693.294	222.87
693.632	223.3
693.97	219.21
694.307	198.66
694.644	195.86
694.982	232.98
695.319	247.19
695.656	251.92
695.994	259.03
696.331	265.16
696.668	264.51
697.005	264.41
697.342	223.19
697.679	220.82
698.016	218.35
698.353	210.71
698.69	204.04
699.027	204.68
699.364	203.5
699.7	203.28
700.037	195.32
700.374	193.28
700.71	197.04
701.047	201.24
701.384	196.83
701.72	196.93
702.057	198.98
702.393	195.32
702.729	198.55
703.066	194.14
703.402	188.97
703.738	198.98
704.074	195.32
704.41	198.66
704.747	204.25
705.083	204.36
705.419	208.77
705.755	208.88
706.091	200.49
706.426	194.24
706.762	189.83
707.098	186.82
707.434	183.48
707.769	182.19
708.105	185.64
708.441	189.29
708.776	206.4
709.112	206.3
709.447	206.73
709.783	204.04
710.118	204.9
710.453	206.51
710.789	203.39
711.124	194.35
711.459	193.92
711.794	199.41
712.129	204.68
712.464	208.13
712.799	206.19
713.134	206.83
713.469	211.35
713.804	211.35
714.139	206.19
714.474	202.21
714.809	193.38
715.143	189.51
715.478	188.86
715.813	180.79
716.147	175.2
716.482	175.95
716.816	172.61
717.151	176.38
717.485	180.25
717.819	182.08
718.154	187.79
718.488	197.69
718.822	195.97
719.156	196.5
719.491	196.83
719.825	194.67
720.159	192.74
720.493	189.29
720.827	180.47
721.161	178
721.494	185.74
721.828	185.85
722.162	186.93
722.496	185.85
722.829	185.2
723.163	191.88
723.497	189.62
723.83	191.23
724.164	182.3
724.497	182.84
724.83	184.24
725.164	182.95
725.497	179.72
725.83	184.77
726.164	179.72
726.497	184.13
726.83	181.87
727.163	189.72
727.496	183.91
727.829	184.99
728.162	181.33
728.495	177.67
728.828	178.1
729.16	179.39
729.493	172.51
729.826	183.48
730.159	174.44
730.491	180.9
730.824	186.82
731.156	187.36
731.489	182.41
731.821	179.82
732.154	175.52
732.486	185.1
732.818	176.92
733.151	170.35
733.483	170.35
733.815	175.41
734.147	182.84
734.479	184.24
734.811	182.51
735.143	187.25
735.475	193.71
735.807	196.07
736.139	193.38
736.471	186.71
736.803	186.07
737.134	183.27
737.466	184.24
737.798	182.41
738.129	187.68
738.461	188.11
738.792	193.81
739.124	192.2
739.455	195.75
739.786	194.89
740.118	194.67
740.449	192.2
740.78	195.21
741.111	184.88
741.442	188.76
741.773	187.46
742.104	185.64
742.435	188.86
742.766	180.9
743.097	182.08
743.428	188.97
743.759	186.82
744.09	184.13
744.42	184.24
744.751	183.59
745.081	192.74
745.412	192.31
745.743	191.77
746.073	193.06
746.403	191.02
746.734	185.2
747.064	180.36
747.394	178.96
747.725	174.23
748.055	179.82
748.385	178.43
748.715	189.19
749.045	199.09
749.375	202.21
749.705	204.57
750.035	206.83
750.365	201.02
750.695	201.99
751.024	195
751.354	194.89
751.684	195.75
752.013	193.81
752.343	198.12
752.673	195.64
753.002	196.93
753.331	197.8
753.661	194.03
753.99	187.14
754.32	190.05
754.649	187.14
754.978	188.11
755.307	186.5
755.636	189.94
755.965	196.4
756.294	203.28
756.623	197.26
756.952	193.81
757.281	195
757.61	192.09
757.939	189.19
758.267	185.42
758.596	182.73
758.925	183.59
759.253	193.06
759.582	195.11
759.91	198.12
760.239	200.81
760.567	200.7
760.896	197.15
761.224	196.61
761.552	193.6
761.881	186.5
762.209	188.22
762.537	183.59
762.865	184.02
763.193	192.74
763.521	192.63
763.849	188
764.177	198.44
764.505	198.01
764.832	202.75
765.16	203.61
765.488	198.98
765.815	209.53
766.143	208.88
766.471	204.68
766.798	204.04
767.126	202.53
767.453	199.3
767.78	198.23
768.108	195.75
768.435	194.46
768.762	192.09
769.089	195
769.417	197.37
769.744	201.78
770.071	203.18
770.398	196.5
770.725	199.09
771.052	196.72
771.378	190.05
771.705	185.2
772.032	186.39
772.359	179.5
772.685	183.05
773.012	181.87
773.338	188.22
773.665	194.24
773.991	197.69
774.318	192.41
774.644	193.71
774.971	190.37
775.297	196.4
775.623	197.47
775.949	201.45
776.275	201.99
776.601	201.02
776.927	200.49
777.253	206.19
777.579	199.09
777.905	194.35
778.231	185.96
778.557	181.22
778.883	183.48
779.208	195.54
779.534	192.31
779.86	196.72
780.185	197.9
780.511	199.09
780.836	202.85
781.162	202.42
781.487	196.72
781.812	190.48
782.138	192.2
782.463	195.43
782.788	198.87
783.113	198.01
783.438	195.54
783.763	192.52
784.088	198.23
784.413	195.54
784.738	196.83
785.063	198.44
785.388	201.35
785.712	206.19
786.037	209.53
786.362	209.31
786.686	209.96
787.011	206.51
787.335	204.36
787.66	213.08
787.984	209.96
788.308	210.6
788.633	208.02
788.957	204.47
789.281	197.04
789.605	198.55
789.93	180.9
790.254	184.99
790.578	182.08
790.902	184.99
791.225	189.4
791.549	194.57
791.873	188.54
792.197	193.81
792.521	192.41
792.844	195.43
793.168	192.63
793.492	193.28
793.815	193.6
794.139	193.38
794.462	198.98
794.785	198.33
795.109	197.47
795.432	199.84
795.755	205.33
796.078	209.31
796.401	208.77
796.725	206.08
797.048	210.6
797.371	213.83
797.694	209.63
798.016	201.35
798.339	199.41
798.662	203.07
798.985	204.79
799.308	197.9
799.63	194.67
799.953	199.73
800.275	198.01
800.598	197.04
800.92	197.15
801.243	200.38
801.565	200.38
801.887	199.84
802.21	202.75
802.532	208.23
802.854	209.53
803.176	208.02
803.498	201.56
803.82	209.74
804.142	211.89
804.464	208.02
804.786	207.8
805.108	218.03
805.429	224.48
805.751	231.91
806.073	227.6
806.394	227.71
806.716	230.29
807.038	231.48
807.359	219.75
807.68	217.06
808.002	208.56
808.323	208.88
808.644	209.63
808.966	209.85
809.287	208.56
809.608	212.11
809.929	214.15
810.25	217.27
810.571	215.34
810.892	214.58
811.213	210.49
811.534	220.93
811.854	223.94
812.175	227.17
812.496	229.76
812.816	237.07
813.137	244.07
813.458	250.52
813.778	242.56
814.098	244.28
814.419	240.95
814.739	247.4
815.059	247.4
815.38	243.53
815.7	247.3
816.02	250.42
816.34	256.98
816.66	265.16
816.98	270.11
817.3	274.2
817.62	282.16
817.94	290.02
818.26	299.92
818.579	305.51
818.899	310.25
819.219	312.62
819.538	319.93
819.858	322.09
820.177	318.43
820.497	324.45
820.816	323.16
821.135	326.61
821.455	335.11
821.774	342.1
822.093	343.5
822.412	352.11
822.731	348.02
823.05	350.6
823.369	352.22
823.688	347.48
824.007	342.32
824.326	345.33
824.645	341.03
824.963	339.2
825.282	337.58
825.601	334.68
825.919	327.79
826.238	319.61
826.556	340.27
826.875	339.73
827.193	336.94
827.511	331.34
827.83	324.56
828.148	326.82
828.466	331.88
828.784	315.95
829.102	316.6
829.42	316.6
829.738	320.9
830.056	326.28
830.374	334.78
830.692	340.7
831.01	337.26
831.327	345.22
831.645	355.77
831.963	371.59
832.28	377.61
832.598	379.98
832.915	386.87
833.233	396.23
833.55	394.83
833.867	398.38
834.185	397.63
834.502	407.96
834.819	409.9
835.136	412.26
835.453	418.4
835.77	425.28
836.087	429.37
836.404	430.77
836.721	430.45
837.038	435.18
837.355	439.38
837.671	433.36
837.988	440.14
838.305	441.53
838.621	456.6
838.938	470.59
839.254	487.38
839.571	510.94
839.887	549.79
840.203	591.33
840.52	648.47
840.836	703.57
841.152	764.26
841.468	835.6
841.784	909.1
842.1	987.12
842.416	1061.48
842.732	1140.47
843.048	1218.81
843.364	1304.9
843.679	1386.14
843.995	1478.36
844.311	1570.37
844.626	1659.26
844.942	1737.49
845.257	1811.74
845.573	1868.24
845.888	1924.09
846.203	1970.68
846.519	2009.1
846.834	2046.33
847.149	2079.91
847.464	2104.34
847.779	2125.97
848.094	2145.77
848.409	2156.74
848.724	2162.45
849.039	2160.62
849.354	2141.03
849.669	2123.6
849.983	2115.85
850.298	2083.14
850.613	2062.26
850.927	2034.93
851.242	1997.8
851.556	1978.43
851.871	1947.98
852.185	1924.95
852.499	1907.62
852.814	1888.79
853.128	1876.85
853.442	1876.85
853.756	1883.2
854.07	1906.76
854.384	1928.82
854.698	1973.27
855.012	2018.36
855.326	2065.49
855.64	2117.47
855.953	2166.43
856.267	2215.5
856.581	2254.99
856.894	2272.64
857.208	2293.09
857.521	2303.2
857.835	2311.27
858.148	2316.76
858.461	2305.46
858.775	2304.17
859.088	2316.33
859.401	2306.21
859.714	2324.83
860.027	2343.13
860.34	2355.5
860.653	2390.04
860.966	2428.68
861.279	2496.15
861.592	2596.98
861.904	2692.54
862.217	2811.34
862.53	2969.31
862.842	3146.66
863.155	3355.1
863.467	3576.78
863.78	3805.23
864.092	4057.9
864.405	4342.96
864.717	4639.43
865.029	4941.07
865.341	5244.96
865.653	5554.88
865.966	5851.67
866.278	6163.31
866.589	6439.33
866.901	6690.06
867.213	6948.55
867.525	7197.67
867.837	7416.22
868.149	7627.68
868.46	7797.6
868.772	8002.38
869.083	8183.17
869.395	8335.54
869.706	8471.56
870.018	8617.7
870.329	8769
870.64	8923.2
870.952	9044.16
871.263	9197.07
871.574	9331.05
871.885	9474.06
872.196	9611.27
872.507	9744.81
872.818	9870.5
873.129	10000.82
873.44	10074
873.75	10157.72
874.061	10223.79
874.372	10256.93
874.682	10277.59
874.993	10288.68
875.303	10236.6
875.614	10200.87
875.924	10100.14
876.235	10008.25
876.545	9888.69
876.855	9728.56
877.165	9505.49
877.475	9300.17
877.786	9050.72
878.096	8809.35
878.406	8473.61
878.715	8124.95
879.025	7768
879.335	7426.98
879.645	7049.92
879.955	6684.04
880.264	6328.06
880.574	6006.31
880.883	5698.32
881.193	5413.37
881.502	5146.39
881.812	4914.27
882.121	4710.46
882.43	4526.23
882.74	4385.9
883.049	4293.46
883.358	4222.33
883.667	4199.3
883.976	4227.28
884.285	4290.77
884.594	4410.01
884.903	4549.58
885.212	4756.94
885.52	5012.95
885.829	5306.19
886.138	5644.41
886.446	6038.27
886.755	6455.37
887.063	6959.52
887.372	7524.69
887.68	8175.31
887.988	8903.62
888.297	9726.41
888.605	10649.93
888.913	11726.14
889.221	12858.43
889.529	14148.14
889.837	15477.46
890.145	16966.15
890.453	18567.61
890.761	20227.19
891.069	22005.78
891.377	23930.18
891.684	25782.27
891.992	27695.49
892.299	29513.03
892.607	31267.2
892.914	33035.13
893.222	34616.58
893.529	36093
893.837	37421.25
894.144	38660.81
894.451	39776.42
894.758	40633.97
895.065	41321.82
895.372	41938.1
895.679	42203.9
895.986	42549.55
896.293	42557.73
896.6	42324.1
896.907	42048.83
897.213	41607.52
897.52	40905.36
897.827	40069.01
898.133	38901.75
898.44	37784.43
898.746	36657.96
899.053	35412.58
899.359	34042.8
899.665	32661.29
899.972	31343.6
900.278	30032.04
900.584	28661.29
900.89	27319.49
901.196	25975.11
901.502	24691.31
901.808	23460.46
902.114	22326.89
902.419	21237.76
902.725	20264.63
903.031	19386.21
903.337	18644.77
903.642	17999.1
903.948	17476.87
904.253	17116.37
904.559	16938.38
904.864	16867.58
905.169	16940.1
905.475	17166.3
905.78	17534.33
906.085	17998.67
906.39	18512.19
906.695	19064.13
907	19702.15
907.305	20373.97
907.61	20989.29
907.915	21632.69
908.219	22283.84
908.524	22899.92
908.829	23431.51
909.133	23949.66
909.438	24335.55
909.743	24786.66
910.047	25076.13
910.351	25308.78
910.656	25462.56
910.96	25590.19
911.264	25711.25
911.568	25842
911.873	25831.99
912.177	25875.14
912.481	25958.97
912.785	26164.08
913.088	26374.88
913.392	26520.81
913.696	26692.55
914	26977.4
914.304	27320.25
914.607	27647.28
914.911	27915.76
915.214	28265.39
915.518	28643.43
915.821	29070.21
916.124	29428.02
916.428	29749.78
916.731	30118.13
917.034	30483.9
917.337	30684.48
917.64	30930.16
917.943	31147.75
918.246	31312.61
918.549	31403.75
918.852	31419.57
919.155	31542.46
919.458	31684.51
919.76	31917.7
920.063	32096.55
920.366	32423.47
920.668	32993.6
920.971	33656.05
921.273	34324.31
921.576	35230.18
921.878	36039.84
922.18	37188.38
922.482	38403.62
922.784	39696.14
923.087	41176.11
923.389	42737.87
923.691	44427.25
923.992	46224.56
924.294	47974.1
924.596	49833.19
924.898	51572.61
925.2	53125.97
925.501	54598.19
925.803	55922.78
926.104	57071.41
926.406	57952.42
926.707	58652.54
927.009	59219.43
927.31	59589.29
927.611	59859.93
927.912	59957.86
928.214	59981.21
928.515	59933.32
928.816	59686.03
929.117	59378.16
929.418	59114.41
929.719	58723.46
930.019	58239.75
930.32	57817.16
930.621	57293.85
930.922	56692.84
931.222	55952.69
931.523	55116.45
931.823	54284.4
932.124	53325.8
932.424	52411.54
932.724	51325.64
933.025	50461.1
933.325	49664.02
933.625	48883.41
933.925	48163.71
934.225	47559.05
934.525	46919.84
934.825	46516.41
935.125	46032.91
935.425	45437.93
935.724	44822.93
936.024	43910.93
936.324	43002.27
936.623	42067.24
936.923	40854.46
937.222	39482.96
937.522	38349.71
937.821	37074.52
938.12	35870.57
938.42	34564.82
938.719	33128
939.018	32000.99
939.317	30964.92
939.616	29728.25
939.915	28595.22
940.214	27758.22
940.513	26964.81
940.812	26364.88
941.111	25919.37
941.409	25684.67
941.708	25780.01
942.006	26185.6
942.305	26745.39
942.603	27686.23
942.902	28646.12
943.2	29762.15
943.499	31093.3
943.797	32573.38
944.095	34010.2
944.393	35569.59
944.691	37082.38
944.989	38671.9
945.287	40200.62
945.585	41545.54
945.883	42824.39
946.181	44287.78
946.479	45717.5
946.776	47266.56
947.074	48938.94
947.371	50471.53
947.669	52142.95
947.966	53729.02
948.264	55121.72
948.561	56192.66
948.858	57179.35
949.156	57892.81
949.453	58673.2
949.75	59178.54
950.047	59530.97
950.344	59863.27
950.641	60174.27
950.938	60292.31
951.235	60370.44
951.532	60232.59
951.828	59921.38
952.125	59433.47
952.422	58729.37
952.718	57919.6
953.015	56902.68
953.311	55832.49
953.607	54580.12
953.904	53237.78
954.2	51765.34
954.496	49988.25
954.792	47929.34
955.089	45672.31
955.385	43075.23
955.681	40362.79
955.976	37406.07
956.272	34530.82
956.568	31776.95
956.864	29211.94
957.16	26760.99
957.455	24502.78
957.751	22383.92
958.046	20537.54
958.342	18834.92
958.637	17373.88
958.933	16134.1
959.228	15297.21
959.523	14781.86
959.818	14621.09
960.114	14883.12
960.409	15529.22
960.704	16472.86
960.999	17691.12
961.294	19039.81
961.588	20723.49
961.883	22697.72
962.178	24912.13
962.473	27299.15
962.767	29788.95
963.062	32434.34
963.356	35349.09
963.651	38168.39
963.945	40942.38
964.239	43739.72
964.534	46373.93
964.828	48983.6
965.122	51327.58
965.416	53268.88
965.71	54941.69
966.004	56289.62
966.298	57244.45
966.592	57919.39
966.886	58357.47
967.18	58672.02
967.473	58889.39
967.767	59052.42
968.061	59119.89
968.354	59121.19
968.648	58957.51
968.941	58640.6
969.234	58069.29
969.528	57354.54
969.821	56452.54
970.114	55471.24
970.407	54156.24
970.7	52716.51
970.993	51102.03
971.286	49363.25
971.579	47253.54
971.872	44995.97
972.165	42413.42
972.457	39835.39
972.75	37249.61
973.043	34620.89
973.335	32049.74
973.628	29826.93
973.92	27699.36
974.213	25869.11
974.505	24175.21
974.797	22591.18
975.089	21161.14
975.382	19951.49
975.674	18747.43
975.966	17774.41
976.258	16908.9
976.55	16264.85
976.841	15742.61
977.133	15403.31
977.425	15147.95
977.717	15028.18
978.008	14919.82
978.3	14894.21
978.591	14899.37
978.883	14909.81
979.174	14914.65
979.465	14887.32
979.757	14847.07
980.048	14763.25
980.339	14639.06
980.63	14453.54
980.921	14250.59
981.212	13941.74
981.503	13610.09
981.794	13255.29
982.085	12846.27
982.376	12416.79
982.666	11921.03
982.957	11413.32
983.248	10921.86
983.538	10380.69
983.828	9825.52
984.119	9282.19
984.409	8733.38
984.7	8174.13
984.99	7610.46
985.28	7080.91
985.57	6585.25
985.86	6106.38
986.15	5657.97
986.44	5237.75
986.73	4876.93
987.02	4557.76
987.309	4266.35
987.599	4028.31
987.889	3830.2
988.178	3678.36
988.468	3548.15
988.757	3442.59
989.047	3366.72
989.336	3311.73
989.625	3258.25
989.915	3214.02
990.204	3172.05
990.493	3153.11
990.782	3126.96
991.071	3083.92
991.36	3045.82
991.649	3013.54
991.938	2975.55
992.226	2931.97
992.515	2878.49
992.804	2820.59
993.092	2763.88
993.381	2699.53
993.669	2617.1
993.958	2539.41
994.246	2446.22
994.534	2341.94
994.823	2242.51
995.111	2149.53
995.399	2042.57
995.687	1938.83
995.975	1832.19
996.263	1731.36
996.551	1630.53
996.839	1533.89
997.126	1436.83
997.414	1358.06
997.702	1291.34
997.989	1226.02
998.277	1174.26
998.564	1127.98
998.852	1083.22
999.139	1045.45
999.426	1003.69
999.713	961.83
1000.001	937.4
1000.288	911.36
1000.575	883.92
1000.862	862.94
1001.149	839.26
1001.436	823.44
1001.722	806.87
1002.009	780.08
1002.296	754.47
1002.582	736.6
1002.869	722.83
1003.156	711.1
1003.442	694.96
1003.728	680.11
1004.015	661.49
1004.301	645.99
1004.587	632.54
1004.873	618.77
1005.16	600.04
1005.446	584.55
1005.732	568.51
1006.017	562.6
1006.303	557.75
1006.589	552.48
1006.875	534.94
1007.161	526.33
1007.446	518.37
1007.732	512.88
1008.017	504.16
1008.303	489.31
1008.588	475.54
1008.873	476.4
1009.159	468.11
1009.444	465.96
1009.729	454.12
1010.014	447.13
1010.299	450.25
1010.584	449.39
1010.869	434.11
1011.154	429.37
1011.439	422.49
1011.723	418.18
1012.008	410.54
1012.293	396.77
1012.577	381.38
1012.862	382.24
1013.146	381.38
1013.43	369.87
1013.715	361.69
1013.999	353.19
1014.283	348.45
1014.567	346.62
1014.851	341.03
1015.135	332.2
1015.419	327.14
1015.703	329.08
1015.987	328.76
1016.271	327.79
1016.555	324.99
1016.838	318.1
1017.122	325.85
1017.405	325.64
1017.689	327.79
1017.972	322.84
1018.256	324.67
1018.539	321.55
1018.822	321.76
1019.105	314.66
1019.388	315.31
1019.671	312.08
1019.954	312.62
1020.237	305.84
1020.52	307.99
1020.803	307.56
1021.086	299.27
1021.368	296.58
1021.651	292.35
1021.934	291.24
1022.216	292.6
