339.735	111.96
340.108	90.37
340.482	76.87
340.855	63.99
341.228	43.65
341.602	22.56
341.975	-1.76
342.348	-10.69
342.721	-12.52
343.094	-16.72
343.468	-18.33
343.841	-17.58
344.214	-16.5
344.587	-11.99
344.96	-9.19
345.333	0.17
345.706	3.08
346.079	10.29
346.452	20.73
346.824	31.92
347.197	42.25
347.57	50.97
347.943	48.81
348.316	62.37
348.688	72.38
349.061	74.32
349.434	82.71
349.806	88.63
350.179	98.85
350.552	113.38
350.924	122.31
351.297	126.51
351.669	134.26
352.042	135.01
352.414	138.89
352.787	143.84
353.159	145.23
353.531	151.48
353.904	158.69
354.276	168.26
354.648	171.49
355.02	178.16
355.393	175.26
355.765	182.36
356.137	174.4
356.509	167.4
356.881	162.13
357.253	161.81
357.625	158.26
357.997	161.05
358.369	153.31
358.741	157.39
359.113	160.08
359.485	175.69
359.857	177.73
360.229	178.06
360.6	176.87
360.972	180.32
361.344	179.67
361.716	175.26
362.087	164.6
362.459	162.99
362.831	163.74
363.202	164.17
363.574	158.15
363.945	151.05
364.317	157.93
364.688	155.46
365.06	157.18
365.431	153.41
365.803	149.97
366.174	156.86
366.545	161.27
366.917	158.04
367.288	155.35
367.659	149.11
368.03	145.34
368.402	144.7
368.773	141.04
369.144	142.54
369.515	139.75
369.886	134.47
370.257	134.9
370.628	140.39
370.999	138.24
371.37	139.32
371.741	134.37
372.112	138.24
372.483	138.45
372.853	135.66
373.224	132.75
373.595	135.98
373.966	136.84
374.336	143.94
374.707	141.47
375.078	142.54
375.448	171.28
375.819	175.37
376.19	173.54
376.56	173.11
376.931	167.62
377.301	172.14
377.671	168.8
378.042	148.14
378.412	143.94
378.783	144.59
379.153	143.62
379.523	146.53
379.893	145.45
380.264	148.68
380.634	147.71
381.004	151.8
381.374	150.61
381.744	150.94
382.114	149
382.484	150.29
382.854	153.41
383.224	149.11
383.594	155.67
383.964	161.59
384.334	156.53
384.704	164.93
385.074	162.13
385.444	159.65
385.814	168.69
386.183	156.43
386.553	154.27
386.923	159.22
387.292	155.46
387.662	163.31
388.032	160.84
388.401	155.56
388.771	163.64
389.14	165.57
389.51	165.47
389.879	159.55
390.248	152.44
390.618	158.47
390.987	161.48
391.356	154.6
391.726	148.89
392.095	149.22
392.464	153.52
392.833	150.18
393.203	149.32
393.572	145.99
393.941	141.79
394.31	141.79
394.679	142.97
395.048	141.9
395.417	143.51
395.786	146.31
396.155	146.42
396.524	175.04
396.893	174.83
397.261	177.41
397.63	173.21
397.999	174.93
398.368	172.35
398.736	171.06
399.105	158.79
399.474	166.54
399.842	162.67
400.211	167.51
400.579	167.29
400.948	168.59
401.317	168.26
401.685	162.02
402.053	158.47
402.422	161.16
402.79	157.82
403.158	152.66
403.527	149.97
403.895	146.96
404.263	142.33
404.632	141.9
405	141.15
405.368	142.11
405.736	151.15
406.104	151.8
406.472	154.06
406.84	149.97
407.208	144.16
407.576	149.75
407.944	152.34
408.312	146.85
408.68	147.28
409.048	149.97
409.415	151.91
409.783	153.95
410.151	144.7
410.519	146.2
410.886	151.8
411.254	147.82
411.622	147.06
411.989	153.31
412.357	156.43
412.724	152.66
413.092	150.29
413.459	143.3
413.827	143.3
414.194	143.62
414.561	152.01
414.929	153.41
415.296	160.95
415.663	165.47
416.03	165.36
416.398	170.2
416.765	168.37
417.132	162.88
417.499	163.96
417.866	164.93
418.233	162.24
418.6	170.85
418.967	171.28
419.334	174.83
419.701	169.23
420.068	168.48
420.435	165.47
420.802	160.08
421.168	157.61
421.535	154.06
421.902	148.35
422.269	149.75
422.635	147.6
423.002	149.32
423.369	157.61
423.735	158.58
424.102	160.84
424.468	168.05
424.835	171.6
425.201	172.78
425.567	174.4
425.934	166.65
426.3	163.53
426.667	164.07
427.033	160.73
427.399	156.53
427.765	155.03
428.131	148.89
428.498	151.8
428.864	152.34
429.23	156
429.596	156.96
429.962	155.78
430.328	162.13
430.694	161.48
431.06	156.53
431.426	166
431.792	158.58
432.157	162.45
432.523	161.91
432.889	152.98
433.255	155.35
433.62	166.22
433.986	156.1
434.352	157.93
434.717	154.6
435.083	155.13
435.448	160.95
435.814	162.99
436.179	161.91
436.545	166.11
436.91	168.37
437.276	168.91
437.641	175.8
438.006	169.88
438.372	167.29
438.737	166.97
439.102	162.45
439.467	161.27
439.832	163.21
440.197	153.31
440.563	156.1
440.928	156.86
441.293	152.23
441.658	156.86
442.023	157.07
442.387	150.72
442.752	156.21
443.117	165.9
443.482	169.34
443.847	171.38
444.212	168.59
444.576	176.23
444.941	185.48
445.306	194.09
445.67	185.16
446.035	182.58
446.399	190.32
446.764	192.15
447.128	190
447.493	186.45
447.857	178.81
448.222	188.39
448.586	193.23
448.95	190.22
449.315	188.71
449.679	184.84
450.043	190.43
450.407	190.97
450.772	186.99
451.136	193.44
451.5	197.43
451.864	198.29
452.228	206.57
452.592	201.41
452.956	206.36
453.32	208.72
453.684	205.17
454.047	199.58
454.411	202.38
454.775	193.66
455.139	189.14
455.503	187.42
455.866	184.73
456.23	183.22
456.594	185.05
456.957	182.47
457.321	188.82
457.684	193.12
458.048	192.37
458.411	193.44
458.775	189.57
459.138	187.31
459.501	193.66
459.865	196.03
460.228	207
460.591	216.04
460.955	216.37
461.318	220.99
461.681	222.18
462.044	217.55
462.407	210.66
462.77	200.76
463.133	193.66
463.496	195.92
463.859	192.58
464.222	193.12
464.585	196.46
464.948	196.78
465.311	198.93
465.674	196.35
466.036	193.01
466.399	196.24
466.762	199.69
467.124	198.18
467.487	199.15
467.85	199.04
468.212	200.76
468.575	202.27
468.937	195.06
469.3	190.75
469.662	187.42
470.024	186.45
470.387	182.04
470.749	190.54
471.111	188.06
471.474	192.26
471.836	189.68
472.198	190.75
472.56	190.32
472.922	193.01
473.284	182.79
473.646	186.02
474.008	185.16
474.37	186.56
474.732	188.6
475.094	185.91
475.456	188.06
475.818	188.82
476.18	184.94
476.542	188.49
476.903	187.74
477.265	183.65
477.627	178.81
477.988	177.84
478.35	170.95
478.711	169.23
479.073	166.65
479.435	158.79
479.796	159.12
480.157	164.82
480.519	158.9
480.88	165.36
481.241	162.34
481.603	161.81
481.964	173
482.325	172.46
482.686	176.01
483.048	174.07
483.409	171.38
483.77	175.26
484.131	174.72
484.492	172.46
484.853	178.7
485.214	173
485.575	175.8
485.936	179.78
486.296	180.42
486.657	182.58
487.018	182.36
487.379	181.93
487.739	192.58
488.1	195.27
488.461	194.52
488.821	198.72
489.182	197.32
489.542	195.17
489.903	200.12
490.263	192.69
490.624	187.74
490.984	186.13
491.345	184.08
491.705	186.13
492.065	191.83
492.425	189.14
492.786	190
493.146	197.64
493.506	201.41
493.866	200.12
494.226	200.65
494.586	196.89
494.946	191.4
495.306	200.33
495.666	201.84
496.026	206.57
496.386	212.49
496.746	213.89
497.106	212.92
497.465	218.3
497.825	213.24
498.185	216.26
498.544	213.14
498.904	205.5
499.264	199.79
499.623	202.05
499.983	197.96
500.342	193.87
500.702	193.87
501.061	194.84
501.42	198.93
501.78	206.36
502.139	204.42
502.498	203.02
502.858	200.55
503.217	189.57
503.576	197.64
503.935	207.43
504.294	212.38
504.653	220.02
505.012	227.66
505.371	233.8
505.73	245.1
506.089	231.54
506.448	224.22
506.807	215.61
507.166	214.11
507.524	210.55
507.883	209.37
508.242	206.79
508.601	205.82
508.959	208.4
509.318	211.85
509.676	213.78
510.035	208.19
510.393	211.74
510.752	211.31
511.11	213.67
511.469	210.55
511.827	218.41
512.185	212.17
512.544	217.98
512.902	219.81
513.26	216.58
513.618	221.53
513.976	223.79
514.334	215.18
514.692	218.09
515.05	221.21
515.408	224.33
515.766	233.37
516.124	229.6
516.482	227.23
516.84	226.16
517.198	225.51
517.556	220.24
517.913	213.89
518.271	213.57
518.629	219.7
518.986	222.93
519.344	220.67
519.701	226.37
520.059	231
520.416	229.71
520.774	223.47
521.131	226.16
521.489	227.23
521.846	233.04
522.203	228.2
522.561	226.91
522.918	228.85
523.275	238.64
523.632	238.32
523.989	236.38
524.346	234.01
524.703	242.41
525.06	250.8
525.417	255.64
525.774	250.69
526.131	252.95
526.488	260.59
526.845	265.87
527.202	265.54
527.559	258.23
527.915	255.43
528.272	253.49
528.629	245.96
528.985	242.41
529.342	239.72
529.698	235.09
530.055	239.18
530.411	248.97
530.768	256.07
531.124	261.02
531.48	257.26
531.837	258.12
532.193	257.26
532.549	255.54
532.906	247.25
533.262	239.29
533.618	242.51
533.974	248.97
534.33	249.4
534.686	247.9
535.042	254.03
535.398	247.68
535.754	253.49
536.11	252.52
536.466	247.46
536.821	248.65
537.177	256.4
537.533	252.95
537.889	259.3
538.244	260.81
538.6	252.85
538.955	254.57
539.311	251.55
539.667	249.19
540.022	248.86
540.377	251.23
540.733	250.26
541.088	253.92
541.444	251.23
541.799	251.66
542.154	251.55
542.509	245.64
542.864	246.28
543.22	248.22
543.575	252.31
543.93	259.52
544.285	260.49
544.64	257.26
544.995	265.87
545.35	266.62
545.705	262.64
546.059	262.85
546.414	250.8
546.769	259.62
547.124	263.71
547.478	262.21
547.833	259.73
548.188	263.82
548.542	258.33
548.897	267.48
549.251	260.16
549.606	254.14
549.96	253.38
550.315	253.28
550.669	244.34
551.023	247.03
551.378	248.76
551.732	253.06
552.086	259.62
552.44	258.12
552.794	257.58
553.148	264.47
553.502	265.22
553.856	266.83
554.21	264.25
554.564	264.9
554.918	265.01
555.272	264.79
555.626	264.25
555.98	288.03
556.334	283.51
556.687	283.73
557.041	279.86
557.395	285.56
557.748	287.39
558.102	286.63
558.455	264.79
558.809	264.9
559.162	260.16
559.516	267.91
559.869	263.5
560.222	267.7
560.576	269.42
560.929	276.2
561.282	282.87
561.635	290.83
561.988	290.4
562.342	290.83
562.695	293.84
563.048	292.98
563.401	288.46
563.754	280.18
564.107	281.9
564.459	279.32
564.812	276.84
565.165	267.7
565.518	271.46
565.871	268.45
566.223	275.55
566.576	268.99
566.929	265.01
567.281	268.66
567.634	272.75
567.986	271.35
568.339	279.1
568.691	280.5
569.044	284.27
569.396	285.24
569.748	289
570.1	292.77
570.453	287.82
570.805	281.68
571.157	279.64
571.509	281.25
571.861	284.7
572.213	278.99
572.565	281.25
572.917	289.33
573.269	292.23
573.621	292.66
573.973	292.23
574.325	296.21
574.677	301.27
575.028	297.72
575.38	299.23
575.732	297.18
576.083	297.83
576.435	300.95
576.786	297.07
577.138	293.52
577.489	295.46
577.841	292.34
578.192	297.18
578.543	299.23
578.895	294.49
579.246	301.49
579.597	312.03
579.948	312.03
580.3	311.6
580.651	309.56
581.002	308.37
581.353	308.26
581.704	303.42
582.055	295.14
582.406	297.18
582.757	296.64
583.107	297.4
583.458	296.1
583.809	303.53
584.16	302.88
584.51	305.57
584.861	304.71
585.212	306.33
585.562	306.54
585.913	301.38
586.263	293.74
586.614	295.46
586.964	290.94
587.315	285.56
587.665	282.44
588.015	274.04
588.365	274.69
588.716	277.81
589.066	277.81
589.416	277.38
589.766	279.1
590.116	282.33
590.466	294.38
590.816	300.3
591.166	296.64
591.516	293.31
591.866	300.62
592.216	307.08
592.566	304.61
592.915	299.76
593.265	299.12
593.615	308.16
593.964	308.16
594.314	303.64
594.663	301.27
595.013	300.84
595.362	296.43
595.712	298.47
596.061	291.05
596.411	292.23
596.76	291.26
597.109	289.86
597.458	291.59
597.808	299.55
598.157	299.87
598.506	298.47
598.855	299.44
599.204	303.21
599.553	307.83
599.902	307.94
600.251	308.91
600.6	312.35
600.949	316.77
601.297	315.37
601.646	311.17
601.995	303.75
602.344	304.39
602.692	303.21
603.041	296.43
603.389	294.17
603.738	297.83
604.086	301.81
604.435	301.05
604.783	303.31
605.132	302.13
605.48	300.3
605.828	300.3
606.177	297.4
606.525	290.51
606.873	293.95
607.221	297.61
607.569	295.57
607.917	296.21
608.265	296.32
608.613	299.23
608.961	308.7
609.309	310.42
609.657	301.05
610.005	297.18
610.352	295.78
610.7	294.49
611.048	286.31
611.395	279.75
611.743	277.06
612.091	275.98
612.438	285.34
612.786	290.51
613.133	281.47
613.48	284.16
613.828	282.87
614.175	281.9
614.522	286.2
614.87	282.01
615.217	282.65
615.564	291.26
615.911	292.66
616.258	296.1
616.605	293.74
616.952	300.84
617.299	306.54
617.646	309.88
617.993	310.63
618.34	314.18
618.687	310.42
619.033	337.43
619.38	336.14
619.727	328.71
620.073	325.16
620.42	324.94
620.767	328.07
621.113	333.12
621.459	311.06
621.806	308.26
622.152	312.35
622.499	313.11
622.845	326.13
623.191	327.63
623.537	326.13
623.884	327.31
624.23	327.53
624.576	323.76
624.922	317.52
625.268	304.93
625.614	297.72
625.96	300.52
626.306	298.36
626.652	293.52
626.998	293.41
627.343	296.43
627.689	300.3
628.035	299.01
628.38	297.07
628.726	299.33
629.072	298.58
629.417	291.8
629.763	294.49
630.108	284.91
630.453	285.45
630.799	283.62
631.144	280.5
631.489	284.05
631.835	285.56
632.18	282.76
632.525	285.56
632.87	280.72
633.215	279.42
633.56	276.63
633.905	276.3
634.25	279.32
634.595	274.58
634.94	281.47
635.285	288.25
635.63	282.01
635.974	283.3
636.319	283.19
636.664	286.85
637.008	288.14
637.353	280.93
637.698	281.58
638.042	286.31
638.387	281.79
638.731	279.1
639.075	269.52
639.42	270.49
639.764	269.42
640.108	263.82
640.452	262.96
640.797	264.36
641.141	268.34
641.485	270.39
641.829	268.66
642.173	268.66
642.517	266.4
642.861	267.05
643.205	261.02
643.549	255.86
643.892	255.43
644.236	255.43
644.58	253.28
644.923	255.21
645.267	253.38
645.611	255.43
645.954	251.77
646.298	254.46
646.641	253.81
646.985	255.32
647.328	253.81
647.671	250.59
648.015	252.52
648.358	248.33
648.701	248.43
649.044	248.11
649.387	245.85
649.731	246.28
650.074	247.68
650.417	251.66
650.76	256.4
651.102	250.91
651.445	252.41
651.788	250.05
652.131	247.36
652.474	243.81
652.816	243.48
653.159	242.73
653.502	242.19
653.844	238.96
654.187	243.48
654.529	247.46
654.872	250.8
655.214	248.76
655.557	255.21
655.899	253.71
656.241	251.45
656.583	251.55
656.926	251.34
657.268	252.95
657.61	256.29
657.952	250.59
658.294	261.99
658.636	264.47
658.978	270.39
659.32	268.88
659.662	266.62
660.004	262.31
660.345	253.06
660.687	244.77
661.029	243.05
661.371	231.75
661.712	229.6
662.054	236.06
662.395	237.46
662.737	244.67
663.078	240.9
663.42	238.43
663.761	241.44
664.102	242.3
664.444	234.34
664.785	231.32
665.126	228.85
665.467	228.96
665.808	230.25
666.149	235.3
666.49	234.34
666.831	231.32
667.172	238.86
667.513	236.81
667.854	237.35
668.195	238.43
668.535	237.13
668.876	234.12
669.217	241.44
669.557	229.82
669.898	236.6
670.239	235.41
670.579	231.97
670.92	224.44
671.26	223.9
671.6	215.07
671.941	225.83
672.281	215.61
672.621	212.06
672.961	212.06
673.302	217.01
673.642	220.13
673.982	221.1
674.322	216.04
674.662	223.25
675.002	231.11
675.342	234.01
675.682	228.53
676.021	224.11
676.361	226.8
676.701	253.06
677.041	253.49
677.38	247.03
677.72	241.55
678.059	240.58
678.399	240.25
678.738	238.86
679.078	206.68
679.417	207
679.756	211.41
680.096	210.77
680.435	208.94
680.774	213.24
681.113	215.5
681.453	217.55
681.792	213.57
682.131	216.8
682.47	221.64
682.809	227.13
683.148	223.47
683.486	227.88
683.825	231.75
684.164	230.57
684.503	225.94
684.841	227.56
685.18	231
685.519	231.11
685.857	221.1
686.196	213.78
686.534	211.63
686.873	216.26
687.211	217.87
687.549	206.25
687.888	207.97
688.226	212.28
688.564	212.6
688.902	216.47
689.24	205.17
689.578	202.05
689.917	208.51
690.255	209.69
690.592	209.26
690.93	205.6
691.268	202.7
691.606	208.51
691.944	229.06
692.282	224.44
692.619	225.08
692.957	223.25
693.294	225.19
693.632	224.97
693.97	218.09
694.307	187.74
694.644	193.87
694.982	237.13
695.319	247.03
695.656	249.83
695.994	251.34
696.331	259.09
696.668	267.16
697.005	269.96
697.342	226.59
697.679	217.98
698.016	216.69
698.353	219.7
698.69	211.74
699.027	211.09
699.364	203.88
699.7	200.98
700.037	201.08
700.374	200.22
700.71	192.04
701.047	190.65
701.384	187.85
701.72	186.99
702.057	186.45
702.393	182.9
702.729	184.08
703.066	189.03
703.402	199.15
703.738	204.21
704.074	208.19
704.41	208.94
704.747	211.63
705.083	208.51
705.419	213.57
705.755	207
706.091	201.73
706.426	201.73
706.762	199.25
707.098	197.21
707.434	197.32
707.769	193.98
708.105	198.82
708.441	196.78
708.776	199.25
709.112	199.25
709.447	200.22
709.783	199.36
710.118	201.51
710.453	201.3
710.789	204.85
711.124	204.31
711.459	200.65
711.794	204.64
712.129	204.1
712.464	200.65
712.799	198.29
713.134	200.01
713.469	197.64
713.804	205.07
714.139	195.6
714.474	196.67
714.809	193.01
715.143	190.54
715.478	190.65
715.813	191.72
716.147	185.91
716.482	185.16
716.816	183.22
717.151	182.47
717.485	187.2
717.819	185.27
718.154	180.64
718.488	179.78
718.822	186.77
719.156	192.48
719.491	200.22
719.825	201.62
720.159	200.44
720.493	198.72
720.827	200.44
721.161	196.89
721.494	191.72
721.828	187.96
722.162	181.93
722.496	182.68
722.829	187.31
723.163	187.42
723.497	188.17
723.83	196.78
724.164	196.56
724.497	202.48
724.83	201.84
725.164	202.7
725.497	206.79
725.83	206.25
726.164	201.95
726.497	205.07
726.83	198.29
727.163	205.5
727.496	201.95
727.829	199.58
728.162	196.89
728.495	192.58
728.828	186.23
729.16	185.37
729.493	183.01
729.826	187.85
730.159	192.26
730.491	194.41
730.824	198.61
731.156	199.47
731.489	206.68
731.821	202.59
732.154	199.9
732.486	196.56
732.818	198.5
733.151	199.58
733.483	206.46
733.815	199.25
734.147	195.49
734.479	194.09
734.811	191.72
735.143	187.74
735.475	186.13
735.807	182.36
736.139	184.3
736.471	183.44
736.803	183.87
737.134	183.44
737.466	192.04
737.798	191.83
738.129	197.43
738.461	198.61
738.792	201.84
739.124	202.48
739.455	200.87
739.786	200.22
740.118	197.75
740.449	191.4
740.78	189.46
741.111	184.62
741.442	177.84
741.773	185.8
742.104	185.7
742.435	190.54
742.766	187.74
743.097	189.46
743.428	196.46
743.759	198.93
744.09	194.84
744.42	189.46
744.751	180.75
745.081	179.45
745.412	179.45
745.743	171.6
746.073	172.35
746.403	169.66
746.734	172.35
747.064	179.99
747.394	181.28
747.725	184.73
748.055	194.2
748.385	201.95
748.715	205.39
749.045	205.07
749.375	204.31
749.705	207.86
750.035	206.25
750.365	199.15
750.695	196.67
751.024	191.18
751.354	196.78
751.684	193.12
752.013	196.56
752.343	198.29
752.673	206.68
753.002	196.24
753.331	195.06
753.661	193.23
753.99	196.56
754.32	193.55
754.649	188.39
754.978	183.11
755.307	195.6
755.636	201.19
755.965	195.81
756.294	193.12
756.623	189.35
756.952	191.51
757.281	195.81
757.61	189.25
757.939	192.26
758.267	195.06
758.596	201.51
758.925	206.03
759.253	215.93
759.582	217.01
759.91	219.92
760.239	211.31
760.567	210.12
760.896	204.53
761.224	203.67
761.552	199.69
761.881	194.09
762.209	189.03
762.537	192.91
762.865	190.75
763.193	184.51
763.521	179.88
763.849	172.14
764.177	171.81
764.505	172.24
764.832	168.91
765.16	173.64
765.488	187.42
765.815	196.03
766.143	204.96
766.471	201.84
766.798	211.09
767.126	213.89
767.453	210.66
767.78	210.12
768.108	207.33
768.435	197.32
768.762	201.84
769.089	206.9
769.417	210.88
769.744	207.97
770.071	198.93
770.398	199.58
770.725	200.12
771.052	197.1
771.378	184.73
771.705	184.3
772.032	190.86
772.359	193.77
772.685	192.8
773.012	196.13
773.338	200.87
773.665	205.07
773.991	203.56
774.318	204.64
774.644	209.69
774.971	204.96
775.297	211.31
775.623	210.98
775.949	210.66
776.275	215.18
776.601	213.14
776.927	210.34
777.253	209.69
777.579	203.34
777.905	204.1
778.231	201.95
778.557	192.69
778.883	192.91
779.208	196.56
779.534	201.62
779.86	207
780.185	208.83
780.511	210.77
780.836	209.16
781.162	205.5
781.487	196.89
781.812	192.58
782.138	182.36
782.463	179.78
782.788	183.65
783.113	190.75
783.438	192.8
783.763	193.44
784.088	197.32
784.413	200.87
784.738	196.78
785.063	191.72
785.388	195.92
785.712	198.07
786.037	202.38
786.362	201.62
786.686	195.92
787.011	206.68
787.335	208.19
787.66	206.68
787.984	207.11
788.308	205.07
788.633	204.42
788.957	213.03
789.281	203.45
789.605	201.62
789.93	201.3
790.254	199.04
790.578	197.96
790.902	206.46
791.225	205.17
791.549	210.23
791.873	211.31
792.197	212.71
792.521	213.78
792.844	216.9
793.168	199.9
793.492	202.81
793.815	197.75
794.139	197
794.462	195.17
794.785	194.2
795.109	195.17
795.432	200.87
795.755	199.04
796.078	205.93
796.401	210.23
796.725	210.98
797.048	215.83
797.371	221.1
797.694	221.1
798.016	219.92
798.339	215.93
798.662	208.72
798.985	209.59
799.308	202.91
799.63	200.12
799.953	208.62
800.275	205.6
800.598	207.43
800.92	214.43
801.243	209.05
801.565	211.63
801.887	211.85
802.21	211.41
802.532	215.4
802.854	215.83
803.176	213.89
803.498	215.5
803.82	217.33
804.142	210.23
804.464	207.22
804.786	208.29
805.108	212.81
805.429	212.49
805.751	216.58
806.073	213.14
806.394	221.75
806.716	220.99
807.038	222.28
807.359	218.19
807.68	217.98
808.002	216.47
808.323	224.97
808.644	222.18
808.966	226.37
809.287	221.1
809.608	220.35
809.929	223.36
810.25	226.59
810.571	225.51
810.892	230.25
811.213	227.23
811.534	230.35
811.854	232.83
812.175	239.39
812.496	237.89
812.816	228.85
813.137	225.94
813.458	233.8
813.778	242.3
814.098	249.08
814.419	248.97
814.739	257.8
815.059	272.32
815.38	279.75
815.7	281.79
816.02	283.94
816.34	282.33
816.66	278.99
816.98	276.3
817.3	275.34
817.62	278.67
817.94	278.35
818.26	279.32
818.579	291.15
818.899	302.88
819.219	308.59
819.538	312.35
819.858	319.78
820.177	325.91
820.497	337.32
820.816	334.63
821.135	338.5
821.455	342.7
821.774	350.45
822.093	349.69
822.412	357.77
822.731	358.73
823.05	362.93
823.369	361.64
823.688	360.03
824.007	350.13
824.326	349.05
824.645	344.85
824.963	333.98
825.282	336.03
825.601	331.83
825.919	330.11
826.238	340.01
826.556	356.47
826.875	361.21
827.193	363.36
827.511	350.88
827.83	346.79
828.148	344.21
828.466	337.32
828.784	320.1
829.102	316.34
829.42	321.39
829.738	335.28
830.056	336.35
830.374	345.28
830.692	356.37
831.01	360.78
831.327	364.76
831.645	370.89
831.963	373.91
832.28	387.25
832.598	390.37
832.915	394.25
833.233	405.44
833.55	409.96
833.867	414.26
834.185	415.88
834.502	420.5
834.819	416.74
835.136	414.48
835.453	407.7
835.77	412.75
836.087	411.36
836.404	415.55
836.721	416.31
837.038	419.86
837.355	427.5
837.671	431.26
837.988	429.97
838.305	433.09
838.621	441.92
838.938	456.88
839.254	483.89
839.571	503.69
839.887	528.76
840.203	561.58
840.52	603.44
840.836	647.67
841.152	692.54
841.468	742.8
841.784	802.52
842.1	867.41
842.416	936.07
842.732	1018.82
843.048	1104.05
843.364	1185.72
843.679	1271.81
843.995	1360.16
844.311	1451.2
844.626	1542.02
844.942	1621.87
845.257	1699.78
845.573	1769.3
845.888	1837.31
846.203	1904.46
846.519	1970.31
846.834	2021
847.149	2074.27
847.464	2110.42
847.779	2154.11
848.094	2192.42
848.409	2219.65
848.724	2246.12
849.039	2268.07
849.354	2264.63
849.669	2270.66
849.983	2263.98
850.298	2252.36
850.613	2236.65
850.927	2210.29
851.242	2175.96
851.556	2148.63
851.871	2110.1
852.185	2086
852.499	2059.31
852.814	2033.37
853.128	2018.42
853.442	2017.34
853.756	2031.44
854.07	2058.34
854.384	2088.04
854.698	2122.91
855.012	2172.62
855.326	2213.08
855.64	2270.66
855.953	2323.71
856.267	2375.25
856.581	2418.19
856.894	2455.75
857.208	2486.2
857.521	2513.1
857.835	2508.69
858.148	2495.45
858.461	2481.25
858.775	2458.44
859.088	2437.24
859.401	2411.41
859.714	2397.53
860.027	2407.86
860.34	2414.21
860.653	2436.59
860.966	2487.49
861.279	2556.79
861.592	2636.1
861.904	2741.35
862.217	2871.23
862.53	3049.76
862.842	3246.15
863.155	3472.02
863.467	3712.1
863.78	3987.37
864.092	4286.74
864.405	4622.38
864.717	4966.74
865.029	5313.78
865.341	5695.48
865.653	6087.4
865.966	6466.08
866.278	6831.85
866.589	7170.18
866.901	7498.82
867.213	7838.12
867.525	8129.85
867.837	8383.7
868.149	8633.58
868.46	8855.69
868.772	9065.2
869.083	9239.21
869.395	9386.42
869.706	9515.23
870.018	9675.68
870.329	9787.17
870.64	9932.12
870.952	10062.54
871.263	10186.94
871.574	10308.32
871.885	10422.28
872.196	10535.28
872.507	10693.03
872.818	10808.71
873.129	10891.58
873.44	10967.87
873.75	11002.2
874.061	11035.56
874.372	11018.02
874.682	10948.07
874.993	10860.05
875.303	10765.89
875.614	10671.51
875.924	10514.29
876.235	10353.52
876.545	10152.4
876.855	9959.02
877.165	9671.7
877.475	9388.68
877.786	9076.5
878.096	8766.37
878.406	8378.65
878.715	8015.14
879.025	7620.85
879.335	7296.19
879.645	6937.52
879.955	6578.64
880.264	6268.94
880.574	5995.5
880.883	5728.95
881.193	5491.02
881.502	5275.26
881.812	5102.97
882.121	4951.24
882.43	4823.08
882.74	4756.9
883.049	4725.8
883.358	4716.97
883.667	4735.48
883.976	4793.38
884.285	4894.85
884.594	5035.29
884.903	5187.56
885.212	5378.13
885.52	5635.22
885.829	5918.13
886.138	6250.32
886.446	6621.36
886.755	7026.62
887.063	7525.29
887.372	8079.38
887.68	8703.63
887.988	9440.34
888.297	10252.15
888.605	11159.85
888.913	12243.38
889.221	13350.81
889.529	14641.71
889.837	16031.18
890.145	17531.7
890.453	19167.92
890.761	20907.78
891.069	22736.52
891.377	24713.97
891.684	26696.27
891.992	28690.3
892.299	30692.94
892.607	32617.67
892.914	34588.02
893.222	36399.11
893.529	38191.15
893.837	39797.89
894.144	41248.38
894.451	42557.89
894.758	43681.89
895.065	44572.26
895.372	45423.46
895.679	45891.25
895.986	46376.03
896.293	46599.22
896.6	46564.14
896.907	46469.01
897.213	46168.99
897.52	45573.58
897.827	44848.5
898.133	43780.35
898.44	42753.64
898.746	41666.34
899.053	40383.83
899.359	39018.14
899.665	37616.3
899.972	36217.03
900.278	34805.29
900.584	33331.88
900.89	31831.57
901.196	30291.01
901.502	28845.48
901.808	27385.41
902.114	26011.76
902.419	24669.96
902.725	23391.43
903.031	22231.71
903.337	21271.39
903.642	20358.85
903.948	19653.36
904.253	19073.33
904.559	18746.2
904.864	18561.97
905.169	18575.63
905.475	18758.36
905.78	19146.3
906.085	19612.47
906.39	20208.09
906.695	20830.62
907	21602.08
907.305	22397.76
907.61	23165.34
907.915	23893.44
908.219	24650.37
908.524	25386.32
908.829	26023.92
909.133	26589.84
909.438	26990.59
909.743	27383.9
910.047	27599.13
910.351	27725.35
910.656	27719
910.96	27659.71
911.264	27499.91
911.568	27283.29
911.873	26940.87
912.177	26590.49
912.481	26207.93
912.785	25902.75
913.088	25574.75
913.392	25227.06
913.696	24913.05
914	24666.52
914.304	24515.86
914.607	24394.05
914.911	24206.8
915.214	24163.22
915.518	24164.19
915.821	24211.86
916.124	24287.83
916.428	24338.95
916.731	24473.35
917.034	24647.15
917.337	24666.3
917.64	24794.25
917.943	24946.09
918.246	25048.32
918.549	25106.75
918.852	25129.46
919.155	25231.69
919.458	25472.31
919.76	25737.89
920.063	26016.28
920.366	26438.33
920.668	27134.79
920.971	27873.96
921.273	28762.83
921.576	29804.72
921.878	30779.13
922.18	32147.08
922.482	33568.84
922.784	35107.24
923.087	36943.62
923.389	38879
923.691	40915.64
923.992	43219.16
924.294	45461.66
924.596	47845.57
924.898	50077.85
925.2	52080.81
925.501	53919.45
925.803	55612.49
926.104	56996.9
926.406	58052.02
926.707	58915.17
927.009	59628.2
927.31	60134.4
927.611	60481.02
927.912	60667.83
928.214	60788.57
928.515	60835.06
928.816	60667.94
929.117	60441.52
929.418	60216.94
929.719	59945.01
930.019	59587.74
930.32	59249.73
930.621	58833.93
930.922	58375.83
931.222	57777.94
931.523	57123.56
931.823	56457.56
932.124	55701.05
932.424	54991.25
932.724	54193.64
933.025	53585.21
933.325	53082.77
933.625	52596.48
933.925	52183.9
934.225	51837.93
934.525	51481.74
934.825	51249.3
935.125	50869.22
935.425	50366.57
935.724	49785.58
936.024	48869.48
936.324	47922.62
936.623	46904.4
936.923	45682.91
937.222	44320.88
937.522	43127.69
937.821	41848.42
938.12	40596.79
938.42	39255.32
938.719	37771.15
939.018	36517.8
939.317	35309.34
939.616	33955.16
939.915	32607.23
940.214	31569.32
940.513	30527
940.812	29678.38
941.111	28986.77
941.409	28499.83
941.708	28297.63
942.006	28450.76
942.305	28705.9
942.603	29408.06
942.902	30177.05
943.2	31118.97
943.499	32300.75
943.797	33678.17
944.095	35066.46
944.393	36692.46
944.691	38287.03
944.989	40022.69
945.287	41753.5
945.585	43329.89
945.883	44843.33
946.181	46494.08
946.479	48082.85
946.776	49717.14
947.074	51415.66
947.371	52914.25
947.669	54524.76
947.966	56004.19
948.264	57301.01
948.561	58261.33
948.858	59152.56
949.156	59752.38
949.453	60397.08
949.75	60791.37
950.047	61048.34
950.344	61296.38
950.641	61532.37
950.938	61620.94
951.235	61672.48
951.532	61515.48
951.828	61224.72
952.125	60777.16
952.422	60081.57
952.718	59281.91
953.015	58254.12
953.311	57146.69
953.607	55814.37
953.904	54352.9
954.2	52667.18
954.496	50695.86
954.792	48395.78
955.089	45924.28
955.385	43079.81
955.681	40170.22
955.976	36990.11
956.272	33924.49
956.568	30933.02
956.864	28148.69
957.16	25436.69
957.455	22977.67
957.751	20602.7
958.046	18563.04
958.342	16669.09
958.637	15008.12
958.933	13539.56
959.228	12446.23
959.523	11620.42
959.818	11205.15
960.114	11152.21
960.409	11505.17
960.704	12229.93
960.999	13360.71
961.294	14734.25
961.588	16546.74
961.883	18752.22
962.178	21265.26
962.473	24012.89
962.767	26909.45
963.062	29947.84
963.356	33222.55
963.651	36454.21
963.945	39563.73
964.239	42729.1
964.534	45684.74
964.828	48530.19
965.122	51085.94
965.416	53236.76
965.71	55048.18
966.004	56518.36
966.298	57594.36
966.592	58415
966.886	59073.68
967.18	59593.33
967.473	60042.39
967.767	60430.12
968.061	60713.78
968.354	60895
968.648	60898.55
968.941	60714.64
969.234	60299.69
969.528	59702.56
969.821	58935.51
970.114	58097.97
970.407	56966.98
970.7	55738.07
970.993	54341.17
971.286	52769.84
971.579	50816.81
971.872	48655.88
972.165	46198.91
972.457	43638.41
972.75	41070.5
973.043	38456.52
973.335	35859.66
973.628	33604.46
973.92	31427.27
974.213	29477.15
974.505	27656.16
974.797	25837.97
975.089	24128.46
975.382	22638.7
975.674	21155.6
975.966	19917.43
976.258	18822.39
976.55	17921.47
976.841	17213.28
977.133	16699.55
977.425	16303.86
977.717	16027.3
978.008	15780.44
978.3	15607.73
978.591	15528.1
978.883	15470.74
979.174	15376.47
979.465	15273.27
979.757	15169.97
980.048	15028.03
980.339	14822.49
980.63	14561.75
980.921	14278.52
981.212	13955.26
981.503	13571.62
981.794	13172.17
982.085	12727.09
982.376	12292.02
982.666	11764.08
982.957	11214.73
983.248	10655.91
983.538	10093.21
983.828	9518.03
984.119	8936.61
984.409	8350.02
984.7	7810.68
984.99	7275.42
985.28	6774.06
985.57	6309.94
985.86	5873.47
986.15	5494.46
986.44	5111.47
986.73	4781.54
987.02	4494.22
987.309	4229.17
987.599	4003.3
987.889	3814.87
988.178	3654.21
988.468	3529.16
988.757	3430.49
989.047	3348.49
989.336	3299.31
989.625	3248.19
989.915	3210.74
990.204	3198.58
990.493	3195.36
990.782	3196.32
991.071	3198.15
991.36	3186.21
991.649	3181.8
991.938	3160.71
992.226	3120.57
992.515	3076.02
992.804	3010.7
993.092	2941.61
993.381	2868
993.669	2771.48
993.958	2682.16
994.246	2579.93
994.534	2475.98
994.823	2382.25
995.111	2273.78
995.399	2171.55
995.687	2073.94
995.975	1964.72
996.263	1868.94
996.551	1772.2
996.839	1674.06
997.126	1582.92
997.414	1502.53
997.702	1416.23
997.989	1342.08
998.277	1263.85
998.564	1200.14
998.852	1134.61
999.139	1087.47
999.426	1033.78
999.713	998.91
1000.001	971.04
1000.288	946.83
1000.575	934.99
1000.862	918.74
1001.149	893.13
1001.436	869.78
1001.722	849.12
1002.009	826.3
1002.296	811.78
1002.582	779.06
1002.869	761.2
1003.156	743.66
1003.442	729.78
1003.728	712.99
1004.015	697.49
1004.301	673.5
1004.587	658.65
1004.873	640.67
1005.16	628.73
1005.446	612.59
1005.732	597.09
1006.017	579.23
1006.303	574.6
1006.589	568.9
1006.875	563.41
1007.161	551.79
1007.446	548.67
1007.732	543.39
1008.017	538.66
1008.303	521.87
1008.588	506.16
1008.873	489.8
1009.159	484.96
1009.444	472.05
1009.729	460.75
1010.014	455.05
1010.299	449.34
1010.584	450.63
1010.869	446.44
1011.154	440.52
1011.439	437.18
1011.723	426.96
1012.008	414.8
1012.293	415.77
1012.577	402.64
1012.862	396.08
1013.146	386.39
1013.43	379.72
1013.715	380.9
1013.999	376.92
1014.283	366.91
1014.567	364.98
1014.851	363.79
1015.135	363.47
1015.419	361.75
1015.703	354
1015.987	356.37
1016.271	358.3
1016.555	360.03
1016.838	356.15
1017.122	357.23
1017.405	350.99
1017.689	353.46
1017.972	347.87
1018.256	342.48
1018.539	339.79
1018.822	337.75
1019.105	328.93
1019.388	327.2
1019.671	320.1
1019.954	319.99
1020.237	321.72
1020.52	318.16
1020.803	314.72
1021.086	313.21
1021.368	309.99
1021.651	312.77
1021.934	311.39
1022.216	301.97
