339.735	86.72
340.108	66.5
340.482	55.4
340.855	45.53
341.228	28.21
341.602	8.73
341.975	-11.18
342.348	-16.02
342.721	-14.51
343.094	-19.89
343.468	-21.51
343.841	-18.5
344.214	-14.08
344.587	-10.75
344.96	-4.51
345.333	3.78
345.706	9.48
346.079	15.62
346.452	22.5
346.824	27.13
347.197	35.53
347.57	33.7
347.943	34.88
348.316	47.25
348.688	57.59
349.061	63.4
349.434	74.05
349.806	89.22
350.179	102.78
350.552	110.96
350.924	115.26
351.297	117.85
351.669	124.73
352.042	134.31
352.414	132.59
352.787	131.51
353.159	134.42
353.531	140.55
353.904	145.93
354.276	145.5
354.648	141.41
355.02	140.77
355.393	142.92
355.765	144.75
356.137	143.03
356.509	145.72
356.881	148.3
357.253	144.53
357.625	147.01
357.997	151.42
358.369	149.05
358.741	144.1
359.113	137.54
359.485	147.98
359.857	152.18
360.229	148.19
360.6	144.64
360.972	148.09
361.344	151.1
361.716	148.73
362.087	135.39
362.459	133.45
362.831	130.11
363.202	135.39
363.574	130.55
363.945	130.33
364.317	134.2
364.688	132.27
365.06	128.61
365.431	132.7
365.803	123.66
366.174	125.7
366.545	126.03
366.917	130.22
367.288	126.46
367.659	129.25
368.03	130.65
368.402	134.31
368.773	132.59
369.144	134.42
369.515	128.82
369.886	137.97
370.257	137.86
370.628	136.68
370.999	139.15
371.37	137.86
371.741	132.81
372.112	135.07
372.483	128.39
372.853	121.94
373.224	121.61
373.595	123.98
373.966	126.89
374.336	130.22
374.707	128.82
375.078	135.93
375.448	167.56
375.819	172.19
376.19	167.89
376.56	168.32
376.931	167.89
377.301	167.99
377.671	163.69
378.042	138.4
378.412	134.63
378.783	138.94
379.153	136.46
379.523	134.31
379.893	134.85
380.264	135.17
380.634	139.26
381.004	139.15
381.374	135.28
381.744	141.84
382.114	145.29
382.484	146.36
382.854	148.19
383.224	150.78
383.594	156.48
383.964	155.4
384.334	154.22
384.704	164.34
385.074	163.47
385.444	161.11
385.814	159.92
386.183	154.87
386.553	159.17
386.923	153.25
387.292	138.19
387.662	144.53
388.032	145.4
388.401	138.08
388.771	137.86
389.14	135.93
389.51	138.08
389.879	142.27
390.248	139.58
390.618	141.41
390.987	143.78
391.356	141.41
391.726	141.63
392.095	144.86
392.464	144.32
392.833	142.49
393.203	142.06
393.572	140.23
393.941	142.92
394.31	140.98
394.679	135.07
395.048	137.76
395.417	129.79
395.786	134.53
396.155	138.4
396.524	161.43
396.893	160.35
397.261	161
397.63	158.85
397.999	165.3
398.368	161.75
398.736	159.92
399.105	147.01
399.474	144.64
399.842	150.78
400.211	152.5
400.579	152.71
400.948	152.93
401.317	155.4
401.685	141.52
402.053	149.92
402.422	147.87
402.79	147.33
403.158	152.39
403.527	150.13
403.895	150.24
404.263	155.73
404.632	157.13
405	153.9
405.368	153.79
405.736	146.69
406.104	144.32
406.472	143.24
406.84	139.05
407.208	132.7
407.576	144.86
407.944	147.55
408.312	152.71
408.68	150.02
409.048	149.27
409.415	152.82
409.783	158.52
410.151	148.73
410.519	150.35
410.886	147.33
411.254	150.45
411.622	152.18
411.989	145.72
412.357	140.88
412.724	140.88
413.092	135.71
413.459	139.26
413.827	142.06
414.194	131.41
414.561	137.54
414.929	142.92
415.296	137.97
415.663	143.14
416.03	139.91
416.398	134.74
416.765	144.75
417.132	136.25
417.499	130.22
417.866	133.02
418.233	125.6
418.6	125.06
418.967	128.61
419.334	132.27
419.701	140.45
420.068	144.97
420.435	145.61
420.802	147.01
421.168	145.07
421.535	148.19
421.902	141.84
422.269	142.81
422.635	142.6
423.002	145.07
423.369	152.61
423.735	153.68
424.102	149.48
424.468	147.87
424.835	147.01
425.201	144.97
425.567	141.09
425.934	132.37
426.3	133.02
426.667	135.82
427.033	147.01
427.399	150.99
427.765	150.56
428.131	154.65
428.498	153.47
428.864	153.04
429.23	150.02
429.596	144.32
429.962	138.4
430.328	136.57
430.694	132.37
431.06	139.48
431.426	155.73
431.792	159.06
432.157	158.63
432.523	156.8
432.889	159.06
433.255	165.52
433.62	158.63
433.986	147.44
434.352	145.72
434.717	139.8
435.083	146.15
435.448	144.53
435.814	140.88
436.179	143.67
436.545	136.36
436.91	135.82
437.276	136.03
437.641	136.46
438.006	137.76
438.372	136.46
438.737	136.89
439.102	145.07
439.467	149.81
439.832	154.44
440.197	148.84
440.563	152.07
440.928	155.4
441.293	161.97
441.658	165.09
442.023	160.89
442.387	160.78
442.752	169.07
443.117	174.56
443.482	175.53
443.847	172.19
444.212	170.25
444.576	176.17
444.941	181.77
445.306	184.46
445.67	176.17
446.035	175.2
446.399	171.98
446.764	169.93
447.128	166.7
447.493	163.69
447.857	157.34
448.222	160.14
448.586	164.66
448.95	173.91
449.315	178.43
449.679	183.17
450.043	184.57
450.407	193.39
450.772	194.04
451.136	196.4
451.5	193.5
451.864	190.81
452.228	190.92
452.592	189.95
452.956	185.1
453.32	187.69
453.684	190.7
454.047	192.42
454.411	195.87
454.775	200.06
455.139	201.89
455.503	205.44
455.866	206.73
456.23	204.58
456.594	206.41
456.957	200.38
457.321	193.71
457.684	195.76
458.048	191.35
458.411	189.95
458.775	189.52
459.138	186.83
459.501	190.05
459.865	196.51
460.228	197.37
460.591	205.66
460.955	202.43
461.318	204.47
461.681	202.54
462.044	208.03
462.407	199.42
462.77	196.94
463.133	190.27
463.496	192.64
463.859	186.18
464.222	187.9
464.585	178.86
464.948	185.75
465.311	186.61
465.674	181.77
466.036	179.29
466.399	189.41
466.762	181.88
467.124	181.66
467.487	182.63
467.85	181.98
468.212	182.84
468.575	185.21
468.937	172.94
469.3	175.31
469.662	179.19
470.024	174.13
470.387	171.01
470.749	189.95
471.111	183.17
471.474	187.69
471.836	191.56
472.198	187.47
472.56	186.18
472.922	189.62
473.284	171.65
473.646	176.93
474.008	169.5
474.37	170.58
474.732	170.25
475.094	171.01
475.456	171.55
475.818	180.05
476.18	176.39
476.542	182.84
476.903	178.11
477.265	179.4
477.627	177.25
477.988	172.73
478.35	160.14
478.711	164.55
479.073	161.21
479.435	165.63
479.796	173.59
480.157	180.05
480.519	183.38
480.88	190.16
481.241	192.1
481.603	196.19
481.964	193.28
482.325	183.92
482.686	173.7
483.048	174.02
483.409	169.39
483.77	166.7
484.131	160.78
484.492	161.75
484.853	167.03
485.214	173.27
485.575	171.33
485.936	174.88
486.296	178
486.657	183.17
487.018	182.41
487.379	179.94
487.739	185.21
488.1	189.19
488.461	183.06
488.821	178.43
489.182	178.76
489.542	177.68
489.903	191.24
490.263	184.03
490.624	185.75
490.984	190.27
491.345	191.67
491.705	192.42
492.065	195.11
492.425	178.97
492.786	179.83
493.146	175.53
493.506	183.6
493.866	183.92
494.226	181.12
494.586	182.74
494.946	187.79
495.306	186.61
495.666	188.76
496.026	188.98
496.386	195
496.746	195.87
497.106	194.36
497.465	196.3
497.825	200.6
498.185	201.35
498.544	190.81
498.904	182.52
499.264	181.45
499.623	186.18
499.983	187.47
500.342	190.05
500.702	192.74
501.061	199.09
501.42	207.27
501.78	210.29
502.139	211.25
502.498	209.53
502.858	209.96
503.217	209.64
503.576	215.56
503.935	220.72
504.294	224.7
504.653	221.26
505.012	222.45
505.371	218.57
505.73	214.27
506.089	213.84
506.448	209.85
506.807	202.97
507.166	205.01
507.524	208.89
507.883	211.15
508.242	216.31
508.601	209.96
508.959	209.75
509.318	218.89
509.676	222.98
510.035	219.65
510.393	214.27
510.752	218.79
511.11	217.28
511.469	215.45
511.827	217.17
512.185	213.73
512.544	212.22
512.902	218.89
513.26	212.87
513.618	216.96
513.976	214.37
514.334	208.99
514.692	209.21
515.05	206.73
515.408	212.76
515.766	212.65
516.124	217.17
516.482	219.22
516.84	220.51
517.198	221.26
517.556	226.86
517.913	217.93
518.271	221.69
518.629	224.6
518.986	229.76
519.344	232.24
519.701	231.59
520.059	233.96
520.416	234.82
520.774	240.85
521.131	237.08
521.489	234.28
521.846	240.09
522.203	244.83
522.561	243
522.918	245.26
523.275	242.46
523.632	240.52
523.989	241.38
524.346	232.88
524.703	232.35
525.06	239.23
525.417	246.44
525.774	249.35
526.131	254.19
526.488	256.88
526.845	258.49
527.202	258.93
527.559	254.84
527.915	251.82
528.272	250.1
528.629	251.28
528.985	249.89
529.342	254.08
529.698	250.75
530.055	251.82
530.411	252.79
530.768	248.16
531.124	245.37
531.48	248.06
531.837	249.78
532.193	254.3
532.549	251.82
532.906	255.7
533.262	257.74
533.618	261.08
533.974	260.65
534.33	260.54
534.686	260.32
535.042	265.17
535.398	259.89
535.754	259.46
536.11	257.53
536.466	258.49
536.821	251.39
537.177	250.1
537.533	246.87
537.889	245.47
538.244	244.29
538.6	242.35
538.955	239.77
539.311	242.89
539.667	243.75
540.022	243.32
540.377	248.16
540.733	251.61
541.088	253.22
541.444	255.59
541.799	262.05
542.154	260.32
542.509	262.69
542.864	259.89
543.22	258.6
543.575	259.57
543.93	258.06
544.285	254.41
544.64	259.36
544.995	255.37
545.35	252.58
545.705	248.16
546.059	246.55
546.414	248.06
546.769	245.58
547.124	245.47
547.478	251.72
547.833	257.2
548.188	265.6
548.542	266.78
548.897	260.86
549.251	267.21
549.606	262.37
549.96	255.16
550.315	252.36
550.669	247.52
551.023	244.83
551.378	247.3
551.732	239.56
552.086	247.3
552.44	258.82
552.794	259.79
553.148	266.14
553.502	274.64
553.856	271.84
554.21	274.64
554.564	266.46
554.918	253.11
555.272	261.18
555.626	260.43
555.98	280.45
556.334	288.52
556.687	287.55
557.041	288.3
557.395	292.39
557.748	291.32
558.102	287.44
558.455	260.32
558.809	267
559.162	270.87
559.516	270.55
559.869	270.65
560.222	267.64
560.576	273.13
560.929	278.4
561.282	272.16
561.635	270.98
561.988	274.21
562.342	283.03
562.695	283.14
563.048	279.05
563.401	277
563.754	283.46
564.107	286.9
564.459	288.84
564.812	286.04
565.165	290.35
565.518	293.9
565.871	292.93
566.223	287.01
566.576	286.04
566.929	287.98
567.281	283.57
567.634	277.86
567.986	277.11
568.339	278.94
568.691	277.22
569.044	278.83
569.396	280.02
569.748	284.75
570.1	287.44
570.453	285.51
570.805	292.93
571.157	300.89
571.509	303.05
571.861	303.58
572.213	297.13
572.565	296.05
572.917	300.89
573.269	296.16
573.621	290.02
573.973	289.38
574.325	293.36
574.677	301
575.028	302.18
575.38	296.91
575.732	292.93
576.083	294.11
576.435	292.39
576.786	292.82
577.138	291.1
577.489	293.58
577.841	295.3
578.192	298.63
578.543	302.08
578.895	298.2
579.246	290.56
579.597	294.65
579.948	293.15
580.3	294.54
580.651	293.79
581.002	289.81
581.353	291.1
581.704	293.04
582.055	288.84
582.406	287.66
582.757	284.11
583.107	284.32
583.458	288.84
583.809	292.61
584.16	291.64
584.51	295.51
584.861	301.97
585.212	304.12
585.562	306.81
585.913	302.18
586.263	298.2
586.614	298.1
586.964	293.36
587.315	291.75
587.665	301.32
588.015	300.46
588.365	306.06
588.716	304.44
589.066	304.01
589.416	308.32
589.766	302.29
590.116	294.54
590.466	300.25
590.816	294.54
591.166	295.51
591.516	291.96
591.866	292.93
592.216	298.1
592.566	289.81
592.915	283.78
593.265	282.92
593.615	289.81
593.964	291.53
594.314	288.63
594.663	281.42
595.013	291.21
595.362	289.16
595.712	293.68
596.061	290.89
596.411	291.21
596.76	288.2
597.109	287.33
597.458	282.49
597.808	280.34
598.157	277.33
598.506	275.71
598.855	276.79
599.204	282.17
599.553	298.53
599.902	303.26
600.251	303.15
600.6	305.84
600.949	306.92
601.297	304.98
601.646	303.48
601.995	292.18
602.344	288.63
602.692	288.09
603.041	285.18
603.389	283.89
603.738	288.09
604.086	287.23
604.435	282.92
604.783	281.85
605.132	289.7
605.48	286.69
605.828	281.63
606.177	285.51
606.525	285.07
606.873	288.41
607.221	297.02
607.569	296.91
607.917	301
608.265	307.35
608.613	302.51
608.961	305.84
609.309	305.2
609.657	295.62
610.005	293.36
610.352	292.71
610.7	285.83
611.048	284.75
611.395	280.99
611.743	284.86
612.091	282.81
612.438	278.83
612.786	278.08
613.133	283.89
613.48	288.09
613.828	285.18
614.175	285.4
614.522	291.64
614.87	297.13
615.217	300.68
615.564	302.94
615.911	304.01
616.258	310.15
616.605	314.02
616.952	310.04
617.299	312.62
617.646	307.67
617.993	308.53
618.34	306.38
618.687	299.28
619.033	319.51
619.38	327.8
619.727	325
620.073	331.45
620.42	326.07
620.767	331.02
621.113	337.91
621.459	315.64
621.806	313.05
622.152	310.04
622.499	299.49
622.845	313.91
623.191	307.46
623.537	309.39
623.884	310.15
624.23	304.55
624.576	304.01
624.922	307.03
625.268	289.92
625.614	294.65
625.96	285.07
626.306	277.11
626.652	276.36
626.998	281.95
627.343	287.01
627.689	291.75
628.035	282.28
628.38	284.64
628.726	283.03
629.072	287.55
629.417	284.86
629.763	288.3
630.108	291.75
630.453	295.62
630.799	296.05
631.144	294.76
631.489	299.06
631.835	297.34
632.18	294.22
632.525	285.94
632.87	286.15
633.215	286.26
633.56	286.26
633.905	280.66
634.25	278.3
634.595	271.84
634.94	274.21
635.285	269.9
635.63	268.83
635.974	274.96
636.319	268.5
636.664	267.96
637.008	269.26
637.353	268.29
637.698	272.16
638.042	274.42
638.387	276.79
638.731	274.74
639.075	271.84
639.42	265.81
639.764	265.06
640.108	271.3
640.452	268.72
640.797	258.39
641.141	269.79
641.485	270.12
641.829	270.87
642.173	267.96
642.517	254.3
642.861	255.7
643.205	260.11
643.549	251.18
643.892	248.92
644.236	253.76
644.58	252.79
644.923	255.27
645.267	258.39
645.611	257.63
645.954	258.93
646.298	261.18
646.641	257.31
646.985	257.42
647.328	257.74
647.671	251.39
648.015	249.46
648.358	244.72
648.701	239.02
649.044	236.33
649.387	239.99
649.731	236.76
650.074	234.5
650.417	229.44
650.76	236.33
651.102	235.79
651.445	238.59
651.788	236.54
652.131	243.86
652.474	240.85
652.816	242.78
653.159	236.65
653.502	241.49
653.844	239.34
654.187	239.02
654.529	235.25
654.872	236.76
655.214	236.65
655.557	241.28
655.899	237.3
656.241	242.57
656.583	242.89
656.926	238.48
657.268	243.43
657.61	243.64
657.952	245.69
658.294	252.47
658.636	246.33
658.978	239.12
659.32	238.05
659.662	235.57
660.004	235.68
660.345	228.04
660.687	221.91
661.029	219.65
661.371	221.8
661.712	224.17
662.054	226.43
662.395	227.93
662.737	233.53
663.078	238.37
663.42	241.92
663.761	242.57
664.102	238.16
664.444	237.62
664.785	236.97
665.126	236.54
665.467	232.99
665.808	232.24
666.149	233.53
666.49	232.02
666.831	228.04
667.172	230.09
667.513	229.12
667.854	223.41
668.195	225.35
668.535	224.06
668.876	226
669.217	228.04
669.557	221.69
669.898	211.79
670.239	217.82
670.579	211.9
670.92	204.37
671.26	207.81
671.6	207.27
671.941	221.91
672.281	225.35
672.621	219.22
672.961	219.43
673.302	226.43
673.642	226.1
673.982	223.95
674.322	208.46
674.662	216.63
675.002	223.09
675.342	225.78
675.682	229.01
676.021	224.06
676.361	219.43
676.701	276.04
677.041	271.19
677.38	266.03
677.72	269.26
678.059	264.31
678.399	268.39
678.738	270.65
679.078	217.39
679.417	212.33
679.756	217.39
680.096	215.88
680.435	217.6
680.774	212.22
681.113	218.46
681.453	218.36
681.792	221.05
682.131	221.48
682.47	221.48
682.809	221.05
683.148	218.79
683.486	212.44
683.825	206.84
684.164	202.64
684.503	193.5
684.841	191.67
685.18	192.42
685.519	199.2
685.857	196.4
686.196	198.34
686.534	200.82
686.873	202.21
687.211	199.63
687.549	201.57
687.888	199.2
688.226	198.77
688.564	201.89
688.902	198.45
689.24	199.52
689.578	202.21
689.917	199.85
690.255	197.91
690.592	199.31
690.93	196.19
691.268	205.44
691.606	209.64
691.944	228.9
692.282	230.52
692.619	229.44
692.957	230.95
693.294	232.56
693.632	227.93
693.97	226.64
694.307	202.32
694.644	198.77
694.982	241.06
695.319	251.82
695.656	250.32
695.994	242.78
696.331	240.74
696.668	243.75
697.005	242.68
697.342	204.26
697.679	202.11
698.016	206.73
698.353	211.25
698.69	215.24
699.027	213.94
699.364	216.2
699.7	210.82
700.037	198.23
700.374	189.19
700.71	191.13
701.047	181.88
701.384	183.17
701.72	182.09
702.057	185
702.393	185.32
702.729	187.79
703.066	188.22
703.402	185.32
703.738	181.77
704.074	182.95
704.41	189.62
704.747	187.36
705.083	191.24
705.419	193.82
705.755	198.23
706.091	197.26
706.426	195.65
706.762	189.09
707.098	192.74
707.434	186.72
707.769	179.51
708.105	185.53
708.441	185
708.776	190.92
709.112	191.35
709.447	188.87
709.783	193.39
710.118	194.9
710.453	193.61
710.789	197.69
711.124	192.85
711.459	191.88
711.794	197.91
712.129	199.31
712.464	203.83
712.799	204.26
713.134	205.23
713.469	212.01
713.804	209.85
714.139	204.58
714.474	199.31
714.809	194.9
715.143	190.38
715.478	187.15
715.813	174.56
716.147	176.5
716.482	178.22
716.816	180.05
717.151	176.6
717.485	179.83
717.819	180.48
718.154	181.23
718.488	178.65
718.822	180.15
719.156	173.91
719.491	171.98
719.825	166.06
720.159	164.44
720.493	165.3
720.827	165.84
721.161	159.6
721.494	168.53
721.828	174.02
722.162	177.46
722.496	176.28
722.829	178
723.163	180.26
723.497	181.88
723.83	178.43
724.164	181.77
724.497	183.17
724.83	186.5
725.164	183.6
725.497	182.09
725.83	177.57
726.164	173.05
726.497	169.82
726.83	164.98
727.163	172.94
727.496	179.51
727.829	186.83
728.162	197.69
728.495	201.03
728.828	200.6
729.16	206.2
729.493	197.69
729.826	195.65
730.159	186.07
730.491	181.77
730.824	184.14
731.156	185.86
731.489	185.96
731.821	189.62
732.154	191.45
732.486	193.39
732.818	185.1
733.151	185.75
733.483	184.89
733.815	181.66
734.147	183.17
734.479	175.96
734.811	178.32
735.143	184.89
735.475	185.75
735.807	186.61
736.139	183.71
736.471	184.89
736.803	189.41
737.134	189.09
737.466	188.55
737.798	187.15
738.129	186.29
738.461	187.69
738.792	182.52
739.124	178.86
739.455	174.13
739.786	171.76
740.118	172.19
740.449	168.64
740.78	168.42
741.111	166.6
741.442	170.68
741.773	173.27
742.104	178.97
742.435	181.88
742.766	191.67
743.097	197.26
743.428	197.8
743.759	193.39
744.09	193.28
744.42	195.11
744.751	187.26
745.081	184.89
745.412	180.58
745.743	181.55
746.073	186.5
746.403	181.88
746.734	176.39
747.064	178.65
747.394	174.99
747.725	177.25
748.055	173.16
748.385	174.88
748.715	173.8
749.045	181.01
749.375	180.48
749.705	181.23
750.035	178.22
750.365	182.2
750.695	175.53
751.024	184.35
751.354	183.38
751.684	188.55
752.013	189.09
752.343	197.48
752.673	191.13
753.002	193.82
753.331	194.04
753.661	193.07
753.99	187.69
754.32	183.81
754.649	174.56
754.978	181.01
755.307	186.72
755.636	184.46
755.965	180.8
756.294	181.66
756.623	186.4
756.952	186.72
757.281	187.26
757.61	185.53
757.939	180.37
758.267	178.54
758.596	178.76
758.925	180.15
759.253	183.17
759.582	181.98
759.91	171.44
760.239	177.89
760.567	187.26
760.896	181.34
761.224	171.11
761.552	171.01
761.881	168.32
762.209	179.83
762.537	180.69
762.865	172.51
763.193	180.26
763.521	185.21
763.849	185.64
764.177	188.87
764.505	186.07
764.832	182.09
765.16	187.47
765.488	191.45
765.815	195.11
766.143	194.25
766.471	194.25
766.798	194.36
767.126	195.65
767.453	191.56
767.78	189.19
768.108	190.38
768.435	189.73
768.762	183.71
769.089	185.96
769.417	190.92
769.744	192.74
770.071	187.58
770.398	186.93
770.725	186.18
771.052	188.44
771.378	190.81
771.705	184.89
772.032	183.6
772.359	179.83
772.685	178.54
773.012	178.11
773.338	181.45
773.665	176.5
773.991	177.25
774.318	174.77
774.644	183.49
774.971	184.57
775.297	188.66
775.623	190.59
775.949	194.47
776.275	193.07
776.601	192.96
776.927	188.55
777.253	188.66
777.579	190.48
777.905	188.55
778.231	181.45
778.557	188.22
778.883	192.53
779.208	193.71
779.534	191.24
779.86	178.97
780.185	184.35
780.511	185.1
780.836	180.8
781.162	179.62
781.487	183.38
781.812	180.91
782.138	191.78
782.463	186.07
782.788	195.54
783.113	196.3
783.438	198.99
783.763	197.59
784.088	198.99
784.413	198.45
784.738	203.18
785.063	191.67
785.388	194.14
785.712	192.53
786.037	194.25
786.362	192.1
786.686	190.7
787.011	188.12
787.335	197.8
787.66	200.06
787.984	203.94
788.308	196.19
788.633	197.59
788.957	197.26
789.281	200.38
789.605	197.69
789.93	201.57
790.254	194.47
790.578	201.46
790.902	203.18
791.225	199.85
791.549	197.59
791.873	195.22
792.197	186.5
792.521	190.27
792.844	186.18
793.168	188.12
793.492	190.92
793.815	185.75
794.139	182.74
794.462	184.14
794.785	187.47
795.109	191.56
795.432	190.05
795.755	196.3
796.078	195.22
796.401	195.11
796.725	192.53
797.048	187.9
797.371	193.28
797.694	194.14
798.016	187.36
798.339	190.38
798.662	190.38
798.985	198.13
799.308	199.74
799.63	197.8
799.953	200.06
800.275	198.23
800.598	205.33
800.92	215.13
801.243	212.11
801.565	214.27
801.887	212.87
802.21	214.48
802.532	218.89
802.854	214.27
803.176	208.99
803.498	208.24
803.82	204.8
804.142	197.91
804.464	196.73
804.786	194.36
805.108	204.47
805.429	202
805.751	206.52
806.073	211.9
806.394	210.07
806.716	212.33
807.038	216.96
807.359	204.8
807.68	207.92
808.002	204.15
808.323	196.51
808.644	205.23
808.966	196.83
809.287	196.94
809.608	199.85
809.929	206.09
810.25	203.51
810.571	207.38
810.892	205.23
811.213	202.43
811.534	202.54
811.854	207.92
812.175	204.58
812.496	211.36
812.816	217.06
813.137	228.26
813.458	237.73
813.778	241.6
814.098	243.11
814.419	246.01
814.739	242.46
815.059	244.4
815.38	242.14
815.7	247.41
816.02	251.39
816.34	246.55
816.66	245.8
816.98	254.19
817.3	262.26
817.62	270.01
817.94	275.07
818.26	275.39
818.579	290.35
818.899	297.34
819.219	303.69
819.538	298.63
819.858	301.43
820.177	303.48
820.497	312.62
820.816	314.34
821.135	326.61
821.455	328.76
821.774	337.7
822.093	338.77
822.412	346.84
822.731	343.94
823.05	340.82
823.369	331.89
823.688	333.82
824.007	331.45
824.326	332.1
824.645	332.75
824.963	331.89
825.282	337.27
825.601	338.56
825.919	336.19
826.238	334.9
826.556	364.17
826.875	365.14
827.193	363.95
827.511	362.34
827.83	367.4
828.148	372.89
828.466	383.43
828.784	361.26
829.102	364.17
829.42	379.99
829.738	395.16
830.056	404.52
830.374	410.44
830.692	416.14
831.01	428.3
831.327	437.67
831.645	443.15
831.963	452.95
832.28	454.88
832.598	463.17
832.915	469.09
833.233	461.34
833.55	461.13
833.867	466.94
834.185	460.37
834.502	459.19
834.819	452.3
835.136	447.35
835.453	451.23
835.77	443.91
836.087	436.81
836.404	438.31
836.721	443.26
837.038	445.2
837.355	456.82
837.671	459.4
837.988	481.46
838.305	497.39
838.621	511.06
838.938	535.16
839.254	566.26
839.571	591.98
839.887	632.66
840.203	664.08
840.52	707.77
840.836	765.56
841.152	820.65
841.468	885.97
841.784	952.58
842.1	1021.13
842.416	1099.15
842.732	1186.53
843.048	1248.84
843.364	1314.05
843.679	1372.8
843.995	1441.68
844.311	1492.58
844.626	1543.26
844.942	1570.49
845.257	1600.62
845.573	1624.51
845.888	1637.1
846.203	1635.81
846.519	1637.96
846.834	1624.51
847.149	1612.78
847.464	1597.39
847.779	1572.85
848.094	1553.91
848.409	1527.66
848.724	1503.87
849.039	1472.13
849.354	1436.3
849.669	1409.5
849.983	1383.57
850.298	1354.3
850.613	1330.62
850.927	1311.36
851.242	1290.7
851.556	1283.49
851.871	1280.91
852.185	1295.86
852.499	1306.41
852.814	1328.68
853.128	1384.43
853.442	1433.07
853.756	1485.8
854.07	1547.56
854.384	1598.46
854.698	1669.7
855.012	1742.23
855.326	1777.53
855.64	1841.13
855.953	1898.81
856.267	1946.05
856.581	1987.26
856.894	2015.24
857.208	2045.7
857.521	2062.05
857.835	2073.67
858.148	2072.81
858.461	2064.74
858.775	2059.47
859.088	2051.18
859.401	2031.38
859.714	2014.17
860.027	2015.35
860.34	2009.97
860.653	2000.28
860.966	1997.27
861.279	2006.2
861.592	2005.88
861.904	2029.55
862.217	2030.74
862.53	2053.23
862.842	2090.78
863.155	2146.42
863.467	2193.34
863.78	2254.89
864.092	2329.68
864.405	2419.54
864.717	2508.53
865.029	2616.89
865.341	2714.5
865.653	2826.41
865.966	2939.08
866.278	3030.55
866.589	3125.03
866.901	3225.33
867.213	3317.01
867.525	3395.57
867.837	3467.02
868.149	3542.78
868.46	3631.02
868.772	3718.29
869.083	3791.25
869.395	3861.84
869.706	3952.45
870.018	4059.52
870.329	4172.09
870.64	4285.51
870.952	4408.29
871.263	4555.29
871.574	4715.52
871.885	4880.81
872.196	5053.2
872.507	5245.07
872.818	5446.84
873.129	5631.07
873.44	5820.04
873.75	6032.46
874.061	6236.6
874.372	6422.12
874.682	6591.61
874.993	6758.08
875.303	6917.99
875.614	7070.48
875.924	7165.93
876.235	7263.42
876.545	7348.76
876.855	7398.47
877.165	7373.29
877.475	7355.64
877.786	7277.2
878.096	7165.71
878.406	6980.3
878.715	6756.68
879.025	6500.78
879.335	6251.56
879.645	5938.63
879.955	5618.91
880.264	5296.94
880.574	4989.39
880.883	4684.42
881.193	4388.17
881.502	4093.96
881.812	3816.32
882.121	3554.29
882.43	3323.47
882.74	3136.33
883.049	2965.23
883.358	2808.98
883.667	2722.89
883.976	2672.53
884.285	2671.24
884.594	2705.03
884.903	2753.77
885.212	2857.51
885.52	3033.24
885.829	3211.55
886.138	3459.06
886.446	3743.9
886.755	4061.89
887.063	4449.61
887.372	4905.88
887.68	5419.62
887.988	6016.54
888.297	6692.01
888.605	7487.25
888.913	8393.87
889.221	9355.7
889.529	10415.99
889.837	11570.01
890.145	12847.35
890.453	14208.84
890.761	15608.75
891.069	17087.75
891.377	18667.27
891.684	20310.05
891.992	21910.01
892.299	23472.84
892.607	24971.86
892.914	26494.99
893.222	27917.17
893.529	29314.6
893.837	30512.31
894.144	31695.6
894.451	32781.61
894.758	33689.74
895.065	34484.77
895.372	35210.06
895.679	35671.71
895.986	36248.08
896.293	36521.19
896.6	36632.03
896.907	36731.25
897.213	36666.58
897.52	36412.62
897.827	36054.92
898.133	35435.08
898.44	34912.84
898.746	34355.42
899.053	33729.34
899.359	33050.31
899.665	32377.96
899.972	31733.37
900.278	31074.15
900.584	30461.95
900.89	29846.52
901.196	29244.77
901.502	28724.14
901.808	28224.83
902.114	27847.87
902.419	27505.99
902.725	27147.75
903.031	26881.42
903.337	26703.75
903.642	26501.76
903.948	26393.72
904.253	26261.47
904.559	26291.06
904.864	26324.42
905.169	26459.58
905.475	26643.27
905.78	26905.63
906.085	27241.91
906.39	27675.15
906.695	28075.47
907	28597.16
907.305	29183.96
907.61	29735.58
907.915	30380.6
908.219	31012.27
908.524	31736.06
908.829	32397.87
909.133	33162.55
909.438	33842.44
909.743	34642.74
910.047	35373.09
910.351	36189.22
910.656	36920.32
910.96	37752.37
911.264	38569.14
911.568	39338.98
911.873	40076.23
912.177	40828.53
912.481	41555.55
912.785	42454.32
913.088	43270.33
913.392	44005.85
913.696	44730.18
914	45479.04
914.304	46264.82
914.607	46976.88
914.911	47413.67
915.214	47963.46
915.518	48451.36
915.821	48885.14
916.124	49221.32
916.428	49404.15
916.731	49610.98
917.034	49817.27
917.337	49764.21
917.64	49825.01
917.943	49855.25
918.246	49697.82
918.549	49481.2
918.852	49120.7
919.155	48850.6
919.458	48548.75
919.76	48161.35
920.063	47691.41
920.366	47308.86
920.668	47122.05
920.971	46977.63
921.273	46808.25
921.576	46822.13
921.878	46652.32
922.18	46870.67
922.482	47101.28
922.784	47263.02
923.087	47625.34
923.389	48014.79
923.691	48397.66
923.992	49001.15
924.294	49495.4
924.596	50207.03
924.898	50935.67
925.2	51499.44
925.501	52100.66
925.803	52790.88
926.104	53330.76
926.406	53706.11
926.707	54029.8
927.009	54307.87
927.31	54458.31
927.611	54541.71
927.912	54452.28
928.214	54342.84
928.515	54182.82
928.816	53745.28
929.117	53234.66
929.418	52691.98
929.719	52029.1
930.019	51217.93
930.32	50452.28
930.621	49521.34
930.922	48476.22
931.222	47242.57
931.523	45952.75
931.823	44619.02
932.124	43155.19
932.424	41670.37
932.724	40010.15
933.025	38524.16
933.325	37101.86
933.625	35656.22
933.925	34203.8
934.225	32887.61
934.525	31558.4
934.825	30499.83
935.125	29514.33
935.425	28582.74
935.724	27758.66
936.024	26918.86
936.324	26216.7
936.623	25555.65
936.923	24849.08
937.222	24100.11
937.522	23484.68
937.821	22936.83
938.12	22419.01
938.42	21914.42
938.719	21423.82
939.018	21211.72
939.317	21126.07
939.616	21118.32
939.915	21125.74
940.214	21453.85
940.513	21775.28
940.812	22263.94
941.111	22844.72
941.409	23567.86
941.708	24403.14
942.006	25395.74
942.305	26409.11
942.603	27660.2
942.902	28764.82
943.2	29949.94
943.499	31148.83
943.797	32320.28
944.095	33409.95
944.393	34529.75
944.691	35589.82
944.989	36795.06
945.287	37945.75
945.585	39043.38
945.883	40272.19
946.181	41759.15
946.479	43313.38
946.776	45086.16
947.074	46953.1
947.371	48697.9
947.669	50563.23
947.966	52269.29
948.264	53780.36
948.561	54962.46
948.858	56044.92
949.156	56885.25
949.453	57773.69
949.75	58379.22
950.047	58860.99
950.344	59279.17
950.641	59672.16
950.938	59781.92
951.235	59833.15
951.532	59677.97
951.828	59351.26
952.125	58879.71
952.422	58259.34
952.718	57645.85
953.015	56945.41
953.311	56316.64
953.607	55642.67
953.904	55025.09
954.2	54454.97
954.496	53738.18
954.792	52798.19
955.089	51793.11
955.385	50460.13
955.681	48974.78
955.976	47204.26
956.272	45444.72
956.568	43699.27
956.864	42123.52
957.16	40561.98
957.455	39173.05
957.751	37855.78
958.046	36710.16
958.342	35683.44
958.637	34757.24
958.933	33977.17
959.228	33663.7
959.523	33468.6
959.818	33620.54
960.114	34245.55
960.409	35196.61
960.704	36410.89
960.999	37778.2
961.294	38850.65
961.588	40224.41
961.883	41687.05
962.178	43101.38
962.473	44401.21
962.767	45656.82
963.062	46871.64
963.356	48351.71
963.651	49610.12
963.945	50733.04
964.239	51878.12
964.534	52889.77
964.828	53926.92
965.122	54862.49
965.416	55569.93
965.71	56209.67
966.004	56714.8
966.298	56996.74
966.592	57089.5
966.886	57030.96
967.18	56814.45
967.473	56476.55
967.767	56042.55
968.061	55469.85
968.354	54832.58
968.648	54012.91
968.941	53040.64
969.234	51818.4
969.528	50391.69
969.821	48776.13
970.114	46976.66
970.407	44787.86
970.7	42561.39
970.993	40274.98
971.286	38038.18
971.579	35705.61
971.872	33426.85
972.165	31186.82
972.457	29170.62
972.75	27220.28
973.043	25309.76
973.335	23458.42
973.628	21897.31
973.92	20373.65
974.213	19099.32
974.505	17932.93
974.797	16933.65
975.089	16064.48
975.382	15360.92
975.674	14675.66
975.966	14203.89
976.258	13805.62
976.55	13526.05
976.841	13343.97
977.133	13310.08
977.425	13362.8
977.717	13547.25
978.008	13717.81
978.3	13929.27
978.591	14212.28
978.883	14446.98
979.174	14586.66
979.465	14676.19
979.757	14690.08
980.048	14635.52
980.339	14471.63
980.63	14220.36
980.921	13915.92
981.212	13562.1
981.503	13163.72
981.794	12728.44
982.085	12276.26
982.376	11845.06
982.666	11378.78
982.957	10918.96
983.248	10468.29
983.538	10022.67
983.828	9561.34
984.119	9064.83
984.409	8544.53
984.7	8002.6
984.99	7440.55
985.28	6888.61
985.57	6343.46
985.86	5831.12
986.15	5375.5
986.44	4936.66
986.73	4543.34
987.02	4207.92
987.309	3915.97
987.599	3659.97
987.889	3463.47
988.178	3293.77
988.468	3175.39
988.757	3091.89
989.047	3016.35
989.336	2944.89
989.625	2870.96
989.915	2787.89
990.204	2717.51
990.493	2650.79
990.782	2584.83
991.071	2520.9
991.36	2459.67
991.649	2404.69
991.938	2339.26
992.226	2284.91
992.515	2224.33
992.804	2156.32
993.092	2089.39
993.381	2025.25
993.669	1966.49
993.958	1901.28
994.246	1817.78
994.534	1739.87
994.823	1658.19
995.111	1574.25
995.399	1495.59
995.687	1416.6
995.975	1338.26
996.263	1273.05
996.551	1207.62
996.839	1147.14
997.126	1089.25
997.414	1033.62
997.702	978.2
997.989	946.45
998.277	908.14
998.564	876.72
998.852	850.46
999.139	834.97
999.426	815.6
999.713	806.34
1000.001	792.78
1000.288	784.28
1000.575	774.17
1000.862	761.79
1001.149	749.63
1001.436	735.21
1001.722	718.32
1002.009	700.88
1002.296	684.74
1002.582	668.28
1002.869	664.4
1003.156	653.32
1003.442	644.93
1003.728	640.62
1004.015	632.01
1004.301	615.66
1004.587	595.85
1004.873	576.48
1005.16	557.33
1005.446	542.37
1005.732	520.74
1006.017	506.11
1006.303	498.47
1006.589	500.73
1006.875	485.55
1007.161	478.77
1007.446	470.17
1007.732	461.88
1008.017	450.26
1008.303	441.76
1008.588	425.83
1008.873	425.29
1009.159	415.5
1009.444	408.72
1009.729	402.59
1010.014	397.64
1010.299	388.27
1010.584	383.11
1010.869	373.75
1011.154	369.33
1011.439	364.28
1011.723	364.81
1012.008	361.8
1012.293	361.37
1012.577	356.85
1012.862	354.38
1013.146	349.86
1013.43	347.06
1013.715	340.17
1013.999	332.53
1014.283	327.8
1014.567	325.97
1014.851	319.73
1015.135	317.57
1015.419	318
1015.703	315.96
1015.987	313.05
1016.271	316.39
1016.555	314.99
1016.838	315.31
1017.122	319.73
1017.405	319.51
1017.689	315.42
1017.972	313.16
1018.256	310.04
1018.539	308.43
1018.822	309.72
1019.105	301.11
1019.388	291.42
1019.671	292.28
1019.954	297.02
1020.237	291.53
1020.52	289.06
1020.803	284.86
1021.086	280.77
1021.368	281.85
1021.651	280.88
1021.934	275.76
1022.216	274.85
