339.735	106.16
340.108	82.06
340.482	62.73
340.855	49.88
341.228	31.7
341.602	8.35
341.975	-15.97
342.348	-20.49
342.721	-18.99
343.094	-20.06
343.468	-18.88
343.841	-23.51
344.214	-15.54
344.587	-13.93
344.96	-12.96
345.333	-3.49
345.706	7.7
346.079	17.49
346.452	26.1
346.824	32.13
347.197	45.04
347.57	54.83
347.943	54.3
348.316	60.86
348.688	72.59
349.061	83.14
349.434	90.67
349.806	95.94
350.179	100.89
350.552	106.81
350.924	117.03
351.297	120.37
351.669	121.45
352.042	123.27
352.414	127.36
352.787	134.57
353.159	140.6
353.531	144.69
353.904	143.51
354.276	150.82
354.648	155.24
355.02	158.79
355.393	163.41
355.765	166.1
356.137	161.26
356.509	162.45
356.881	157.6
357.253	153.51
357.625	148.89
357.997	142.43
358.369	140.06
358.741	142.32
359.113	137.8
359.485	153.73
359.857	160.29
360.229	164.38
360.6	171.59
360.972	173.42
361.344	170.62
361.716	174.28
362.087	158.79
362.459	155.67
362.831	154.91
363.202	151.79
363.574	145.44
363.945	139.2
364.317	137.48
364.688	136.4
365.06	129.73
365.431	125.86
365.803	118
366.174	123.6
366.545	128.87
366.917	130.48
367.288	128.66
367.659	135.65
368.03	138.45
368.402	144.37
368.773	144.26
369.144	142.75
369.515	142.43
369.886	147.59
370.257	142
370.628	144.9
370.999	144.15
371.37	143.29
371.741	139.95
372.112	145.98
372.483	148.46
372.853	149.42
373.224	144.26
373.595	142.64
373.966	144.26
374.336	152.76
374.707	147.27
375.078	146.52
375.448	167.5
375.819	169.01
376.19	173.64
376.56	172.67
376.931	169.87
377.301	170.62
377.671	165.89
378.042	148.89
378.412	147.06
378.783	144.04
379.153	145.23
379.523	144.15
379.893	138.34
380.264	141.35
380.634	136.3
381.004	138.77
381.374	136.83
381.744	136.3
382.114	138.99
382.484	144.58
382.854	145.87
383.224	151.04
383.594	152.87
383.964	156.53
384.334	155.24
384.704	159.65
385.074	158.46
385.444	155.34
385.814	156.2
386.183	161.91
386.553	159.22
386.923	162.88
387.292	158.57
387.662	162.98
388.032	158.25
388.401	156.85
388.771	154.7
389.14	153.3
389.51	149.96
389.879	146.63
390.248	142.32
390.618	148.78
390.987	147.92
391.356	140.49
391.726	142.32
392.095	143.51
392.464	147.49
392.833	148.99
393.203	149.42
393.572	146.84
393.941	156.31
394.31	156.74
394.679	153.84
395.048	150.18
395.417	142
395.786	147.38
396.155	152.76
396.524	173.96
396.893	177.19
397.261	178.59
397.63	176.54
397.999	178.16
398.368	167.93
398.736	162.45
399.105	149.85
399.474	151.79
399.842	149.1
400.211	155.02
400.579	157.71
400.948	161.8
401.317	158.14
401.685	139.09
402.053	133.82
402.422	136.62
402.79	131.45
403.158	132.42
403.527	132.1
403.895	136.62
404.263	139.63
404.632	142.32
405	140.6
405.368	146.09
405.736	148.78
406.104	149.32
406.472	148.56
406.84	148.67
407.208	147.06
407.576	156.85
407.944	159
408.312	157.39
408.68	160.29
409.048	165.24
409.415	165.78
409.783	163.52
410.151	150.93
410.519	149.1
410.886	151.15
411.254	144.26
411.622	132.85
411.989	136.08
412.357	136.51
412.724	139.52
413.092	136.3
413.459	134.25
413.827	142.97
414.194	154.59
414.561	150.72
414.929	152.65
415.296	157.39
415.663	155.67
416.03	159.22
416.398	155.02
416.765	152.11
417.132	150.93
417.499	148.13
417.866	141.14
418.233	144.47
418.6	137.37
418.967	136.19
419.334	141.35
419.701	145.01
420.068	148.46
420.435	153.3
420.802	148.89
421.168	149.75
421.535	151.36
421.902	148.99
422.269	150.39
422.635	149.96
423.002	149.21
423.369	155.56
423.735	163.74
424.102	166.75
424.468	163.31
424.835	162.23
425.201	160.72
425.567	165.24
425.934	163.2
426.3	155.13
426.667	147.06
427.033	150.29
427.399	148.46
427.765	150.5
428.131	147.16
428.498	149.85
428.864	153.73
429.23	158.36
429.596	152.22
429.962	150.72
430.328	153.73
430.694	150.82
431.06	150.61
431.426	161.58
431.792	160.51
432.157	167.18
432.523	164.81
432.889	158.36
433.255	165.46
433.62	167.07
433.986	155.77
434.352	156.85
434.717	152.44
435.083	160.08
435.448	162.98
435.814	159.43
436.179	146.09
436.545	144.26
436.91	144.47
437.276	148.24
437.641	149.64
438.006	150.61
438.372	150.93
438.737	164.38
439.102	170.95
439.467	171.16
439.832	165.24
440.197	160.08
440.563	159.54
440.928	158.03
441.293	153.51
441.658	153.41
442.023	154.37
442.387	158.57
442.752	162.98
443.117	167.18
443.482	171.92
443.847	176.22
444.212	179.23
444.576	183.86
444.941	185.58
445.306	185.04
445.67	182.35
446.035	178.69
446.399	177.08
446.764	176.65
447.128	170.41
447.493	170.3
447.857	173.21
448.222	175.57
448.586	180.2
448.95	183.21
449.315	178.26
449.679	179.02
450.043	182.57
450.407	186.33
450.772	181.49
451.136	183.43
451.5	182.46
451.864	187.3
452.228	193.44
452.592	197.1
452.956	193.33
453.32	200.97
453.684	199.36
454.047	197.96
454.411	197.96
454.775	194.51
455.139	191.07
455.503	188.38
455.866	180.85
456.23	177.51
456.594	182.35
456.957	184.4
457.321	190.75
457.684	191.18
458.048	189.99
458.411	196.56
458.775	190.96
459.138	189.03
459.501	183.32
459.865	174.61
460.228	176.43
460.591	180.74
460.955	174.39
461.318	177.4
461.681	176.65
462.044	178.37
462.407	178.91
462.77	172.35
463.133	170.73
463.496	174.5
463.859	183.97
464.222	183
464.585	185.04
464.948	187.52
465.311	193.87
465.674	192.15
466.036	191.82
466.399	192.47
466.762	194.94
467.124	187.52
467.487	187.52
467.85	180.31
468.212	182.14
468.575	185.58
468.937	177.3
469.3	170.09
469.662	174.61
470.024	176.22
470.387	180.85
470.749	194.3
471.111	192.79
471.474	193.54
471.836	200
472.198	192.47
472.56	189.99
472.922	187.2
473.284	170.19
473.646	166.86
474.008	168.79
474.37	164.92
474.732	171.81
475.094	169.66
475.456	168.9
475.818	174.17
476.18	174.28
476.542	171.92
476.903	170.62
477.265	167.29
477.627	163.63
477.988	167.29
478.35	164.81
478.711	160.4
479.073	160.62
479.435	158.68
479.796	162.66
480.157	167.72
480.519	163.2
480.88	164.17
481.241	169.87
481.603	170.09
481.964	175.9
482.325	172.24
482.686	173.53
483.048	179.12
483.409	179.02
483.77	177.62
484.131	181.49
484.492	176
484.853	176.97
485.214	181.82
485.575	179.23
485.936	180.52
486.296	187.95
486.657	184.51
487.018	188.38
487.379	194.19
487.739	193.11
488.1	196.02
488.461	192.25
488.821	193.65
489.182	197.53
489.542	200.54
489.903	206.46
490.263	200.86
490.624	197.85
490.984	203.01
491.345	199.03
491.705	197.85
492.065	190.96
492.425	184.29
492.786	186.23
493.146	183.64
493.506	185.26
493.866	185.9
494.226	187.63
494.586	195.27
494.946	195.59
495.306	193.87
495.666	197.42
496.026	197.96
496.386	204.52
496.746	207.53
497.106	212.27
497.465	211.52
497.825	212.27
498.185	218.51
498.544	217.11
498.904	209.15
499.264	210.22
499.623	207.43
499.983	204.74
500.342	207
500.702	204.95
501.061	199.79
501.42	200.32
501.78	197.63
502.139	190.21
502.498	191.93
502.858	189.99
503.217	191.39
503.576	207.96
503.935	203.66
504.294	204.41
504.653	214.53
505.012	213.02
505.371	213.78
505.73	210.55
506.089	202.69
506.448	215.28
506.807	215.93
507.166	211.52
507.524	219.05
507.883	227.66
508.242	227.98
508.601	218.19
508.959	211.73
509.318	213.88
509.676	218.4
510.035	212.7
510.393	207.75
510.752	204.31
511.11	204.63
511.469	200.43
511.827	203.77
512.185	203.34
512.544	200.75
512.902	203.66
513.26	211.84
513.618	215.17
513.976	218.4
514.334	212.91
514.692	209.9
515.05	213.45
515.408	217
515.766	218.83
516.124	220.56
516.482	220.99
516.84	223.68
517.198	225.29
517.556	227.66
517.913	233.25
518.271	230.35
518.629	235.84
518.986	233.68
519.344	230.78
519.701	232.18
520.059	239.06
520.416	230.56
520.774	230.67
521.131	227.55
521.489	225.18
521.846	229.92
522.203	230.89
522.561	227.01
522.918	225.83
523.275	230.46
523.632	228.3
523.989	235.19
524.346	230.46
524.703	235.19
525.06	236.27
525.417	241.11
525.774	235.73
526.131	246.49
526.488	252.62
526.845	254.67
527.202	253.05
527.559	254.13
527.915	253.59
528.272	255.1
528.629	248.86
528.985	243.91
529.342	243.91
529.698	242.51
530.055	248.32
530.411	251.87
530.768	252.09
531.124	251.76
531.48	258.11
531.837	259.51
532.193	259.19
532.549	249.93
532.906	244.55
533.262	244.98
533.618	246.17
533.974	243.48
534.33	242.83
534.686	243.05
535.042	249.29
535.398	251.33
535.754	249.83
536.11	248.75
536.466	252.52
536.821	251.76
537.177	253.81
537.533	247.03
537.889	248.53
538.244	251.22
538.6	253.91
538.955	244.12
539.311	246.49
539.667	240.25
540.022	246.17
540.377	240.14
540.733	233.58
541.088	228.3
541.444	236.91
541.799	239.93
542.154	249.18
542.509	245.31
542.864	244.77
543.22	255.21
543.575	257.68
543.93	256.93
544.285	257.04
544.64	251.55
544.995	251.98
545.35	264.46
545.705	259.62
546.059	261.77
546.414	260.48
546.769	262.42
547.124	268.33
547.478	274.15
547.833	265.54
548.188	263.49
548.542	263.81
548.897	263.38
549.251	264.35
549.606	261.34
549.96	256.17
550.315	253.48
550.669	257.47
551.023	255.53
551.378	255.53
551.732	248.75
552.086	249.29
552.44	255.31
552.794	253.05
553.148	250.79
553.502	251.33
553.856	261.88
554.21	267.69
554.564	266.4
554.918	265.54
555.272	274.36
555.626	273.5
555.98	306.97
556.334	302.99
556.687	297.07
557.041	298.47
557.395	294.81
557.748	296.85
558.102	295.99
558.455	268.33
558.809	260.8
559.162	262.74
559.516	262.09
559.869	265.32
560.222	263.38
560.576	269.84
560.929	267.37
561.282	269.2
561.635	273.39
561.988	276.51
562.342	282.11
562.695	282.43
563.048	285.44
563.401	285.44
563.754	282.97
564.107	284.58
564.459	278.34
564.812	273.18
565.165	273.39
565.518	274.58
565.871	278.99
566.223	286.84
566.576	287.6
566.929	290.07
567.281	290.5
567.634	291.69
567.986	290.93
568.339	283.94
568.691	284.69
569.044	285.12
569.396	286.2
569.748	286.63
570.1	286.84
570.453	286.09
570.805	290.07
571.157	290.29
571.509	287.17
571.861	289.53
572.213	285.23
572.565	283.83
572.917	286.74
573.269	291.04
573.621	290.39
573.973	292.33
574.325	296.42
574.677	299.86
575.028	300.73
575.38	298.25
575.732	298.79
576.083	302.02
576.435	300.4
576.786	299
577.138	301.37
577.489	303.63
577.841	305.03
578.192	307.83
578.543	304.6
578.895	307.83
579.246	306.64
579.597	311.06
579.948	310.19
580.3	307.07
580.651	298.14
581.002	295.78
581.353	292.22
581.704	299.54
582.055	293.73
582.406	292.22
582.757	292.44
583.107	299.33
583.458	302.66
583.809	302.88
584.16	290.72
584.51	287.17
584.861	289.32
585.212	291.9
585.562	298.79
585.913	292.22
586.263	287.7
586.614	293.62
586.964	296.53
587.315	295.78
587.665	298.79
588.015	289.96
588.365	300.19
588.716	303.09
589.066	298.25
589.416	300.19
589.766	299.76
590.116	292.44
590.466	299.86
590.816	297.93
591.166	301.59
591.516	303.85
591.866	303.31
592.216	308.26
592.566	312.78
592.915	302.12
593.265	297.28
593.615	295.13
593.964	298.25
594.314	296.53
594.663	288.67
595.013	281.36
595.362	282
595.712	279.53
596.061	276.94
596.411	280.71
596.76	276.94
597.109	279.53
597.458	284.48
597.808	287.81
598.157	294.81
598.506	295.13
598.855	285.01
599.204	293.62
599.553	303.09
599.902	307.83
600.251	307.4
600.6	306.54
600.949	309.98
601.297	313.32
601.646	310.95
601.995	303.09
602.344	304.81
602.692	302.34
603.041	299.54
603.389	296.1
603.738	294.59
604.086	295.78
604.435	294.91
604.783	285.66
605.132	289.21
605.48	289.96
605.828	295.24
606.177	297.17
606.525	301.8
606.873	299.43
607.221	305.78
607.569	304.49
607.917	301.37
608.265	301.26
608.613	295.24
608.961	288.03
609.309	291.47
609.657	287.92
610.005	284.05
610.352	284.69
610.7	283.18
611.048	287.81
611.395	286.95
611.743	278.13
612.091	275.97
612.438	278.34
612.786	278.02
613.133	276.41
613.48	275.44
613.828	276.73
614.175	287.38
614.522	287.81
614.87	284.37
615.217	284.26
615.564	284.15
615.911	286.84
616.258	287.92
616.605	280.92
616.952	282.86
617.299	288.24
617.646	287.92
617.993	287.81
618.34	284.48
618.687	286.31
619.033	312.13
619.38	313.21
619.727	312.56
620.073	322.25
620.42	319.66
620.767	329.03
621.113	327.63
621.459	309.98
621.806	306.86
622.152	306.32
622.499	297.07
622.845	310.09
623.191	299.65
623.537	302.45
623.884	301.37
624.23	307.72
624.576	304.92
624.922	304.17
625.268	295.45
625.614	301.48
625.96	300.94
626.306	297.71
626.652	293.08
626.998	299.86
627.343	306.86
627.689	307.4
628.035	302.99
628.38	296.21
628.726	293.52
629.072	294.59
629.417	288.24
629.763	285.87
630.108	280.6
630.453	285.98
630.799	286.09
631.144	286.52
631.489	290.61
631.835	290.29
632.18	286.09
632.525	283.08
632.87	278.66
633.215	281.03
633.56	283.51
633.905	281.14
634.25	278.02
634.595	278.02
634.94	281.68
635.285	284.8
635.63	284.15
635.974	279.1
636.319	270.7
636.664	268.98
637.008	267.9
637.353	274.47
637.698	269.52
638.042	265.43
638.387	265.21
638.731	269.84
639.075	272.32
639.42	271.78
639.764	270.7
640.108	270.7
640.452	275.54
640.797	277.37
641.141	279.2
641.485	278.66
641.829	278.34
642.173	272.21
642.517	268.87
642.861	267.15
643.205	268.55
643.549	263.28
643.892	265.11
644.236	261.99
644.58	257.47
644.923	259.94
645.267	252.3
645.611	244.55
645.954	244.55
646.298	244.12
646.641	246.81
646.985	245.09
647.328	248.53
647.671	252.41
648.015	253.38
648.358	255.96
648.701	253.48
649.044	249.61
649.387	253.48
649.731	247.89
650.074	244.55
650.417	246.92
650.76	239.93
651.102	241.11
651.445	242.18
651.788	240.79
652.131	245.31
652.474	247.67
652.816	246.06
653.159	249.07
653.502	244.77
653.844	245.31
654.187	246.92
654.529	243.8
654.872	245.2
655.214	243.91
655.557	248.32
655.899	249.5
656.241	250.58
656.583	247.57
656.926	245.95
657.268	245.52
657.61	248.96
657.952	246.27
658.294	252.62
658.636	253.05
658.978	255.21
659.32	253.59
659.662	250.04
660.004	245.74
660.345	239.17
660.687	233.15
661.029	227.23
661.371	223.25
661.712	220.12
662.054	221.52
662.395	220.23
662.737	220.12
663.078	217.97
663.42	223.89
663.761	221.09
664.102	220.12
664.444	218.19
664.785	215.82
665.126	222.38
665.467	221.85
665.808	220.56
666.149	224.97
666.49	226.47
666.831	228.52
667.172	235.41
667.513	233.9
667.854	236.27
668.195	233.36
668.535	235.3
668.876	240.68
669.217	240.79
669.557	237.45
669.898	234.44
670.239	228.95
670.579	235.08
670.92	226.69
671.26	225.18
671.6	218.62
671.941	234.11
672.281	233.58
672.621	238.53
672.961	231.21
673.302	236.8
673.642	232.07
673.982	240.89
674.322	225.29
674.662	223.46
675.002	226.04
675.342	232.5
675.682	233.68
676.021	234.97
676.361	223.25
676.701	281.14
677.041	285.77
677.38	274.58
677.72	270.38
678.059	270.38
678.399	267.04
678.738	266.61
679.078	208.61
679.417	205.06
679.756	207.64
680.096	208.5
680.435	204.52
680.774	211.52
681.113	216.57
681.453	214.21
681.792	212.7
682.131	213.99
682.47	206.35
682.809	206.24
683.148	201.94
683.486	205.17
683.825	203.66
684.164	203.01
684.503	208.83
684.841	213.88
685.18	217.43
685.519	211.41
685.857	204.74
686.196	205.81
686.534	202.26
686.873	197.53
687.211	197.1
687.549	195.8
687.888	201.51
688.226	206.57
688.564	205.49
688.902	204.95
689.24	203.98
689.578	201.62
689.917	199.68
690.255	192.58
690.592	191.28
690.93	193.33
691.268	198.93
691.606	204.95
691.944	223.78
692.282	220.88
692.619	229.92
692.957	230.46
693.294	228.2
693.632	222.28
693.97	215.61
694.307	195.05
694.644	198.39
694.982	243.15
695.319	253.38
695.656	258.76
695.994	260.16
696.331	260.16
696.668	265.54
697.005	263.6
697.342	210.44
697.679	204.84
698.016	204.31
698.353	206.57
698.69	204.09
699.027	200
699.364	196.88
699.7	198.28
700.037	187.09
700.374	185.26
700.71	183.21
701.047	187.09
701.384	180.85
701.72	183.86
702.057	183.43
702.393	192.79
702.729	192.47
703.066	197.74
703.402	196.56
703.738	205.7
704.074	206.24
704.41	213.13
704.747	209.9
705.083	204.95
705.419	199.14
705.755	200.65
706.091	198.06
706.426	196.67
706.762	190.21
707.098	186.55
707.434	185.9
707.769	182.57
708.105	180.31
708.441	176.22
708.776	183.21
709.112	179.66
709.447	176.76
709.783	174.5
710.118	179.99
710.453	180.63
710.789	183.11
711.124	178.05
711.459	183.64
711.794	193.33
712.129	195.7
712.464	198.39
712.799	203.88
713.134	205.27
713.469	210.22
713.804	206.57
714.139	192.47
714.474	193.87
714.809	193.11
715.143	180.85
715.478	181.28
715.813	175.14
716.147	181.82
716.482	191.93
716.816	190.75
717.151	188.06
717.485	192.9
717.819	191.5
718.154	197.1
718.488	189.78
718.822	190.53
719.156	194.94
719.491	198.28
719.825	197.63
720.159	197.2
720.493	189.56
720.827	195.16
721.161	195.91
721.494	188.38
721.828	188.27
722.162	187.3
722.496	189.46
722.829	192.25
723.163	193.01
723.497	188.27
723.83	195.05
724.164	190.1
724.497	193.65
724.83	189.24
725.164	186.87
725.497	176.43
725.83	179.88
726.164	172.88
726.497	177.62
726.83	179.12
727.163	189.78
727.496	189.13
727.829	198.28
728.162	191.72
728.495	198.06
728.828	192.36
729.16	189.78
729.493	179.45
729.826	180.2
730.159	175.25
730.491	178.05
730.824	177.62
731.156	178.69
731.489	181.17
731.821	183
732.154	185.26
732.486	188.7
732.818	195.8
733.151	194.19
733.483	197.53
733.815	190.96
734.147	187.84
734.479	187.41
734.811	183.75
735.143	174.39
735.475	170.09
735.807	173.1
736.139	171.59
736.471	173.64
736.803	169.55
737.134	173.1
737.466	179.66
737.798	187.3
738.129	179.34
738.461	184.4
738.792	183.64
739.124	182.25
739.455	180.09
739.786	178.91
740.118	179.99
740.449	183.75
740.78	185.04
741.111	183.97
741.442	185.58
741.773	189.35
742.104	190.85
742.435	189.99
742.766	196.45
743.097	198.28
743.428	197.42
743.759	200.75
744.09	197.63
744.42	194.41
744.751	191.93
745.081	187.84
745.412	185.69
745.743	184.61
746.073	184.29
746.403	185.37
746.734	187.3
747.064	189.99
747.394	184.61
747.725	182.46
748.055	186.66
748.385	188.06
748.715	187.41
749.045	185.8
749.375	186.12
749.705	191.39
750.035	187.84
750.365	181.92
750.695	176.97
751.024	175.14
751.354	179.99
751.684	182.03
752.013	178.26
752.343	187.2
752.673	194.73
753.002	196.13
753.331	193.44
753.661	191.93
753.99	184.18
754.32	183.54
754.649	175.47
754.978	170.95
755.307	172.88
755.636	180.95
755.965	171.92
756.294	174.28
756.623	173.74
756.952	179.77
757.281	186.12
757.61	184.4
757.939	181.6
758.267	188.06
758.596	187.63
758.925	192.36
759.253	202.26
759.582	203.88
759.91	208.72
760.239	210.01
760.567	210.87
760.896	210.01
761.224	206.89
761.552	194.94
761.881	192.68
762.209	188.59
762.537	189.56
762.865	186.33
763.193	186.12
763.521	186.01
763.849	190.53
764.177	185.26
764.505	189.35
764.832	186.87
765.16	190.64
765.488	192.68
765.815	201.72
766.143	197.31
766.471	200.43
766.798	197.85
767.126	205.06
767.453	201.29
767.78	203.66
768.108	201.08
768.435	204.95
768.762	207.1
769.089	210.22
769.417	205.92
769.744	202.58
770.071	200.32
770.398	199.03
770.725	204.41
771.052	201.62
771.378	196.56
771.705	191.5
772.032	196.34
772.359	196.45
772.685	195.48
773.012	187.09
773.338	192.58
773.665	197.63
773.991	206.24
774.318	207.21
774.644	209.79
774.971	203.55
775.297	204.63
775.623	201.19
775.949	196.13
776.275	186.98
776.601	185.26
776.927	185.15
777.253	186.77
777.579	184.83
777.905	181.92
778.231	180.74
778.557	187.3
778.883	190.53
779.208	193.22
779.534	193.54
779.86	194.41
780.185	198.39
780.511	202.05
780.836	204.84
781.162	202.48
781.487	200.97
781.812	204.74
782.138	202.37
782.463	199.03
782.788	206.78
783.113	199.25
783.438	199.79
783.763	198.06
784.088	192.04
784.413	195.48
784.738	197.53
785.063	188.49
785.388	192.9
785.712	192.04
786.037	191.72
786.362	196.56
786.686	195.91
787.011	194.84
787.335	197.96
787.66	205.7
787.984	213.02
788.308	212.91
788.633	214.74
788.957	211.73
789.281	217.33
789.605	212.38
789.93	209.79
790.254	207.75
790.578	209.15
790.902	203.23
791.225	203.88
791.549	196.88
791.873	205.38
792.197	199.03
792.521	197.1
792.844	191.93
793.168	190.53
793.492	196.99
793.815	192.47
794.139	186.44
794.462	188.92
794.785	188.92
795.109	194.84
795.432	195.7
795.755	195.37
796.078	207
796.401	211.84
796.725	212.81
797.048	216.04
797.371	216.25
797.694	222.6
798.016	223.35
798.339	220.34
798.662	213.24
798.985	215.5
799.308	209.69
799.63	206.24
799.953	205.49
800.275	206.03
800.598	208.29
800.92	213.02
801.243	206.03
801.565	212.48
801.887	217.33
802.21	222.28
802.532	220.23
802.854	216.47
803.176	217.11
803.498	218.19
803.82	212.91
804.142	212.05
804.464	207.21
804.786	201.62
805.108	207.53
805.429	206.03
805.751	204.2
806.073	206.57
806.394	205.06
806.716	204.95
807.038	212.16
807.359	208.93
807.68	211.62
808.002	216.68
808.323	217.22
808.644	215.39
808.966	216.25
809.287	211.52
809.608	211.09
809.929	214.96
810.25	215.28
810.571	214.64
810.892	217.54
811.213	221.74
811.534	223.46
811.854	225.29
812.175	220.56
812.496	223.57
812.816	227.66
813.137	227.66
813.458	223.03
813.778	226.9
814.098	228.09
814.419	236.59
814.739	236.48
815.059	241
815.38	241.32
815.7	246.92
816.02	247.14
816.34	248.86
816.66	246.49
816.98	248.86
817.3	252.52
817.62	262.31
817.94	264.46
818.26	273.93
818.579	284.48
818.899	293.62
819.219	306.75
819.538	308.69
819.858	316.33
820.177	327.84
820.497	333.76
820.816	336.88
821.135	340.76
821.455	342.91
821.774	355.82
822.093	362.17
822.412	360.99
822.731	363.68
823.05	364.54
823.369	366.26
823.688	366.91
824.007	360.02
824.326	354.64
824.645	362.17
824.963	357.22
825.282	355.07
825.601	347
825.919	337.42
826.238	333.98
826.556	357.65
826.875	348.61
827.193	345.6
827.511	346.03
827.83	356.58
828.148	367.01
828.466	371.75
828.784	354.1
829.102	367.34
829.42	387.14
829.738	399.3
830.056	405.97
830.374	414.36
830.692	423.94
831.01	429
831.327	438.57
831.645	444.71
831.963	456.01
832.28	458.59
832.598	461.28
832.915	469.24
833.233	477.21
833.55	476.13
833.867	474.73
834.185	476.78
834.502	484.63
834.819	487.65
835.136	485.82
835.453	487.65
835.77	486.78
836.087	486.78
836.404	484.85
836.721	480.97
837.038	480.33
837.355	484.42
837.671	483.13
837.988	491.52
838.305	503.36
838.621	516.38
838.938	538.76
839.254	565.23
839.571	590.84
839.887	631.52
840.203	672.95
840.52	723.64
840.836	781.21
841.152	841.15
841.468	906.25
841.784	980.4
842.1	1050.23
842.416	1127.39
842.732	1197.45
843.048	1261.8
843.364	1330.67
843.679	1396.1
843.995	1463.78
844.311	1520.49
844.626	1572.04
844.942	1621.43
845.257	1658.13
845.573	1682.34
845.888	1702.14
846.203	1707.63
846.519	1712.15
846.834	1712.47
847.149	1709.35
847.464	1695.79
847.779	1685.68
848.094	1667.92
848.409	1643.49
848.724	1623.15
849.039	1593.35
849.354	1555.58
849.669	1521.25
849.983	1493.05
850.298	1456.9
850.613	1425.58
850.927	1390.5
851.242	1359.62
851.556	1336.59
851.871	1330.35
852.185	1322.6
852.499	1329.92
852.814	1351.44
853.128	1378.99
853.442	1416.86
853.756	1454.96
854.07	1501.23
854.384	1551.06
854.698	1610.03
855.012	1667.49
855.326	1734.21
855.64	1806.63
855.953	1870.44
856.267	1925.33
856.581	1977.95
856.894	2019.7
857.208	2067.7
857.521	2094.17
857.835	2094.49
858.148	2108.91
858.461	2119.24
858.775	2115.15
859.088	2116.34
859.401	2098.69
859.714	2088.36
860.027	2096.75
860.34	2099.12
860.653	2103.1
860.966	2113.11
861.279	2120.75
861.592	2138.61
861.904	2176.38
862.217	2215.55
862.53	2252.57
862.842	2313.16
863.155	2385.9
863.467	2472.96
863.78	2558.19
864.092	2652.67
864.405	2752.32
864.717	2878.65
865.029	2985.29
865.341	3106.03
865.653	3225.48
865.966	3356.12
866.278	3472.55
866.589	3588.56
866.901	3689.61
867.213	3804.1
867.525	3906.44
867.837	4005.98
868.149	4084.54
868.46	4181.71
868.772	4280.6
869.083	4362.93
869.395	4446.22
869.706	4534.03
870.018	4634.43
870.329	4728.8
870.64	4833.51
870.952	4940.9
871.263	5065.3
871.574	5203.47
871.885	5346.6
872.196	5490.8
872.507	5675.03
872.818	5848.39
873.129	6030.57
873.44	6202.75
873.75	6377.29
874.061	6541.29
874.372	6697.76
874.682	6840.77
874.993	6969.15
875.303	7078.06
875.614	7185.67
875.924	7247.54
876.235	7307.48
876.545	7345.79
876.855	7367.42
877.165	7326.74
877.475	7274.88
877.786	7180.5
878.096	7054.49
878.406	6863.91
878.715	6635.78
879.025	6388.59
879.335	6132.48
879.645	5817.18
879.955	5497.68
880.264	5176.36
880.574	4867.51
880.883	4563.41
881.193	4240.04
881.502	3944.43
881.812	3670.67
882.121	3420.79
882.43	3193.63
882.74	3000.68
883.049	2843.89
883.358	2715.84
883.667	2618.23
883.976	2564.43
884.285	2551.51
884.594	2587.67
884.903	2652.45
885.212	2758.77
885.52	2918.04
885.829	3112.92
886.138	3351.49
886.446	3638.6
886.755	3962.51
887.063	4364
887.372	4808.11
887.68	5323.46
887.988	5922.96
888.297	6590.9
888.605	7358.38
888.913	8252.52
889.221	9185.4
889.529	10276.68
889.837	11430.91
890.145	12707.72
890.453	14116.23
890.761	15529.27
891.069	17025.6
891.377	18615.44
891.684	20232.73
891.992	21847.21
892.299	23421.67
892.607	24897.76
892.914	26405.61
893.222	27785.93
893.529	29154.31
893.837	30347.39
894.144	31455.46
894.451	32425.57
894.758	33233.62
895.065	33984.75
895.372	34642.03
895.679	35049.66
895.986	35556.19
896.293	35784.54
896.6	35838.02
896.907	35887.95
897.213	35711.69
897.52	35381.97
897.827	34918.59
898.133	34138.31
898.44	33510.72
898.746	32873.77
899.053	32141.37
899.359	31360.98
899.665	30570.36
899.972	29840.98
900.278	29134.51
900.584	28404.16
900.89	27715.88
901.196	27012.64
901.502	26404.32
901.808	25843.34
902.114	25370.5
902.419	24927.79
902.725	24488.41
903.031	24141.05
903.337	23880.73
903.642	23684.56
903.948	23522.5
904.253	23423.93
904.559	23453.95
904.864	23535.3
905.169	23711.25
905.475	23966.72
905.78	24268.56
906.085	24682.44
906.39	25078.12
906.695	25512.55
907	26078.9
907.305	26689.38
907.61	27284.79
907.915	27911.08
908.219	28535.55
908.524	29274.84
908.829	29921.68
909.133	30606.2
909.438	31184.39
909.743	31887.2
910.047	32521.88
910.351	33202.85
910.656	33806.76
910.96	34510.43
911.264	35261.66
911.568	35972
911.873	36644.03
912.177	37343.71
912.481	38081.81
912.785	38930.43
913.088	39739.02
913.392	40420.74
913.696	41107.83
914	41901.68
914.304	42705.64
914.607	43404.46
914.911	43908.83
915.214	44508.98
915.518	45098.15
915.821	45688.61
916.124	46088.28
916.428	46386.47
916.731	46758.91
917.034	47114.02
917.337	47143.72
917.64	47275.98
917.943	47363.79
918.246	47322.57
918.549	47198.5
918.852	46888.47
919.155	46689.61
919.458	46501.82
919.76	46257.01
920.063	45911.9
920.366	45628.02
920.668	45583.37
920.971	45575.94
921.273	45545.81
921.576	45708.19
921.878	45693.88
922.18	46030.27
922.482	46411.22
922.784	46750.84
923.087	47254.02
923.389	47770.99
923.691	48368.98
923.992	49130
924.294	49816.35
924.596	50684.23
924.898	51530.05
925.2	52275.25
925.501	53045.64
925.803	53838.62
926.104	54506.03
926.406	55009.54
926.707	55436.97
927.009	55797.25
927.31	56016.02
927.611	56182.28
927.912	56161.62
928.214	56114.81
928.515	55973.62
928.816	55615.06
929.117	55182.36
929.418	54741.05
929.719	54165.98
930.019	53468.44
930.32	52782.64
930.621	51975.34
930.922	51074.1
931.222	50011.12
931.523	48856.67
931.823	47627
932.124	46288.11
932.424	44911.01
932.724	43335.48
933.025	41884.24
933.325	40489.07
933.625	39086.36
933.925	37698.29
934.225	36393.83
934.525	35124.13
934.825	34152.08
935.125	33183.05
935.425	32195.18
935.724	31314.06
936.024	30390.33
936.324	29581.85
936.623	28773.05
936.923	27875.89
937.222	26919.56
937.522	26148.42
937.821	25344.56
938.12	24627.34
938.42	23892.36
938.719	23155.33
939.018	22665.27
939.317	22351.05
939.616	22033.16
939.915	21844.09
940.214	21893.27
940.513	21999.91
940.812	22266.46
941.111	22657.09
941.409	23156.84
941.708	23848.99
942.006	24695.24
942.305	25619.83
942.603	26769.01
942.902	27846.19
943.2	28999.24
943.499	30192.33
943.797	31406.71
944.095	32539
944.393	33691.61
944.691	34805.49
944.989	36018.81
945.287	37211.03
945.585	38389.69
945.883	39617.1
946.181	41042.83
946.479	42590.71
946.776	44307.75
947.074	46173.18
947.371	47907.01
947.669	49737.9
947.966	51486.25
948.264	53078.46
948.561	54326.53
948.858	55464.95
949.156	56339.71
949.453	57282.39
949.75	57933.43
950.047	58409.18
950.344	58829.18
950.641	59216.69
950.938	59359.49
951.235	59429.22
951.532	59257.04
951.828	58922.91
952.125	58466.64
952.422	57843.36
952.718	57207.7
953.015	56482.84
953.311	55815.33
953.607	55092.07
953.904	54445.12
954.2	53774.7
954.496	52948.36
954.792	51843.3
955.089	50634.51
955.385	49090.08
955.681	47404.36
955.976	45395.8
956.272	43445.25
956.568	41507.07
956.864	39752.04
957.16	38071.27
957.455	36538.35
957.751	35116.17
958.046	33906.94
958.342	32807.48
958.637	31852.76
958.933	31109.82
959.228	30792.79
959.523	30684.21
959.818	30886.74
960.114	31606.44
960.409	32687.93
960.704	34005.3
960.999	35485.27
961.294	36725.81
961.588	38306.4
961.883	40021.39
962.178	41678.49
962.473	43247.78
962.767	44781.13
963.062	46298.33
963.356	48079.51
963.651	49584.98
963.945	50924.84
964.239	52257.07
964.534	53415.61
964.828	54628.38
965.122	55686.3
965.416	56492.2
965.71	57206.95
966.004	57805.59
966.298	58159.63
966.592	58316.42
966.886	58312.65
967.18	58175.12
967.473	57925.04
967.767	57589.61
968.061	57113.33
968.354	56588.4
968.648	55927.24
968.941	55141.9
969.234	54119.27
969.528	52874.75
969.821	51382.94
970.114	49784.39
970.407	47753.45
970.7	45648.36
970.993	43418.45
971.286	41168.09
971.579	38803.99
971.872	36509.3
972.165	34104.95
972.457	31869.55
972.75	29706.36
973.043	27514
973.335	25412.79
973.628	23595.35
973.92	21841.94
974.213	20392.42
974.505	19112.93
974.797	17966.66
975.089	17011.61
975.382	16215.94
975.674	15453.62
975.966	14897.27
976.258	14378.59
976.55	14033.16
976.841	13803.41
977.133	13688.27
977.425	13709.36
977.717	13832.57
978.008	13944.92
978.3	14161.54
978.591	14359.22
978.883	14547.22
979.174	14706.8
979.465	14784.07
979.757	14809.03
980.048	14756.63
980.339	14590.26
980.63	14386.23
980.921	14085.57
981.212	13723.24
981.503	13294.2
981.794	12866.12
982.085	12418.57
982.376	11983.28
982.666	11509.9
982.957	11060.09
983.248	10632.44
983.538	10187.58
983.828	9722.48
984.119	9235.87
984.409	8706.85
984.7	8162.34
984.99	7595.56
985.28	7022.31
985.57	6493.3
985.86	5976.01
986.15	5519.64
986.44	5084.56
986.73	4705.24
987.02	4381.97
987.309	4084.43
987.599	3839.4
987.889	3623.86
988.178	3452.54
988.468	3324.48
988.757	3225.59
989.047	3141.87
989.336	3072.78
989.625	2987.98
989.915	2927.61
990.204	2870.79
990.493	2811.29
990.782	2743.71
991.071	2672.15
991.36	2607.04
991.649	2558.29
991.938	2487.7
992.226	2418.51
992.515	2356.31
992.804	2294.97
993.092	2228.9
993.381	2161.64
993.669	2087.6
993.958	2019.59
994.246	1929.31
994.534	1847.42
994.823	1756.38
995.111	1677.18
995.399	1598.73
995.687	1520.17
995.975	1438.6
996.263	1367.36
996.551	1290.85
996.839	1218.32
997.126	1147.62
997.414	1081.44
997.702	1029.04
997.989	977.27
998.277	941.01
998.564	907
998.852	888.07
999.139	859.01
999.426	845.13
999.713	826.3
1000.001	819.19
1000.288	796.7
1000.575	783.04
1000.862	769.26
1001.149	763.34
1001.436	745.91
1001.722	729.02
1002.009	711.8
1002.296	702.97
1002.582	686.83
1002.869	668.32
1003.156	655.41
1003.442	648.63
1003.728	632.81
1004.015	618.93
1004.301	606.34
1004.587	590.63
1004.873	574.59
1005.16	558.88
1005.446	543.93
1005.732	535.75
1006.017	519.93
1006.303	512.18
1006.589	519.39
1006.875	515.73
1007.161	505.94
1007.446	492.27
1007.732	480.44
1008.017	474.52
1008.303	466.88
1008.588	447.4
1008.873	441.91
1009.159	439.01
1009.444	429.43
1009.729	424.91
1010.014	419.1
1010.299	405.86
1010.584	400.05
1010.869	392.41
1011.154	384.98
1011.439	385.31
1011.723	376.59
1012.008	371.53
1012.293	367.55
1012.577	362.39
1012.862	352.16
1013.146	345.06
1013.43	337.96
1013.715	332.79
1013.999	331.07
1014.283	330.32
1014.567	320.85
1014.851	323.54
1015.135	323.97
1015.419	325.26
1015.703	327.74
1015.987	322.46
1016.271	315.04
1016.555	318.27
1016.838	311.92
1017.122	315.25
1017.405	310.19
1017.689	309.44
1017.972	309.98
1018.256	310.3
1018.539	305.24
1018.822	308.15
1019.105	300.29
1019.388	301.37
1019.671	296.85
1019.954	298.03
1020.237	295.99
1020.52	293.08
1020.803	291.69
1021.086	286.95
1021.368	285.66
1021.651	286.83
1021.934	280.02
1022.216	282.24
