339.735	91.66
340.108	73.85
340.482	62.1
340.855	52.31
341.228	32.29
341.602	14.1
341.975	-11.83
342.348	-13.88
342.721	-16.35
343.094	-21.3
343.468	-26.25
343.841	-22.91
344.214	-22.38
344.587	-9.46
344.96	-5.59
345.333	2.7
345.706	13.89
346.079	22.93
346.452	27.34
346.824	29.38
347.197	34.01
347.57	31.54
347.943	38.64
348.316	42.84
348.688	54.57
349.061	67.26
349.434	82.54
349.806	89.11
350.179	104.6
350.552	107.83
350.924	116.76
351.297	122.25
351.669	129.68
352.042	132.37
352.414	137.32
352.787	139.04
353.159	139.36
353.531	140.33
353.904	140.22
354.276	139.36
354.648	134.95
355.02	137.75
355.393	131.72
355.765	132.48
356.137	130.86
356.509	133.87
356.881	132.58
357.253	141.3
357.625	137.53
357.997	145.07
358.369	147.11
358.741	154.32
359.113	148.83
359.485	166.27
359.857	169.6
360.229	172.08
360.6	173.58
360.972	178
361.344	172.4
361.716	174.87
362.087	155.4
362.459	145.82
362.831	148.4
363.202	151.2
363.574	148.19
363.945	148.19
364.317	146.03
364.688	144.74
365.06	141.84
365.431	137
365.803	131.61
366.174	128.49
366.545	121.39
366.917	122.36
367.288	118.16
367.659	125.91
368.03	124.19
368.402	125.91
368.773	127.53
369.144	132.58
369.515	134.84
369.886	139.15
370.257	135.92
370.628	138.5
370.999	130.11
371.37	131.72
371.741	132.69
372.112	133.77
372.483	137.64
372.853	140.01
373.224	133.98
373.595	142.81
373.966	142.16
374.336	144.53
374.707	143.34
375.078	144.42
375.448	163.9
375.819	172.18
376.19	171.75
376.56	172.83
376.931	169.71
377.301	166.91
377.671	165.62
378.042	149.48
378.412	147.33
378.783	144.64
379.153	142.7
379.523	144.42
379.893	147.65
380.264	144.74
380.634	140.87
381.004	137
381.374	136.24
381.744	136.78
382.114	139.58
382.484	142.7
382.854	145.5
383.224	150.77
383.594	156.15
383.964	158.52
384.334	160.24
384.704	154.54
385.074	152.6
385.444	147.11
385.814	145.39
386.183	147.22
386.553	148.19
386.923	148.72
387.292	152.38
387.662	157.76
388.032	157.01
388.401	157.23
388.771	154.11
389.14	149.59
389.51	147.33
389.879	146.36
390.248	140.01
390.618	143.88
390.987	139.15
391.356	137.75
391.726	140.98
392.095	140.76
392.464	139.9
392.833	139.36
393.203	136.78
393.572	133.01
393.941	138.18
394.31	138.29
394.679	140.44
395.048	141.19
395.417	136.67
395.786	149.37
396.155	154.32
396.524	175.52
396.893	179.72
397.261	175.84
397.63	176.6
397.999	182.3
398.368	172.29
398.736	176.81
399.105	167.34
399.474	170.35
399.842	170.57
400.211	173.15
400.579	172.51
400.948	166.37
401.317	160.78
401.685	149.16
402.053	138.61
402.422	143.67
402.79	143.88
403.158	142.16
403.527	148.72
403.895	151.85
404.263	145.71
404.632	148.4
405	148.19
405.368	143.34
405.736	144.31
406.104	144.1
406.472	139.15
406.84	140.98
407.208	145.17
407.576	146.9
407.944	148.94
408.312	155.93
408.68	156.04
409.048	160.24
409.415	163.58
409.783	160.56
410.151	152.28
410.519	151.74
410.886	143.45
411.254	136.46
411.622	134.52
411.989	133.34
412.357	132.91
412.724	133.55
413.092	133.98
413.459	134.74
413.827	148.51
414.194	145.07
414.561	144.31
414.929	146.47
415.296	144.85
415.663	137.1
416.03	135.92
416.398	126.77
416.765	131.29
417.132	128.39
417.499	127.74
417.866	135.06
418.233	143.88
418.6	149.48
418.967	155.61
419.334	152.17
419.701	157.44
420.068	152.71
420.435	151.09
420.802	147.11
421.168	145.6
421.535	147.54
421.902	147.33
422.269	146.47
422.635	147.65
423.002	146.57
423.369	155.72
423.735	154.32
424.102	151.2
424.468	154.43
424.835	157.87
425.201	157.87
425.567	158.3
425.934	155.4
426.3	150.98
426.667	147.43
427.033	153.03
427.399	149.48
427.765	147.76
428.131	144.64
428.498	144.1
428.864	144.96
429.23	148.08
429.596	140.12
429.962	139.79
430.328	149.91
430.694	154.11
431.06	150.23
431.426	158.73
431.792	159.27
432.157	163.9
432.523	160.99
432.889	160.35
433.255	164.44
433.62	163.79
433.986	157.55
434.352	156.37
434.717	157.87
435.083	158.3
435.448	149.05
435.814	150.12
436.179	150.77
436.545	147.22
436.91	142.7
437.276	145.82
437.641	151.85
438.006	154.97
438.372	147.54
438.737	149.37
439.102	152.06
439.467	160.45
439.832	156.15
440.197	151.09
440.563	156.58
440.928	156.26
441.293	155.83
441.658	159.49
442.023	153.14
442.387	152.81
442.752	152.49
443.117	150.55
443.482	158.73
443.847	161.32
444.212	165.62
444.576	170.68
444.941	175.74
445.306	187.68
445.67	189.51
446.035	190.59
446.399	195.54
446.764	191.34
447.128	190.48
447.493	191.45
447.857	183.7
448.222	182.3
448.586	181.87
448.95	178.32
449.315	182.3
449.679	181.44
450.043	177.78
450.407	182.08
450.772	184.13
451.136	183.48
451.5	183.91
451.864	183.81
452.228	187.36
452.592	189.29
452.956	191.23
453.32	193.28
453.684	194.67
454.047	198.23
454.411	202.1
454.775	203.5
455.139	201.56
455.503	195.54
455.866	202.75
456.23	198.66
456.594	194.46
456.957	192.52
457.321	198.23
457.684	198.55
458.048	199.95
458.411	193.49
458.775	200.06
459.138	201.35
459.501	204.04
459.865	192.95
460.228	198.66
460.591	209.42
460.955	211.35
461.318	205.01
461.681	203.39
462.044	195.97
462.407	192.2
462.77	187.68
463.133	173.04
463.496	167.77
463.859	170.89
464.222	174.34
464.585	177.56
464.948	184.13
465.311	184.13
465.674	189.4
466.036	189.51
466.399	191.77
466.762	197.58
467.124	198.55
467.487	204.25
467.85	199.19
468.212	200.7
468.575	201.99
468.937	201.35
469.3	196.4
469.662	191.77
470.024	187.9
470.387	189.83
470.749	202.1
471.111	200.06
471.474	195.64
471.836	193.6
472.198	192.09
472.56	189.51
472.922	192.31
473.284	176.92
473.646	178.21
474.008	179.5
474.37	169.6
474.732	171.43
475.094	175.09
475.456	174.23
475.818	174.77
476.18	175.52
476.542	169.39
476.903	173.04
477.265	174.98
477.627	168.74
477.988	170.03
478.35	167.77
478.711	163.9
479.073	169.82
479.435	174.44
479.796	178.21
480.157	178.75
480.519	177.13
480.88	185.96
481.241	194.46
481.603	194.14
481.964	190.59
482.325	183.7
482.686	188.22
483.048	185.42
483.409	181.76
483.77	177.56
484.131	179.5
484.492	185.85
484.853	187.03
485.214	189.51
485.575	192.52
485.936	197.15
486.296	197.8
486.657	197.69
487.018	194.89
487.379	196.93
487.739	198.55
488.1	198.76
488.461	187.14
488.821	186.28
489.182	185.85
489.542	185.74
489.903	197.9
490.263	193.38
490.624	199.84
490.984	207.37
491.345	210.06
491.705	205.97
492.065	204.9
492.425	192.85
492.786	197.26
493.146	190.91
493.506	192.31
493.866	187.68
494.226	195.54
494.586	205.01
494.946	205.65
495.306	204.57
495.666	205.44
496.026	208.99
496.386	221.04
496.746	217.17
497.106	211.35
497.465	211.14
497.825	207.8
498.185	211.25
498.544	206.4
498.904	195.32
499.264	193.92
499.623	195.32
499.983	200.38
500.342	200.81
500.702	202.42
501.061	204.36
501.42	210.28
501.78	213.61
502.139	212.86
502.498	205.54
502.858	210.82
503.217	210.82
503.576	214.48
503.935	216.84
504.294	214.04
504.653	216.41
505.012	223.19
505.371	213.83
505.73	211.57
506.089	208.34
506.448	206.08
506.807	205.11
507.166	203.61
507.524	210.6
507.883	216.09
508.242	221.69
508.601	218.35
508.959	211.14
509.318	213.4
509.676	220.18
510.035	212.75
510.393	213.29
510.752	212.54
511.11	217.6
511.469	222.76
511.827	231.59
512.185	224.05
512.544	222.44
512.902	222.22
513.26	219.1
513.618	216.09
513.976	216.2
514.334	213.61
514.692	217.7
515.05	222.98
515.408	228.03
515.766	229.11
516.124	227.07
516.482	229
516.84	229.86
517.198	230.94
517.556	234.6
517.913	232.23
518.271	231.05
518.629	242.35
518.986	240.95
519.344	241.49
519.701	237.4
520.059	235.67
520.416	238.26
520.774	241.49
521.131	237.83
521.489	242.88
521.846	247.73
522.203	249.77
522.561	251.06
522.918	251.06
523.275	255.37
523.632	257.09
523.989	259.35
524.346	254.4
524.703	258.27
525.06	255.04
525.417	260.96
525.774	259.67
526.131	256.87
526.488	260.42
526.845	253.86
527.202	254.51
527.559	256.34
527.915	257.95
528.272	255.37
528.629	260.64
528.985	254.4
529.342	259.78
529.698	264.73
530.055	266.88
530.411	261.18
530.768	259.46
531.124	256.66
531.48	258.38
531.837	267.96
532.193	264.3
532.549	259.13
532.906	260.64
533.262	265.7
533.618	264.41
533.974	263.12
534.33	259.46
534.686	257.09
535.042	261.61
535.398	254.61
535.754	258.7
536.11	259.67
536.466	264.19
536.821	263.12
537.177	269.14
537.533	268.82
537.889	277.64
538.244	274.41
538.6	276.67
538.955	273.45
539.311	273.23
539.667	267.53
540.022	270.54
540.377	269.79
540.733	267.74
541.088	267.85
541.444	269.68
541.799	265.81
542.154	273.88
542.509	271.72
542.864	274.84
543.22	276.14
543.575	277.54
543.93	273.12
544.285	280.12
544.64	275.49
544.995	278.61
545.35	279.58
545.705	276.78
546.059	276.46
546.414	281.62
546.769	279.69
547.124	275.49
547.478	273.55
547.833	267.96
548.188	271.62
548.542	266.99
548.897	261.5
549.251	259.24
549.606	262.47
549.96	261.93
550.315	263.44
550.669	260.53
551.023	264.3
551.378	269.57
551.732	268.17
552.086	267.63
552.44	270.33
552.794	268.93
553.148	270.65
553.502	264.73
553.856	267.2
554.21	271.51
554.564	268.93
554.918	261.5
555.272	263.12
555.626	269.36
555.98	305.41
556.334	306.59
556.687	304.87
557.041	313.05
557.395	316.92
557.748	323.59
558.102	320.26
558.455	293.35
558.809	294.86
559.162	295.61
559.516	289.59
559.869	294.65
560.222	294
560.576	298.73
560.929	300.46
561.282	296.15
561.635	297.01
561.988	302.39
562.342	301.86
562.695	298.73
563.048	291.85
563.401	285.39
563.754	289.05
564.107	292.17
564.459	293.25
564.812	291.2
565.165	297.34
565.518	300.13
565.871	300.89
566.223	298.95
566.576	295.94
566.929	287.22
567.281	286.68
567.634	284.75
567.986	287.87
568.339	285.5
568.691	282.49
569.044	283.02
569.396	290.77
569.748	295.29
570.1	292.82
570.453	291.74
570.805	306.05
571.157	316.27
571.509	320.69
571.861	324.13
572.213	325.1
572.565	329.19
572.917	332.85
573.269	324.35
573.621	317.89
573.973	321.98
574.325	322.84
574.677	321.76
575.028	319.29
575.38	320.47
575.732	325.21
576.083	329.08
576.435	320.9
576.786	318.21
577.138	320.36
577.489	314.77
577.841	312.51
578.192	308.2
578.543	311
578.895	314.23
579.246	316.71
579.597	317.46
579.948	324.02
580.3	321.87
580.651	324.88
581.002	320.58
581.353	319.29
581.704	324.35
582.055	320.04
582.406	316.38
582.757	319.4
583.107	319.29
583.458	321.87
583.809	329.73
584.16	323.59
584.51	324.99
584.861	330.69
585.212	328.54
585.562	335.43
585.913	329.62
586.263	329.51
586.614	330.48
586.964	331.66
587.315	324.02
587.665	330.91
588.015	323.38
588.365	327.57
588.716	317.78
589.066	315.95
589.416	313.26
589.766	320.26
590.116	315.95
590.466	321.87
590.816	320.58
591.166	321.87
591.516	322.73
591.866	326.07
592.216	325.21
592.566	325.1
592.915	318.75
593.265	319.5
593.615	321.44
593.964	314.66
594.314	315.31
594.663	317.24
595.013	317.03
595.362	317.24
595.712	314.45
596.061	311.76
596.411	315.63
596.76	308.42
597.109	307.34
597.458	305.19
597.808	307.67
598.157	310.89
598.506	309.39
598.855	313.8
599.204	323.92
599.553	327.79
599.902	328.87
600.251	324.35
600.6	324.45
600.949	332.2
601.297	331.02
601.646	321.98
601.995	312.83
602.344	313.37
602.692	308.74
603.041	302.5
603.389	296.26
603.738	285.5
604.086	284.42
604.435	283.35
604.783	277.43
605.132	279.69
605.48	281.62
605.828	278.4
606.177	287.54
606.525	289.16
606.873	293.89
607.221	300.78
607.569	308.2
607.917	309.17
608.265	318.53
608.613	324.99
608.961	327.04
609.309	324.78
609.657	321.55
610.005	316.6
610.352	310.46
610.7	309.82
611.048	305.51
611.395	309.6
611.743	315.2
612.091	318.32
612.438	318.64
612.786	323.48
613.133	322.41
613.48	321.44
613.828	320.79
614.175	313.05
614.522	304.65
614.87	303.47
615.217	306.37
615.564	300.67
615.911	298.73
616.258	296.47
616.605	299.16
616.952	307.77
617.299	320.9
617.646	318.32
617.993	323.48
618.34	319.93
618.687	319.83
619.033	343.29
619.38	343.5
619.727	325.42
620.073	329.51
620.42	330.26
620.767	342.64
621.113	340.6
621.459	321.33
621.806	319.29
622.152	324.67
622.499	327.36
622.845	337.04
623.191	328.11
623.537	332.52
623.884	331.66
624.23	330.8
624.576	332.31
624.922	330.16
625.268	317.78
625.614	316.92
625.96	310.03
626.306	306.27
626.652	305.51
626.998	300.13
627.343	298.41
627.689	307.45
628.035	307.67
628.38	310.46
628.726	311.43
629.072	314.45
629.417	319.72
629.763	326.5
630.108	315.74
630.453	320.9
630.799	322.41
631.144	323.27
631.489	322.09
631.835	320.47
632.18	309.6
632.525	307.45
632.87	302.29
633.215	296.37
633.56	297.98
633.905	295.29
634.25	294.11
634.595	295.72
634.94	294.21
635.285	290.23
635.63	290.66
635.974	280.44
636.319	276.14
636.664	281.41
637.008	280.23
637.353	282.27
637.698	283.13
638.042	283.13
638.387	281.41
638.731	280.98
639.075	278.18
639.42	280.66
639.764	281.52
640.108	279.47
640.452	283.78
640.797	290.13
641.141	300.78
641.485	294.54
641.829	283.99
642.173	278.72
642.517	278.4
642.861	270.76
643.205	269.57
643.549	264.51
643.892	257.73
644.236	262.9
644.58	261.18
644.923	260.96
645.267	265.81
645.611	260.64
645.954	256.98
646.298	263.22
646.641	262.79
646.985	266.99
647.328	270.54
647.671	263.55
648.015	268.5
648.358	264.51
648.701	264.08
649.044	267.85
649.387	266.77
649.731	263.87
650.074	268.93
650.417	263.55
650.76	264.62
651.102	262.25
651.445	255.26
651.788	257.3
652.131	258.27
652.474	256.98
652.816	259.13
653.159	258.27
653.502	263.22
653.844	266.56
654.187	268.82
654.529	266.88
654.872	262.15
655.214	256.55
655.557	256.98
655.899	247.19
656.241	242.24
656.583	237.07
656.926	233.31
657.268	236.54
657.61	242.13
657.952	238.69
658.294	249.23
658.636	252.46
658.978	253
659.32	252.57
659.662	256.66
660.004	256.66
660.345	253.97
660.687	243.85
661.029	244.39
661.371	239.76
661.712	239.87
662.054	235.57
662.395	235.89
662.737	243.85
663.078	247.08
663.42	248.59
663.761	250.85
664.102	252.78
664.444	252.89
664.785	250.63
665.126	240.73
665.467	239.87
665.808	238.36
666.149	244.28
666.49	243.21
666.831	241.81
667.172	248.16
667.513	258.06
667.854	255.37
668.195	250.74
668.535	245.68
668.876	248.48
669.217	247.51
669.557	239.87
669.898	232.66
670.239	237.61
670.579	238.47
670.92	235.89
671.26	231.05
671.6	230.62
671.941	242.24
672.281	242.02
672.621	236.75
672.961	235.03
673.302	230.72
673.642	233.95
673.982	232.34
674.322	221.36
674.662	219.32
675.002	223.19
675.342	225.77
675.682	228.03
676.021	221.36
676.361	222.22
676.701	252.46
677.041	256.87
677.38	253.54
677.72	257.95
678.059	259.24
678.399	264.19
678.738	262.25
679.078	229.65
679.417	230.51
679.756	233.63
680.096	226.64
680.435	229.43
680.774	228.03
681.113	223.51
681.453	220.18
681.792	218.99
682.131	216.3
682.47	214.15
682.809	216.52
683.148	213.08
683.486	216.95
683.825	217.6
684.164	215.12
684.503	217.6
684.841	223.62
685.18	217.6
685.519	221.69
685.857	221.9
686.196	222.65
686.534	221.79
686.873	216.84
687.211	211.68
687.549	212.97
687.888	207.8
688.226	207.05
688.564	208.56
688.902	210.39
689.24	212.86
689.578	210.71
689.917	203.39
690.255	203.71
690.592	206.19
690.93	208.45
691.268	205.97
691.606	205.01
691.944	226.74
692.282	227.93
692.619	229.76
692.957	229.22
693.294	228.57
693.632	229.33
693.97	229.54
694.307	206.08
694.644	206.83
694.982	213.72
695.319	211.25
695.656	205.11
695.994	204.04
696.331	206.51
696.668	216.52
697.005	224.48
697.342	212.75
697.679	223.3
698.016	222.76
698.353	220.29
698.69	214.37
699.027	207.37
699.364	205.76
699.7	211.78
700.037	199.84
700.374	206.19
700.71	218.56
701.047	221.9
701.384	223.41
701.72	215.01
702.057	212.32
702.393	211.03
702.729	208.77
703.066	193.92
703.402	193.06
703.738	188.86
704.074	190.16
704.41	196.61
704.747	202.64
705.083	197.58
705.419	196.61
705.755	195.54
706.091	191.66
706.426	195.97
706.762	187.25
707.098	183.91
707.434	184.56
707.769	188.11
708.105	189.72
708.441	192.63
708.776	195.32
709.112	195.86
709.447	192.63
709.783	190.26
710.118	186.07
710.453	187.36
710.789	190.69
711.124	184.77
711.459	187.79
711.794	191.66
712.129	193.92
712.464	197.37
712.799	195.64
713.134	194.35
713.469	199.09
713.804	197.15
714.139	198.12
714.474	201.99
714.809	203.71
715.143	198.87
715.478	196.18
715.813	184.67
716.147	181.65
716.482	176.81
716.816	176.7
717.151	174.55
717.485	179.82
717.819	181.98
718.154	185.64
718.488	188.54
718.822	190.48
719.156	184.13
719.491	185.53
719.825	178.43
720.159	176.92
720.493	181.01
720.827	179.72
721.161	174.55
721.494	179.61
721.828	179.82
722.162	187.03
722.496	186.28
722.829	178.96
723.163	182.73
723.497	186.93
723.83	183.16
724.164	180.58
724.497	178.53
724.83	183.05
725.164	188.97
725.497	184.24
725.83	182.84
726.164	181.44
726.497	181.98
726.83	182.19
727.163	189.29
727.496	190.16
727.829	183.59
728.162	184.24
728.495	189.62
728.828	190.37
729.16	187.25
729.493	181.22
729.826	178.32
730.159	186.93
730.491	186.71
730.824	183.16
731.156	180.04
731.489	182.73
731.821	180.9
732.154	181.65
732.486	183.16
732.818	178.86
733.151	183.16
733.483	184.77
733.815	176.38
734.147	176.38
734.479	180.69
734.811	174.66
735.143	183.7
735.475	183.05
735.807	186.07
736.139	193.92
736.471	190.26
736.803	190.05
737.134	196.29
737.466	188.54
737.798	191.77
738.129	191.98
738.461	186.6
738.792	189.62
739.124	186.6
739.455	186.28
739.786	188.65
740.118	180.36
740.449	180.15
740.78	180.25
741.111	174.34
741.442	171.43
741.773	167.45
742.104	166.37
742.435	165.51
742.766	160.88
743.097	172.18
743.428	175.2
743.759	178.21
744.09	176.49
744.42	176.6
744.751	186.93
745.081	191.55
745.412	184.67
745.743	181.33
746.073	184.02
746.403	183.05
746.734	192.09
747.064	186.28
747.394	189.72
747.725	188
748.055	191.77
748.385	188.86
748.715	193.81
749.045	186.17
749.375	181.12
749.705	176.7
750.035	178.21
750.365	179.39
750.695	175.41
751.024	172.61
751.354	173.91
751.684	181.12
752.013	185.31
752.343	190.48
752.673	190.91
753.002	192.2
753.331	195.11
753.661	200.92
753.99	195.75
754.32	194.46
754.649	185.1
754.978	185.31
755.307	188.76
755.636	192.85
755.965	185.2
756.294	192.31
756.623	186.17
756.952	193.81
757.281	191.23
757.61	190.37
757.939	186.28
758.267	185.64
758.596	186.71
758.925	190.48
759.253	199.09
759.582	205.87
759.91	200.7
760.239	202.53
760.567	208.56
760.896	202.96
761.224	203.93
761.552	193.06
761.881	186.82
762.209	194.67
762.537	189.4
762.865	187.46
763.193	187.03
763.521	185.85
763.849	188.76
764.177	191.02
764.505	191.12
764.832	189.29
765.16	186.6
765.488	193.71
765.815	201.45
766.143	197.04
766.471	193.81
766.798	193.92
767.126	203.39
767.453	199.84
767.78	192.31
768.108	183.59
768.435	183.81
768.762	186.17
769.089	186.39
769.417	184.99
769.744	192.09
770.071	191.77
770.398	193.38
770.725	193.6
771.052	190.91
771.378	189.51
771.705	189.51
772.032	188.11
772.359	191.12
772.685	190.16
773.012	196.5
773.338	200.16
773.665	199.73
773.991	197.47
774.318	196.83
774.644	192.74
774.971	191.77
775.297	184.88
775.623	183.05
775.949	183.38
776.275	180.47
776.601	180.25
776.927	182.51
777.253	184.34
777.579	181.87
777.905	182.08
778.231	181.44
778.557	181.55
778.883	183.05
779.208	184.13
779.534	182.3
779.86	183.59
780.185	185.2
780.511	181.87
780.836	180.58
781.162	178.1
781.487	181.22
781.812	181.87
782.138	188.33
782.463	184.88
782.788	188
783.113	188.43
783.438	190.16
783.763	184.88
784.088	186.07
784.413	185.31
784.738	187.14
785.063	186.6
785.388	192.74
785.712	191.66
786.037	189.29
786.362	187.57
786.686	190.48
787.011	192.09
787.335	195.32
787.66	205.76
787.984	209.09
788.308	216.63
788.633	220.72
788.957	220.07
789.281	219.32
789.605	216.41
789.93	207.16
790.254	202.1
790.578	201.56
790.902	200.38
791.225	196.83
791.549	199.95
791.873	202.21
792.197	199.62
792.521	202.75
792.844	204.04
793.168	200.81
793.492	198.33
793.815	195
794.139	193.92
794.462	194.24
794.785	192.63
795.109	188.54
795.432	191.23
795.755	194.89
796.078	193.71
796.401	196.4
796.725	197.15
797.048	200.92
797.371	203.07
797.694	199.09
798.016	195
798.339	196.29
798.662	195.97
798.985	201.45
799.308	200.27
799.63	199.19
799.953	200.7
800.275	203.93
800.598	207.8
800.92	205.11
801.243	198.66
801.565	201.67
801.887	211.68
802.21	218.13
802.532	216.95
802.854	216.41
803.176	218.03
803.498	217.7
803.82	215.34
804.142	210.17
804.464	211.14
804.786	212.11
805.108	225.24
805.429	227.17
805.751	228.03
806.073	224.38
806.394	218.99
806.716	222.44
807.038	222.76
807.359	208.99
807.68	208.02
808.002	204.04
808.323	207.91
808.644	211.35
808.966	205.87
809.287	209.09
809.608	205.76
809.929	205.33
810.25	212.54
810.571	215.66
810.892	217.81
811.213	220.18
811.534	221.15
811.854	220.18
812.175	218.13
812.496	216.95
812.816	220.82
813.137	223.51
813.458	221.25
813.778	227.07
814.098	238.26
814.419	244.18
814.739	247.94
815.059	249.34
815.38	247.94
815.7	252.35
816.02	253.86
816.34	251.39
816.66	251.71
816.98	259.46
817.3	264.19
817.62	271.83
817.94	273.12
818.26	271.62
818.579	284.85
818.899	294.21
819.219	296.37
819.538	299.06
819.858	300.99
820.177	311.43
820.497	317.14
820.816	322.09
821.135	332.09
821.455	334.68
821.774	343.5
822.093	354.69
822.412	362.55
822.731	368.47
823.05	362.12
823.369	356.52
823.688	356.63
824.007	348.34
824.326	340.7
824.645	339.09
824.963	334.25
825.282	341.46
825.601	337.69
825.919	336.29
826.238	337.37
826.556	363.62
826.875	355.01
827.193	349.53
827.511	339.63
827.83	336.4
828.148	334.14
828.466	334.25
828.784	304.55
829.102	304.33
829.42	312.19
829.738	316.6
830.056	327.47
830.374	328.65
830.692	330.05
831.01	334.68
831.327	344.58
831.645	349.1
831.963	356.52
832.28	362.76
832.598	375.03
832.915	382.56
833.233	392.46
833.55	392.68
833.867	392.14
834.185	392.57
834.502	388.16
834.819	387.73
835.136	393.97
835.453	393.75
835.77	399.24
836.087	406.13
836.404	412.16
836.721	423.78
837.038	424.21
837.355	427.22
837.671	428.08
837.988	427.98
838.305	432.28
838.621	437.12
838.938	450.36
839.254	472.31
839.571	490.28
839.887	520.31
840.203	555.71
840.52	600.69
840.836	656.65
841.152	701.84
841.468	769.53
841.784	840.02
842.1	915.34
842.416	1002.19
842.732	1080.63
843.048	1156.5
843.364	1246.03
843.679	1322.33
843.995	1411.43
844.311	1493.11
844.626	1572.52
844.942	1663.46
845.257	1752.23
845.573	1825.62
845.888	1897.08
846.203	1958.09
846.519	2014.48
846.834	2063.12
847.149	2099.6
847.464	2141.68
847.779	2170.19
848.094	2197.74
848.409	2209.36
848.724	2225.4
849.039	2233.58
849.354	2233.9
849.669	2211.95
849.983	2203.45
850.298	2178.16
850.613	2165.03
850.927	2142.65
851.242	2113.16
851.556	2077.11
851.871	2045.69
852.185	2016.63
852.499	1992.31
852.814	1968.85
853.128	1980.8
853.442	1984.03
853.756	1999.09
854.07	2020.08
854.384	2051.93
854.698	2089.81
855.012	2136.3
855.326	2156.42
855.64	2210.23
855.953	2262.2
856.267	2314.61
856.581	2344.63
856.894	2379.28
857.208	2399.84
857.521	2413.29
857.835	2410.27
858.148	2396.5
858.461	2380.14
858.775	2374.55
859.088	2366.37
859.401	2349.15
859.714	2336.02
860.027	2344.85
860.34	2373.36
860.653	2403.93
860.966	2447.51
861.279	2519.5
861.592	2619.79
861.904	2738.7
862.217	2876.66
862.53	3037.97
862.842	3232.64
863.155	3456.79
863.467	3681.48
863.78	3944.16
864.092	4224.27
864.405	4531.18
864.717	4868.43
865.029	5190.62
865.341	5527.65
865.653	5895.57
865.966	6241.54
866.278	6595.37
866.589	6933.8
866.901	7227.9
867.213	7555.79
867.525	7868.08
867.837	8127.53
868.149	8368.04
868.46	8586.49
868.772	8791.6
869.083	8979.27
869.395	9124.33
869.706	9252.82
870.018	9405.84
870.329	9530.35
870.64	9677.34
870.952	9811.42
871.263	9941.85
871.574	10070.34
871.885	10199.25
872.196	10307.62
872.507	10453
872.818	10546.51
873.129	10627.87
873.44	10706.1
873.75	10783.58
874.061	10839.75
874.372	10863.21
874.682	10848.79
874.993	10824.8
875.303	10728.05
875.614	10649.18
875.924	10479.26
876.235	10292.23
876.545	10116.72
876.855	9902.36
877.165	9631.61
877.475	9396.15
877.786	9110.45
878.096	8817.1
878.406	8477.48
878.715	8091.7
879.025	7723.34
879.335	7382.65
879.645	7008.27
879.955	6625.39
880.264	6305.25
880.574	5996.84
880.883	5711.02
881.193	5435.75
881.502	5189.32
881.812	4967.54
882.121	4779.22
882.43	4622.54
882.74	4511.81
883.049	4455.85
883.358	4421.95
883.667	4427.76
883.976	4495.45
884.285	4602.63
884.594	4737.9
884.903	4895.01
885.212	5100.33
885.52	5364.51
885.829	5649.36
886.138	5978.54
886.446	6359.16
886.755	6770.45
887.063	7276.97
887.372	7837.09
887.68	8479.74
887.988	9218.38
888.297	10040.85
888.605	10962.32
888.913	12045.21
889.221	13162.64
889.529	14450.31
889.837	15806.32
890.145	17333.85
890.453	18986.97
890.761	20707.13
891.069	22490.56
891.377	24439.07
891.684	26405.98
891.992	28358.8
892.299	30259.42
892.607	32054.8
892.914	33869.98
893.222	35565.28
893.529	37229.27
893.837	38681.37
894.144	40060.08
894.451	41266.5
894.758	42278.48
895.065	43131.51
895.372	43859.39
895.679	44200.51
895.986	44619.12
896.293	44706.61
896.6	44561.22
896.907	44356.87
897.213	43936.01
897.52	43289.59
897.827	42506.72
898.133	41381.65
898.44	40314.79
898.746	39152.6
899.053	37870.09
899.359	36487.18
899.665	35073.82
899.972	33691.78
900.278	32280.35
900.584	30830.4
900.89	29434.91
901.196	27978.18
901.502	26605.49
901.808	25285.76
902.114	24040.16
902.419	22808.66
902.725	21664.33
903.031	20621.04
903.337	19791.25
903.642	19005.8
903.948	18398.77
904.253	17897.73
904.559	17659.27
904.864	17528.84
905.169	17585.99
905.475	17754.83
905.78	18139.75
906.085	18561.91
906.39	19105.13
906.695	19661.37
907	20343.62
907.305	21069.78
907.61	21779.47
907.915	22439.99
908.219	23124.61
908.524	23795.99
908.829	24348.25
909.133	24880.71
909.438	25252.83
909.743	25619.03
910.047	25882.24
910.351	26073.04
910.656	26173.44
910.96	26246.18
911.264	26258.77
911.568	26204
911.873	26099.83
912.177	25979.31
912.481	25827.36
912.785	25767.1
913.088	25727.5
913.392	25629.25
913.696	25581.58
914	25629.9
914.304	25739.34
914.607	25912.7
914.911	26015.25
915.214	26246.83
915.518	26502.08
915.821	26813.08
916.124	27076.08
916.428	27339.08
916.731	27660.94
917.034	27965.8
917.337	28085.04
917.64	28319.95
917.943	28535.6
918.246	28684.86
918.549	28776.76
918.852	28788.81
919.155	28919.56
919.458	29124.77
919.76	29341.5
920.063	29574.48
920.366	29944.55
920.668	30558.36
920.971	31241.37
921.273	32000.99
921.576	32987.14
921.878	33900.65
922.18	35144.2
922.482	36431.76
922.784	37808.54
923.087	39459.18
923.389	41230.99
923.691	43067.59
923.992	45129.52
924.294	47143.78
924.596	49272.64
924.898	51301.21
925.2	53063.23
925.501	54706.88
925.803	56218.71
926.104	57472.37
926.406	58423.44
926.707	59236.01
927.009	59858.64
927.31	60313.19
927.611	60617.62
927.912	60738.47
928.214	60794
928.515	60795.93
928.816	60569.52
929.117	60295.97
929.418	60033.4
929.719	59697.98
930.019	59283.36
930.32	58895.53
930.621	58406.65
930.922	57864.29
931.222	57160.95
931.523	56397.88
931.823	55602.42
932.124	54724.85
932.424	53880.75
932.724	52922.8
933.025	52177.7
933.325	51551.52
933.625	50923.28
933.925	50381.14
934.225	49891.3
934.525	49436
934.825	49141.03
935.125	48717.69
935.425	48100.97
935.724	47439.28
936.024	46505.75
936.324	45512.29
936.623	44445.87
936.923	43123.11
937.222	41631.3
937.522	40411.21
937.821	39081.9
938.12	37762.26
938.42	36398.51
938.719	34820.61
939.018	33532.3
939.317	32367.41
939.616	31006.56
939.915	29693.93
940.214	28673.99
940.513	27714.21
940.812	26998.81
941.111	26416.85
941.409	26035.27
941.708	25988.45
942.006	26243.81
942.305	26666.08
942.603	27464.34
942.902	28328.56
943.2	29391.11
943.499	30665.97
943.797	32117.86
944.095	33609.67
944.393	35254.82
944.691	36893.52
944.989	38638.11
945.287	40329.86
945.585	41894.41
945.883	43354.37
946.181	44971.76
946.479	46549.66
946.776	48196.86
947.074	49934.23
947.371	51534.94
947.669	53201.84
947.966	54792.32
948.264	56181.04
948.561	57218.63
948.858	58169.37
949.156	58860.01
949.453	59578.85
949.75	60033.3
950.047	60351.72
950.344	60654.21
950.641	60958.86
950.938	61077.12
951.235	61134.48
951.532	61000.82
951.828	60714.47
952.125	60257.77
952.422	59617.92
952.718	58812.67
953.015	57804.24
953.311	56758.05
953.607	55485.98
953.904	54104.26
954.2	52572.1
954.496	50667.49
954.792	48496.23
955.089	46186.79
955.385	43463.49
955.681	40627.83
955.976	37541.66
956.272	34512.42
956.568	31615.64
956.864	28882.22
957.16	26167.63
957.455	23723.03
957.751	21414.67
958.046	19366.51
958.342	17438.13
958.637	15738.63
958.933	14279.86
959.228	13253.9
959.523	12472.21
959.818	12076.74
960.114	12123.55
960.409	12580.04
960.704	13380.02
960.999	14533.07
961.294	15807.5
961.588	17512.16
961.883	19525.02
962.178	21831.45
962.473	24342.55
962.767	27000.64
963.062	29792.5
963.356	32916.55
963.651	35950.42
963.945	38973.32
964.239	42065.08
964.534	44963.26
964.828	47791.49
965.122	50360.05
965.416	52506.46
965.71	54358.65
966.004	55863.05
966.298	56941.1
966.592	57760.45
966.886	58361.88
967.18	58847.53
967.473	59232.02
967.767	59562.28
968.061	59759
968.354	59851.33
968.648	59795.8
968.941	59572.72
969.234	59082.98
969.528	58426.45
969.821	57587.62
970.114	56694.45
970.407	55498.57
970.7	54164.85
970.993	52660.55
971.286	51012.82
971.579	49037.08
971.872	46861.73
972.165	44369.78
972.457	41808.86
972.75	39224.59
973.043	36639.02
973.335	34079.07
973.628	31772
973.92	29587.5
974.213	27689.14
974.505	25889.24
974.797	24185.33
975.089	22584.51
975.382	21176.42
975.674	19829.24
975.966	18712.35
976.258	17708.98
976.55	16942.47
976.841	16356.96
977.133	15890.25
977.425	15548.48
977.717	15368.66
978.008	15197.99
978.3	15108.68
978.591	15068.75
978.883	15027.64
979.174	15013.01
979.465	15003.22
979.757	14961.14
980.048	14843.95
980.339	14687.06
980.63	14493.79
980.921	14264.68
981.212	13982.42
981.503	13615.9
981.794	13226.45
982.085	12817.1
982.376	12366.54
982.666	11857.97
982.957	11316.79
983.248	10775.73
983.538	10239.18
983.828	9669.27
984.119	9116.47
984.409	8547.21
984.7	7995.92
984.99	7458.41
985.28	6945.86
985.57	6452.57
985.86	5998.45
986.15	5577.26
986.44	5186.53
986.73	4835.18
987.02	4531.93
987.309	4260.97
987.599	4031.43
987.889	3832.57
988.178	3668.89
988.468	3539.43
988.757	3445.38
989.047	3356.82
989.336	3291.28
989.625	3230.16
989.915	3187.33
990.204	3155.37
990.493	3142.57
990.782	3121.9
991.071	3108.56
991.36	3084.46
991.649	3070.68
991.938	3045.72
992.226	3018.06
992.515	2975.55
992.804	2909.48
993.092	2843.84
993.381	2773.89
993.669	2683.82
993.958	2590.41
994.246	2482.37
994.534	2380.68
994.823	2281.46
995.111	2182.57
995.399	2085.61
995.687	1981.66
995.975	1887.5
996.263	1793.13
996.551	1692.08
996.839	1597.92
997.126	1499.99
997.414	1409.82
997.702	1343.1
997.989	1269.49
998.277	1200.19
998.564	1138.53
998.852	1085.15
999.139	1045.45
999.426	1007.78
999.713	967.86
1000.001	948.49
1000.288	931.06
1000.575	918.25
1000.862	893.28
1001.149	867.46
1001.436	855.51
1001.722	832.81
1002.009	806.98
1002.296	783.95
1002.582	758.13
1002.869	748.01
1003.156	732.3
1003.442	709.7
1003.728	691.62
1004.015	668.49
1004.301	648.36
1004.587	632.65
1004.873	617.59
1005.16	604.78
1005.446	592.19
1005.732	585.3
1006.017	574.76
1006.303	567.65
1006.589	562.49
1006.875	547.1
1007.161	535.48
1007.446	525.36
1007.732	512.56
1008.017	500.4
1008.303	491.14
1008.588	477.48
1008.873	473.49
1009.159	464.67
1009.444	453.8
1009.729	444.98
1010.014	438.31
1010.299	429.27
1010.584	426.58
1010.869	414.42
1011.154	411.73
1011.439	407.21
1011.723	406.78
1012.008	408.39
1012.293	404.95
1012.577	398.49
1012.862	392.68
1013.146	380.3
1013.43	374.82
1013.715	367.17
1013.999	359.32
1014.283	352.97
1014.567	351.57
1014.851	352.76
1015.135	352.97
1015.419	349.85
1015.703	345.65
1015.987	341.56
1016.271	342.1
1016.555	335.54
1016.838	330.8
1017.122	336.51
1017.405	333.92
1017.689	330.91
1017.972	327.9
1018.256	325.64
1018.539	324.02
1018.822	324.67
1019.105	315.09
1019.388	311.32
1019.671	310.03
1019.954	304.65
1020.237	303.68
1020.52	297.77
1020.803	293.14
1021.086	293.46
1021.368	294.75
1021.651	294.73
1021.934	299.38
1022.216	295.43
