339.735	85.07
340.108	69.74
340.482	56.01
340.855	42.11
341.228	29.2
341.602	8.1
341.975	-9.65
342.348	-16.65
342.721	-27.73
343.094	-31.28
343.468	-29.77
343.841	-30.1
344.214	-17.94
344.587	-11.91
344.96	-5.02
345.333	11.44
345.706	20.48
346.079	29.3
346.452	34.15
346.824	31.89
347.197	31.78
347.57	36.73
347.943	40.17
348.316	48.78
348.688	61.16
349.061	74.29
349.434	87.84
349.806	102.16
350.179	109.47
350.552	117.98
350.924	127.01
351.297	126.91
351.669	126.26
352.042	132.93
352.414	141.86
352.787	147.03
353.159	149.4
353.531	156.39
353.904	163.49
354.276	165.86
354.648	162.31
355.02	158.87
355.393	161.02
355.765	159.94
356.137	150.58
356.509	150.47
356.881	159.19
357.253	158.76
357.625	160.7
357.997	159.3
358.369	164.36
358.741	165.65
359.113	163.92
359.485	172.1
359.857	175.65
360.229	171.24
360.6	172
360.972	173.83
361.344	176.95
361.716	178.13
362.087	158.65
362.459	154.24
362.831	155.42
363.202	154.67
363.574	145.09
363.945	135.62
364.317	134.33
364.688	135.41
365.06	134.55
365.431	134.22
365.803	131.86
366.174	133.04
366.545	140.79
366.917	142.08
367.288	140.04
367.659	142.51
368.03	140.47
368.402	140.36
368.773	142.19
369.144	144.45
369.515	140.68
369.886	144.34
370.257	145.31
370.628	151.76
370.999	147.03
371.37	143.05
371.741	139.17
372.112	142.51
372.483	135.73
372.853	141.33
373.224	136.91
373.595	141.54
373.966	146.71
374.336	150.47
374.707	151.23
375.078	161.02
375.448	171.67
375.819	173.61
376.19	172.43
376.56	169.31
376.931	170.7
377.301	168.77
377.671	166.18
378.042	156.18
378.412	157.68
378.783	160.27
379.153	161.99
379.523	161.67
379.893	159.41
380.264	159.08
380.634	152.73
381.004	149.61
381.374	147.78
381.744	150.15
382.114	144.12
382.484	150.37
382.854	153.06
383.224	156.28
383.594	160.27
383.964	162.63
384.334	154.89
384.704	165.86
385.074	164.25
385.444	161.23
385.814	168.12
386.183	171.13
386.553	172
386.923	176.95
387.292	168.88
387.662	168.88
388.032	168.34
388.401	159.19
388.771	149.18
389.14	149.07
389.51	151.33
389.879	152.3
390.248	150.04
390.618	154.99
390.987	153.7
391.356	154.67
391.726	155.1
392.095	155.32
392.464	148.97
392.833	151.87
393.203	145.52
393.572	141.54
393.941	145.63
394.31	139.82
394.679	137.67
395.048	143.8
395.417	136.7
395.786	151.33
396.155	154.78
396.524	180.39
396.893	186.63
397.261	187.81
397.63	186.85
397.999	187.49
398.368	176.08
398.736	178.02
399.105	168.77
399.474	166.29
399.842	168.55
400.211	169.95
400.579	176.3
400.948	178.67
401.317	174.79
401.685	157.25
402.053	157.15
402.422	155.53
402.79	153.81
403.158	145.42
403.527	140.68
403.895	142.19
404.263	141.76
404.632	143.48
405	147.14
405.368	142.08
405.736	148
406.104	145.52
406.472	148.21
406.84	144.99
407.208	148.21
407.576	158.54
407.944	166.18
408.312	165.11
408.68	168.12
409.048	169.63
409.415	175.98
409.783	173.72
410.151	159.41
410.519	156.5
410.886	162.42
411.254	162.85
411.622	159.62
411.989	154.67
412.357	153.27
412.724	153.92
413.092	155.75
413.459	159.3
413.827	161.13
414.194	163.06
414.561	170.92
414.929	170.81
415.296	169.41
415.663	165.22
416.03	156.93
416.398	153.7
416.765	156.5
417.132	149.51
417.499	149.83
417.866	149.72
418.233	150.26
418.6	149.94
418.967	153.27
419.334	149.07
419.701	154.02
420.068	155.85
420.435	157.58
420.802	159.51
421.168	157.79
421.535	158.22
421.902	157.58
422.269	154.46
422.635	156.82
423.002	155.85
423.369	159.73
423.735	160.8
424.102	159.94
424.468	163.82
424.835	167.05
425.201	164.25
425.567	164.57
425.934	161.67
426.3	161.34
426.667	166.51
427.033	167.26
427.399	164.36
427.765	161.45
428.131	160.59
428.498	159.19
428.864	160.27
429.23	158.76
429.596	157.58
429.962	152.73
430.328	158.54
430.694	162.42
431.06	166.94
431.426	171.13
431.792	166.51
432.157	170.27
432.523	171.89
432.889	170.6
433.255	164.89
433.62	161.45
433.986	158.44
434.352	155.75
434.717	148.64
435.083	148.97
435.448	147.35
435.814	152.84
436.179	157.36
436.545	154.24
436.91	156.28
437.276	158.33
437.641	160.59
438.006	162.2
438.372	164.89
438.737	162.53
439.102	167.91
439.467	172.53
439.832	171.89
440.197	170.6
440.563	172.75
440.928	166.62
441.293	164.25
441.658	158.76
442.023	162.42
442.387	165.65
442.752	169.84
443.117	169.41
443.482	173.39
443.847	180.28
444.212	188.57
444.576	182.22
444.941	187.17
445.306	187.71
445.67	183.51
446.035	185.77
446.399	188.35
446.764	189.32
447.128	191.26
447.493	183.29
447.857	183.4
448.222	183.62
448.586	182.65
448.95	179.31
449.315	178.78
449.679	178.45
450.043	187.17
450.407	185.12
450.772	190.4
451.136	192.76
451.5	195.13
451.864	200.84
452.228	208.05
452.592	208.48
452.956	216.01
453.32	212.78
453.684	216.01
454.047	217.84
454.411	212.46
454.775	207.72
455.139	206.22
455.503	204.39
455.866	208.48
456.23	208.05
456.594	201.7
456.957	201.27
457.321	204.17
457.684	201.37
458.048	201.37
458.411	201.48
458.775	191.47
459.138	192.44
459.501	189.32
459.865	185.55
460.228	181.68
460.591	182
460.955	176.52
461.318	183.51
461.681	182.97
462.044	182.97
462.407	181.68
462.77	185.45
463.133	181.9
463.496	185.99
463.859	181.36
464.222	189.75
464.585	197.71
464.948	197.61
465.311	200.3
465.674	200.94
466.036	201.16
466.399	205.79
466.762	192.87
467.124	190.18
467.487	196.64
467.85	190.29
468.212	187.38
468.575	184.26
468.937	184.37
469.3	189.75
469.662	184.05
470.024	180.28
470.387	181.47
470.749	197.61
471.111	195.99
471.474	194.81
471.836	194.27
472.198	194.7
472.56	188.89
472.922	192.12
473.284	179.21
473.646	187.81
474.008	192.12
474.37	187.81
474.732	188.14
475.094	193.84
475.456	196.85
475.818	199.33
476.18	186.74
476.542	181.14
476.903	185.77
477.265	181.47
477.627	178.34
477.988	173.83
478.35	169.31
478.711	173.61
479.073	171.57
479.435	166.51
479.796	167.48
480.157	171.13
480.519	175.87
480.88	174.26
481.241	176.52
481.603	177.81
481.964	184.16
482.325	187.17
482.686	190.83
483.048	186.63
483.409	186.31
483.77	186.31
484.131	189.21
484.492	189.75
484.853	193.84
485.214	192.66
485.575	196.1
485.936	205.14
486.296	205.57
486.657	204.92
487.018	202.13
487.379	201.37
487.739	201.91
488.1	199.01
488.461	194.92
488.821	199.87
489.182	196.53
489.542	195.45
489.903	204.28
490.263	205.89
490.624	207.08
490.984	204.82
491.345	202.13
491.705	206.43
492.065	214.29
492.425	206.32
492.786	206.75
493.146	207.18
493.506	208.05
493.866	209.44
494.226	210.95
494.586	212.78
494.946	213.1
495.306	204.92
495.666	203.74
496.026	214.61
496.386	226.12
496.746	224.51
497.106	221.71
497.465	220.31
497.825	226.23
498.185	229.46
498.544	223.11
498.904	211.7
499.264	214.61
499.623	211.7
499.983	209.55
500.342	208.91
500.702	210.74
501.061	213.43
501.42	214.18
501.78	211.6
502.139	211.49
502.498	217.62
502.858	216.22
503.217	209.44
503.576	214.61
503.935	213.32
504.294	213.64
504.653	214.5
505.012	213.1
505.371	213.1
505.73	213.32
506.089	206.43
506.448	211.7
506.807	213.1
507.166	215.04
507.524	218.27
507.883	225.48
508.242	229.78
508.601	222.14
508.959	214.82
509.318	220.1
509.676	221.17
510.035	215.04
510.393	208.26
510.752	206.22
511.11	217.41
511.469	230.64
511.827	233.44
512.185	233.55
512.544	240.44
512.902	244.85
513.26	253.03
513.618	247.86
513.976	238.28
514.334	224.51
514.692	219.45
515.05	219.02
515.408	217.95
515.766	214.29
516.124	219.34
516.482	224.83
516.84	227.85
517.198	231.07
517.556	223
517.913	224.73
518.271	222.25
518.629	217.95
518.986	218.27
519.344	228.6
519.701	226.55
520.059	233.66
520.416	234.3
520.774	236.13
521.131	244.42
521.489	244.2
521.846	248.61
522.203	260.67
522.561	261.74
522.918	264.54
523.275	277.02
523.632	274.76
523.989	273.8
524.346	263.36
524.703	257.98
525.06	260.88
525.417	260.13
525.774	251.09
526.131	251.2
526.488	259.91
526.845	265.19
527.202	268.42
527.559	265.4
527.915	271.11
528.272	269.49
528.629	272.61
528.985	269.17
529.342	274.76
529.698	274.12
530.055	281.11
530.411	273.8
530.768	280.14
531.124	279.5
531.48	274.23
531.837	267.34
532.193	268.63
532.549	264.86
532.906	273.04
533.262	268.95
533.618	269.71
533.974	273.47
534.33	279.82
534.686	279.18
535.042	278.75
535.398	270.24
535.754	273.8
536.11	269.06
536.466	268.42
536.821	264.65
537.177	270.14
537.533	268.31
537.889	277.99
538.244	278.85
538.6	287.14
538.955	288.54
539.311	287.79
539.667	283.27
540.022	289.61
540.377	288.22
540.733	284.45
541.088	279.39
541.444	277.56
541.799	278.85
542.154	283.59
542.509	283.05
542.864	277.13
543.22	281.87
543.575	280.36
543.93	280.14
544.285	280.25
544.64	274.44
544.995	273.37
545.35	277.56
545.705	271.64
546.059	271.43
546.414	276.16
546.769	282.4
547.124	285.2
547.478	284.99
547.833	289.08
548.188	293.06
548.542	297.25
548.897	294.99
549.251	292.3
549.606	284.56
549.96	288
550.315	285.09
550.669	278.32
551.023	275.19
551.378	275.73
551.732	274.98
552.086	290.58
552.44	287.57
552.794	288
553.148	290.69
553.502	291.01
553.856	291.34
554.21	286.6
554.564	277.02
554.918	274.66
555.272	270.78
555.626	273.69
555.98	300.38
556.334	298.01
556.687	299.19
557.041	305.76
557.395	311.46
557.748	318.24
558.102	317.7
558.455	294.67
558.809	300.16
559.162	301.99
559.516	300.91
559.869	299.84
560.222	295.86
560.576	296.93
560.929	300.59
561.282	296.61
561.635	299.73
561.988	300.27
562.342	301.24
562.695	303.93
563.048	302.96
563.401	296.72
563.754	298.87
564.107	298.33
564.459	297.25
564.812	302.1
565.165	301.56
565.518	307.05
565.871	315.12
566.223	313.72
566.576	314.58
566.929	311.35
567.281	304.68
567.634	304.14
567.986	307.15
568.339	300.7
568.691	298.76
569.044	300.81
569.396	305.86
569.748	310.71
570.1	317.59
570.453	319.53
570.805	323.94
571.157	333.63
571.509	333.73
571.861	331.91
572.213	330.61
572.565	330.61
572.917	338.58
573.269	339.87
573.621	335.56
573.973	340.73
574.325	343.64
574.677	345.79
575.028	341.91
575.38	331.69
575.732	333.41
576.083	338.04
576.435	332.87
576.786	335.89
577.138	339.22
577.489	338.58
577.841	337.72
578.192	332.77
578.543	332.66
578.895	332.77
579.246	330.72
579.597	328.14
579.948	330.18
580.3	335.78
580.651	338.25
581.002	333.09
581.353	331.48
581.704	330.94
582.055	329.11
582.406	324.91
582.757	320.82
583.107	319.64
583.458	321.36
583.809	326.85
584.16	324.16
584.51	324.7
584.861	323.3
585.212	326.63
585.562	330.61
585.913	326.63
586.263	322.76
586.614	328.35
586.964	326.31
587.315	326.52
587.665	326.42
588.015	325.66
588.365	333.2
588.716	338.79
589.066	333.95
589.416	332.44
589.766	333.84
590.116	325.88
590.466	323.73
590.816	316.84
591.166	314.04
591.516	308.45
591.866	308.55
592.216	317.81
592.566	318.67
592.915	319.96
593.265	326.31
593.615	325.99
593.964	327.28
594.314	331.04
594.663	320.93
595.013	325.23
595.362	323.4
595.712	317.49
596.061	312.32
596.411	316.52
596.76	312.21
597.109	314.26
597.458	316.41
597.808	319.31
598.157	325.66
598.506	322.44
598.855	320.28
599.204	326.85
599.553	337.39
599.902	335.56
600.251	332.44
600.6	324.91
600.949	332.01
601.297	336.53
601.646	334.27
601.995	333.73
602.344	334.38
602.692	336.64
603.041	338.47
603.389	334.49
603.738	327.82
604.086	325.13
604.435	311.24
604.783	308.98
605.132	309.09
605.48	314.9
605.828	318.88
606.177	328.25
606.525	332.87
606.873	339.98
607.221	341.81
607.569	340.51
607.917	332.66
608.265	334.92
608.613	328.14
608.961	321.9
609.309	318.78
609.657	313.61
610.005	307.05
610.352	313.29
610.7	306.62
611.048	306.08
611.395	309.31
611.743	308.34
612.091	308.88
612.438	317.06
612.786	318.56
613.133	320.61
613.48	324.91
613.828	325.77
614.175	323.73
614.522	322.87
614.87	321.25
615.217	318.88
615.564	318.02
615.911	316.09
616.258	317.16
616.605	322.65
616.952	325.77
617.299	328.03
617.646	324.05
617.993	327.28
618.34	327.06
618.687	320.93
619.033	349.02
619.38	348.8
619.727	349.77
620.073	358.05
620.42	359.78
620.767	362.25
621.113	366.34
621.459	341.48
621.806	349.77
622.152	346.33
622.499	341.27
622.845	346.33
623.191	343.42
623.537	342.67
623.884	342.56
624.23	332.34
624.576	327.49
624.922	328.14
625.268	320.28
625.614	318.78
625.96	317.7
626.306	306.72
626.652	303.28
626.998	311.89
627.343	308.12
627.689	309.31
628.035	311.89
628.38	311.03
628.726	318.99
629.072	325.45
629.417	321.79
629.763	324.48
630.108	324.59
630.453	325.99
630.799	328.57
631.144	323.51
631.489	321.57
631.835	321.25
632.18	319.85
632.525	317.38
632.87	313.4
633.215	312.64
633.56	312.43
633.905	312.32
634.25	310.38
634.595	311.57
634.94	305.33
635.285	307.59
635.63	301.24
635.974	299.62
636.319	295.86
636.664	293.6
637.008	291.44
637.353	301.24
637.698	299.19
638.042	303.28
638.387	301.99
638.731	300.59
639.075	301.99
639.42	303.39
639.764	293.6
640.108	293.17
640.452	292.41
640.797	289.51
641.141	295.96
641.485	294.03
641.829	292.09
642.173	294.35
642.517	287.68
642.861	282.51
643.205	289.29
643.549	280.25
643.892	279.07
644.236	279.07
644.58	280.14
644.923	282.73
645.267	283.37
645.611	276.59
645.954	280.25
646.298	277.56
646.641	274.44
646.985	274.87
647.328	276.81
647.671	276.81
648.015	278.42
648.358	276.59
648.701	279.28
649.044	278.53
649.387	274.87
649.731	272.4
650.074	274.55
650.417	268.31
650.76	270.24
651.102	270.14
651.445	271.97
651.788	274.12
652.131	277.02
652.474	276.49
652.816	284.88
653.159	284.02
653.502	282.94
653.844	276.92
654.187	276.27
654.529	265.08
654.872	261.42
655.214	259.16
655.557	258.19
655.899	256.79
656.241	258.62
656.583	250.87
656.926	260.13
657.268	263.9
657.61	263.79
657.952	267.45
658.294	268.63
658.636	269.71
658.978	272.61
659.32	268.42
659.662	268.09
660.004	265.08
660.345	257.55
660.687	257.01
661.029	248.08
661.371	250.77
661.712	247
662.054	241.73
662.395	244.96
662.737	249.69
663.078	244.85
663.42	252.38
663.761	248.4
664.102	254.53
664.444	251.52
664.785	246.68
665.126	245.92
665.467	251.09
665.808	252.92
666.149	261.64
666.49	263.57
666.831	264.33
667.172	272.61
667.513	268.63
667.854	260.99
668.195	260.34
668.535	260.45
668.876	256.69
669.217	255.18
669.557	245.17
669.898	243.13
670.239	247
670.579	249.48
670.92	238.18
671.26	239.79
671.6	239.04
671.941	253.13
672.281	248.83
672.621	243.88
672.961	235.06
673.302	232.8
673.642	228.38
673.982	230.11
674.322	224.73
674.662	231.93
675.002	240.33
675.342	239.14
675.682	239.58
676.021	235.49
676.361	233.98
676.701	264.54
677.041	260.88
677.38	254.43
677.72	255.5
678.059	256.58
678.399	256.04
678.738	256.36
679.078	215.79
679.417	212.78
679.756	213.21
680.096	210.31
680.435	212.67
680.774	216.65
681.113	217.62
681.453	219.88
681.792	215.9
682.131	212.35
682.47	214.29
682.809	216.55
683.148	214.5
683.486	214.82
683.825	212.13
684.164	211.7
684.503	213.75
684.841	213.96
685.18	210.41
685.519	210.41
685.857	209.77
686.196	204.6
686.534	204.82
686.873	205.68
687.211	204.28
687.549	195.13
687.888	192.87
688.226	188.03
688.564	194.27
688.902	201.16
689.24	204.71
689.578	202.13
689.917	207.08
690.255	207.83
690.592	214.29
690.93	211.17
691.268	207.94
691.606	206.54
691.944	236.02
692.282	240.33
692.619	238.07
692.957	243.45
693.294	246.79
693.632	245.6
693.97	239.58
694.307	208.15
694.644	209.12
694.982	219.13
695.319	218.38
695.656	217.62
695.994	220.21
696.331	220.42
696.668	226.66
697.005	226.34
697.342	221.17
697.679	224.08
698.016	222.57
698.353	222.57
698.69	220.64
699.027	221.39
699.364	215.36
699.7	215.69
700.037	203.1
700.374	195.13
700.71	191.47
701.047	191.26
701.384	184.91
701.72	181.47
702.057	171.67
702.393	172.21
702.729	179.74
703.066	185.45
703.402	182.76
703.738	185.99
704.074	189.11
704.41	205.46
704.747	203.42
705.083	198.58
705.419	191.26
705.755	196.42
706.091	193.63
706.426	197.28
706.762	188.57
707.098	189
707.434	194.59
707.769	195.02
708.105	196.42
708.441	193.95
708.776	195.35
709.112	190.29
709.447	195.89
709.783	194.27
710.118	196.85
710.453	194.06
710.789	199.65
711.124	192.01
711.459	192.44
711.794	191.47
712.129	185.55
712.464	185.02
712.799	186.85
713.134	182.97
713.469	195.89
713.804	199.22
714.139	189.11
714.474	196.75
714.809	201.16
715.143	203.2
715.478	203.96
715.813	197.07
716.147	196.64
716.482	202.88
716.816	201.7
717.151	195.67
717.485	193.3
717.819	191.04
718.154	194.27
718.488	200.41
718.822	202.34
719.156	197.61
719.491	198.25
719.825	196.85
720.159	196.75
720.493	194.27
720.827	189.32
721.161	187.28
721.494	193.09
721.828	196.21
722.162	199.01
722.496	201.7
722.829	198.47
723.163	195.99
723.497	198.68
723.83	203.96
724.164	200.94
724.497	194.16
724.83	192.33
725.164	192.23
725.497	193.52
725.83	189.21
726.164	176.41
726.497	178.45
726.83	186.2
727.163	196.64
727.496	194.27
727.829	189.11
728.162	192.01
728.495	196.64
728.828	190.72
729.16	181.47
729.493	169.41
729.826	172.64
730.159	177.27
730.491	172.86
730.824	173.72
731.156	179.74
731.489	187.06
731.821	194.16
732.154	192.01
732.486	195.67
732.818	194.06
733.151	189.32
733.483	187.49
733.815	186.09
734.147	185.77
734.479	186.52
734.811	183.83
735.143	190.29
735.475	192.87
735.807	191.58
736.139	195.13
736.471	191.69
736.803	194.81
737.134	190.4
737.466	187.38
737.798	192.55
738.129	199.01
738.461	199.44
738.792	203.1
739.124	200.19
739.455	205.68
739.786	206.75
740.118	210.31
740.449	206.65
740.78	202.56
741.111	199.44
741.442	198.68
741.773	196.21
742.104	195.67
742.435	192.87
742.766	190.94
743.097	197.18
743.428	195.67
743.759	199.22
744.09	191.9
744.42	189.54
744.751	188.78
745.081	191.69
745.412	184.26
745.743	185.45
746.073	183.51
746.403	189.21
746.734	193.41
747.064	189
747.394	187.92
747.725	185.45
748.055	187.81
748.385	186.85
748.715	188.14
749.045	187.38
749.375	186.95
749.705	181.79
750.035	182.22
750.365	180.6
750.695	178.56
751.024	174.79
751.354	171.03
751.684	174.15
752.013	177.7
752.343	182.54
752.673	182.97
753.002	188.57
753.331	186.95
753.661	193.41
753.99	192.01
754.32	191.58
754.649	187.06
754.978	187.49
755.307	184.37
755.636	188.46
755.965	191.37
756.294	191.47
756.623	185.02
756.952	188.46
757.281	191.26
757.61	194.49
757.939	197.39
758.267	194.92
758.596	194.38
758.925	198.04
759.253	205.14
759.582	204.28
759.91	204.06
760.239	203.42
760.567	204.82
760.896	209.12
761.224	213.43
761.552	211.17
761.881	212.67
762.209	211.6
762.537	208.05
762.865	207.51
763.193	206.22
763.521	201.05
763.849	192.33
764.177	189.86
764.505	184.59
764.832	186.09
765.16	185.45
765.488	189.43
765.815	199.76
766.143	206.22
766.471	206.43
766.798	220.21
767.126	216.22
767.453	213.96
767.78	206.54
768.108	202.99
768.435	201.37
768.762	201.37
769.089	194.81
769.417	201.48
769.744	200.3
770.071	202.13
770.398	199.65
770.725	196.53
771.052	194.27
771.378	191.9
771.705	192.66
772.032	194.81
772.359	189.64
772.685	192.12
773.012	196.96
773.338	199.22
773.665	201.7
773.991	200.62
774.318	198.36
774.644	203.96
774.971	204.6
775.297	202.77
775.623	200.19
775.949	193.95
776.275	193.09
776.601	198.47
776.927	200.41
777.253	202.45
777.579	203.85
777.905	201.59
778.231	210.95
778.557	213.86
778.883	213.75
779.208	214.61
779.534	212.67
779.86	206.65
780.185	210.2
780.511	206.11
780.836	204.39
781.162	192.12
781.487	184.8
781.812	178.78
782.138	176.08
782.463	180.17
782.788	182.22
783.113	180.39
783.438	186.31
783.763	190.18
784.088	189.86
784.413	198.04
784.738	194.59
785.063	187.71
785.388	192.12
785.712	193.3
786.037	192.44
786.362	197.82
786.686	197.93
787.011	196.96
787.335	201.37
787.66	208.8
787.984	209.66
788.308	211.06
788.633	204.71
788.957	202.66
789.281	207.94
789.605	205.57
789.93	192.23
790.254	191.47
790.578	189.54
790.902	194.92
791.225	192.44
791.549	185.45
791.873	187.49
792.197	191.9
792.521	197.18
792.844	203.53
793.168	202.02
793.492	201.48
793.815	202.88
794.139	199.65
794.462	199.33
794.785	195.56
795.109	194.92
795.432	198.9
795.755	205.79
796.078	204.92
796.401	205.68
796.725	208.48
797.048	206.22
797.371	200.94
797.694	197.28
798.016	193.3
798.339	196.21
798.662	196.64
798.985	197.39
799.308	198.25
799.63	199.44
799.953	202.56
800.275	202.34
800.598	199.87
800.92	201.7
801.243	201.59
801.565	205.03
801.887	208.91
802.21	208.26
802.532	209.01
802.854	209.66
803.176	214.18
803.498	209.34
803.82	209.23
804.142	204.28
804.464	200.84
804.786	204.71
805.108	214.5
805.429	211.06
805.751	213.43
806.073	206.75
806.394	210.2
806.716	214.18
807.038	211.92
807.359	205.14
807.68	206.43
808.002	208.37
808.323	215.26
808.644	214.5
808.966	215.36
809.287	216.76
809.608	215.79
809.929	218.27
810.25	220.96
810.571	221.6
810.892	223.11
811.213	226.98
811.534	222.9
811.854	220.74
812.175	218.59
812.496	213.64
812.816	211.81
813.137	214.5
813.458	209.55
813.778	214.5
814.098	221.5
814.419	222.57
814.739	231.72
815.059	235.92
815.38	239.79
815.7	246.46
816.02	251.84
816.34	255.93
816.66	258.95
816.98	261.21
817.3	268.74
817.62	271.54
817.94	277.88
818.26	286.39
818.579	294.67
818.899	301.02
819.219	307.05
819.538	313.18
819.858	318.99
820.177	322.54
820.497	326.2
820.816	328.25
821.135	338.9
821.455	342.99
821.774	347.62
822.093	352.57
822.412	357.95
822.731	355.58
823.05	358.92
823.369	357.73
823.688	350.09
824.007	345.25
824.326	337.39
824.645	336.96
824.963	330.94
825.282	327.28
825.601	322.01
825.919	325.66
826.238	320.82
826.556	345.03
826.875	339.87
827.193	342.67
827.511	336.96
827.83	336.1
828.148	335.35
828.466	345.03
828.784	328.89
829.102	334.92
829.42	342.67
829.738	355.9
830.056	361.5
830.374	372.47
830.692	378.18
831.01	386.14
831.327	393.78
831.645	404.76
831.963	414.66
832.28	434.35
832.598	439.41
832.915	444.57
833.233	448.34
833.55	457.7
833.867	461.68
834.185	468.25
834.502	464.91
834.819	467.82
835.136	469.75
835.453	476
835.77	474.06
836.087	472.34
836.404	464.27
836.721	462.76
837.038	465.45
837.355	468.25
837.671	465.24
837.988	475.78
838.305	486.22
838.621	506.67
838.938	529.59
839.254	566.93
839.571	604.59
839.887	646.77
840.203	687.67
840.52	740.4
840.836	798.51
841.152	864.15
841.468	921.29
841.784	991.34
842.1	1067.53
842.416	1146.3
842.732	1233.68
843.048	1314.93
843.364	1392.09
843.679	1468.6
843.995	1539.94
844.311	1605.59
844.626	1668.43
844.942	1718.58
845.257	1767.86
845.573	1803.48
845.888	1830.82
846.203	1856.43
846.519	1882.79
846.834	1898.83
847.149	1909.27
847.464	1910.56
847.779	1906.79
848.094	1903.13
848.409	1885.59
848.724	1862.67
849.039	1834.58
849.354	1793.37
849.669	1750.86
849.983	1715.24
850.298	1668.65
850.613	1635.5
850.927	1599.99
851.242	1557.59
851.556	1534.13
851.871	1514.12
852.185	1494.21
852.499	1488.29
852.814	1478.18
853.128	1505.72
853.442	1532.2
853.756	1550.06
854.07	1573.84
854.384	1620.55
854.698	1662.3
855.012	1719.76
855.326	1741.93
855.64	1784.44
855.953	1844.48
856.267	1896.35
856.581	1932.72
856.894	1979.53
857.208	2018.71
857.521	2055.4
857.835	2081.98
858.148	2087.47
858.461	2107.16
858.775	2128.47
859.088	2139.01
859.401	2141.81
859.714	2154.94
860.027	2180.87
860.34	2209.82
860.653	2239.2
860.966	2279.23
861.279	2324.75
861.592	2393.41
861.904	2459.59
862.217	2533.41
862.53	2639.84
862.842	2757.02
863.155	2876.79
863.467	3026.16
863.78	3156.58
864.092	3325.96
864.405	3502.12
864.717	3674.41
865.029	3834.75
865.341	4022.63
865.653	4194.92
865.966	4393.35
866.278	4562.09
866.589	4739
866.901	4910.96
867.213	5077.76
867.525	5226.8
867.837	5371.54
868.149	5489.69
868.46	5617
868.772	5732.25
869.083	5837.17
869.395	5973.51
869.706	6089.95
870.018	6202.72
870.329	6320.34
870.64	6447.54
870.952	6585.17
871.263	6719.58
871.574	6828.37
871.885	6958.37
872.196	7093.96
872.507	7253.22
872.818	7392.14
873.129	7523.97
873.44	7655.58
873.75	7801.39
874.061	7914.49
874.372	8022.74
874.682	8114.97
874.993	8192.55
875.303	8240.44
875.614	8269.17
875.924	8257.98
876.235	8244.32
876.545	8219.13
876.855	8143.05
877.165	8040.5
877.475	7932.14
877.786	7806.45
878.096	7624.58
878.406	7389.24
878.715	7112.68
879.025	6845.37
879.335	6551.7
879.645	6206.27
879.955	5858.26
880.264	5545.33
880.574	5238.31
880.883	4935.39
881.193	4621.27
881.502	4332.77
881.812	4075.79
882.121	3834.42
882.43	3601.98
882.74	3416.57
883.049	3275.28
883.358	3168.2
883.667	3110.42
883.976	3093.95
884.285	3103.96
884.594	3166.81
884.903	3260.43
885.212	3398.71
885.52	3605.75
885.829	3826.89
886.138	4084.83
886.446	4416.6
886.755	4779.35
887.063	5212.27
887.372	5694.15
887.68	6218.76
887.988	6847.85
888.297	7585.2
888.605	8410.36
888.913	9357.87
889.221	10380.39
889.529	11563.57
889.837	12811.21
890.145	14151.18
890.453	15616.41
890.761	17127.37
891.069	18691.61
891.377	20349.78
891.684	22022.81
891.992	23659.57
892.299	25265.01
892.607	26762.96
892.914	28239.59
893.222	29634.55
893.529	30937.29
893.837	32017.16
894.144	33092.09
894.451	34045.74
894.758	34781.79
895.065	35380
895.372	35863.71
895.679	36100.03
895.986	36439.43
896.293	36400.37
896.6	36176.11
896.907	35943.24
897.213	35567.03
897.52	35040.7
897.827	34362.97
898.133	33408.03
898.44	32572.54
898.746	31667.43
899.053	30688.92
899.359	29662.96
899.665	28566.62
899.972	27570.9
900.278	26568.4
900.584	25584.62
900.89	24673.15
901.196	23744.26
901.502	22897.68
901.808	22105.02
902.114	21390.59
902.419	20721.68
902.725	20091.84
903.031	19567.45
903.337	19164.34
903.642	18776.3
903.948	18565.92
904.253	18409.13
904.559	18397.51
904.864	18468.64
905.169	18654.91
905.475	18923.4
905.78	19332.64
906.085	19760.5
906.39	20271.76
906.695	20811.86
907	21426.21
907.305	22049.49
907.61	22662.88
907.915	23268.94
908.219	23875
908.524	24497.53
908.829	25058.94
909.133	25629.92
909.438	26117.29
909.743	26661.05
910.047	27119.58
910.351	27592.53
910.656	28024.8
910.96	28469.66
911.264	28940.89
911.568	29377.04
911.873	29775.63
912.177	30215
912.481	30677.84
912.785	31279.71
913.088	31881.25
913.392	32427.48
913.696	32995.78
914	33640.69
914.304	34332.95
914.607	35037.37
914.911	35560.57
915.214	36222.49
915.518	36854.59
915.821	37466.68
916.124	38019.37
916.428	38496.63
916.731	38986.15
917.034	39426.28
917.337	39603.51
917.64	39930.43
917.943	40222.81
918.246	40340.86
918.549	40361.52
918.852	40244.98
919.155	40275.76
919.458	40316.76
919.76	40292.22
920.063	40203.23
920.366	40254.02
920.668	40552.64
920.971	40869.34
921.273	41176.24
921.576	41680.72
921.878	42025.29
922.18	42743.17
922.482	43436.07
922.784	44135.33
923.087	45070.14
923.389	46014.86
923.691	46998.74
923.992	48171.92
924.294	49289.89
924.596	50589.93
924.898	51843.38
925.2	52924.12
925.501	54009.91
925.803	55078.92
926.104	55985.86
926.406	56653.16
926.707	57229.31
927.009	57671.37
927.31	57991.19
927.611	58186.83
927.912	58215.34
928.214	58202.32
928.515	58127.96
928.816	57829.99
929.117	57461.53
929.418	57081.45
929.719	56633.68
930.019	56078.84
930.32	55571.02
930.621	54947.2
930.922	54243.75
931.222	53402.99
931.523	52444.18
931.823	51452.97
932.124	50326.61
932.424	49185.5
932.724	47811.21
933.025	46613.28
933.325	45471.32
933.625	44329.67
933.925	43212.56
934.225	42173.04
934.525	41176.46
934.825	40525.74
935.125	39800.22
935.425	39038.02
935.724	38274.3
936.024	37358.21
936.324	36524.77
936.623	35637.73
936.923	34479.08
937.222	33242.74
937.522	32155.77
937.821	31066.21
938.12	30017.11
938.42	28876.22
938.719	27644.5
939.018	26761.77
939.317	25988.48
939.616	25187.64
939.915	24414.67
940.214	23942.15
940.513	23559.27
940.812	23363.21
941.111	23271.63
941.409	23393.66
941.708	23711.11
942.006	24319.44
942.305	25009.22
942.603	25999.35
942.902	26992.28
943.2	28116.27
943.499	29316.67
943.797	30595.52
944.095	31852.41
944.393	33190.23
944.691	34471.12
944.989	35838.42
945.287	37190.77
945.585	38412.8
945.883	39644.62
946.181	41023.98
946.479	42489.31
946.776	44083.35
947.074	45814.16
947.371	47407.23
947.669	49197.45
947.966	50913.63
948.264	52482.7
948.561	53666.42
948.858	54811.61
949.156	55707.9
949.453	56644.33
949.75	57274.61
950.047	57760.58
950.344	58173.7
950.641	58595.21
950.938	58758.78
951.235	58823.24
951.532	58656.76
951.828	58333.29
952.125	57821.6
952.422	57138.27
952.718	56357.98
953.015	55462.34
953.311	54612.53
953.607	53613.37
953.904	52611.51
954.2	51582.86
954.496	50303.04
954.792	48788.2
955.089	47116.9
955.385	45022.58
955.681	42893.93
955.976	40435.02
956.272	38046.17
956.568	35765.36
956.864	33660.7
957.16	31617.17
957.455	29857.2
957.751	28149.52
958.046	26738.64
958.342	25463.56
958.637	24357.1
958.933	23491.37
959.228	23061.68
959.523	22922.43
959.818	23168.86
960.114	23869.19
960.409	24909.47
960.704	26260.41
960.999	27833.25
961.294	29342.07
961.588	31150.14
961.883	33108.98
962.178	35148.75
962.473	37258.89
962.767	39347.29
963.062	41458.29
963.356	43822.61
963.651	45926.62
963.945	47936.57
964.239	49911.88
964.534	51642.26
964.828	53380.17
965.122	54925.9
965.416	56138.89
965.71	57201.97
966.004	58038
966.298	58603.93
966.592	58959.8
966.886	59104.21
967.18	59119.49
967.473	59044.38
967.767	58913.52
968.061	58698.95
968.354	58425.29
968.648	58016.69
968.941	57495.32
969.234	56740.54
969.528	55816.05
969.821	54691.2
970.114	53431.18
970.407	51776.34
970.7	50032.29
970.993	48109.61
971.286	46106.54
971.579	43801.95
971.872	41432.25
972.165	38900.06
972.457	36400.37
972.75	33894.43
973.043	31434.34
973.335	28972.53
973.628	26869.49
973.92	24842.86
974.213	23112.9
974.505	21579.13
974.797	20217.53
975.089	18992.81
975.382	17998.59
975.674	17062.49
975.966	16288.66
976.258	15612.64
976.55	15126.57
976.841	14757.89
977.133	14543.1
977.425	14440.33
977.717	14440.44
978.008	14500.92
978.3	14600.24
978.591	14720.34
978.883	14849.79
979.174	14924.37
979.465	14956.43
979.757	14964.07
980.048	14889.07
980.339	14735.62
980.63	14542.67
980.921	14271.71
981.212	13935.74
981.503	13555.45
981.794	13166.22
982.085	12770.75
982.376	12379.26
982.666	11896.63
982.957	11456.39
983.248	11017.77
983.538	10578.72
983.828	10067.35
984.119	9527.04
984.409	8968.11
984.7	8443.83
984.99	7862.19
985.28	7295.94
985.57	6741.42
985.86	6229.52
986.15	5784.12
986.44	5344.85
986.73	4949.49
987.02	4614.39
987.309	4313.94
987.599	4080.85
987.889	3885.32
988.178	3723.15
988.468	3599.62
988.757	3498.46
989.047	3402.37
989.336	3345.12
989.625	3260
989.915	3186.5
990.204	3119.13
990.493	3057.26
990.782	2996.78
991.071	2941.36
991.36	2883.25
991.649	2823.31
991.938	2760.47
992.226	2686.65
992.515	2623.48
992.804	2564.4
993.092	2498.65
993.381	2429.46
993.669	2352.3
993.958	2264.38
994.246	2174.96
994.534	2084.56
994.823	1986.85
995.111	1890
995.399	1793.05
995.687	1711.05
995.975	1621.41
996.263	1542.96
996.551	1452.13
996.839	1371.32
997.126	1289
997.414	1216.9
997.702	1149.53
997.989	1094.65
998.277	1040.09
998.564	1002.97
998.852	968.32
999.139	942.17
999.426	910.96
999.713	880.94
1000.001	868.88
1000.288	850.91
1000.575	836.28
1000.862	816.8
1001.149	805.93
1001.436	798.18
1001.722	786.56
1002.009	763.96
1002.296	751.7
1002.582	732.33
1002.869	709.83
1003.156	690.14
1003.442	668.3
1003.728	653.12
1004.015	640.75
1004.301	625.47
1004.587	609
1004.873	595.55
1005.16	577.8
1005.446	567.25
1005.732	554.77
1006.017	539.16
1006.303	523.99
1006.589	533.89
1006.875	532.6
1007.161	525.82
1007.446	514.31
1007.732	504.62
1008.017	496.66
1008.303	486.97
1008.588	462.22
1008.873	453.08
1009.159	445.33
1009.444	436.83
1009.729	433.17
1010.014	430.91
1010.299	428.43
1010.584	424.56
1010.869	421.11
1011.154	410.78
1011.439	404.33
1011.723	397.98
1012.008	387.76
1012.293	382.48
1012.577	373.77
1012.862	366.02
1013.146	361.82
1013.43	358.49
1013.715	346.54
1013.999	342.45
1014.283	338.9
1014.567	334.06
1014.851	327.82
1015.135	328.03
1015.419	325.99
1015.703	323.73
1015.987	323.73
1016.271	323.19
1016.555	322.11
1016.838	317.59
1017.122	321.47
1017.405	320.18
1017.689	324.59
1017.972	321.57
1018.256	317.27
1018.539	311.57
1018.822	311.35
1019.105	301.77
1019.388	302.1
1019.671	302.2
1019.954	302.53
1020.237	297.58
1020.52	298.22
1020.803	298.12
1021.086	302.85
1021.368	300.27
1021.651	296.56
1021.934	295.43
1022.216	302.02
