339.735	100.94
340.108	76.72
340.482	64.97
340.855	53.35
341.228	36.02
341.602	14.72
341.975	-4.12
342.348	-7.02
342.721	-11.33
343.094	-12.51
343.468	-13.37
343.841	-14.88
344.214	-14.34
344.587	-14.45
344.96	-12.51
345.333	0.4
345.706	3.95
346.079	10.41
346.452	15.58
346.824	30.64
347.197	37.42
347.57	47.32
347.943	47.86
348.316	58.3
348.688	67.34
349.061	76.27
349.434	79.28
349.806	87.89
350.179	98.76
350.552	110.06
350.924	112.64
351.297	115.87
351.669	120.71
352.042	122
352.414	124.16
352.787	125.34
353.159	129.43
353.531	129.97
353.904	130.94
354.276	131.8
354.648	135.46
355.02	142.02
355.393	143.63
355.765	140.19
356.137	146.65
356.509	151.92
356.881	149.87
357.253	148.91
357.625	144.49
357.997	143.85
358.369	145.89
358.741	139.65
359.113	138.47
359.485	158.7
359.857	158.38
360.229	166.45
360.6	166.77
360.972	174.2
361.344	174.63
361.716	176.89
362.087	156.55
362.459	158.81
362.831	147.08
363.202	146.97
363.574	140.62
363.945	139.97
364.317	130.83
364.688	134.06
365.06	132.55
365.431	138.25
365.803	133.63
366.174	132.23
366.545	134.06
366.917	138.25
367.288	136.53
367.659	129.54
368.03	123.73
368.402	122.11
368.773	122.43
369.144	127.28
369.515	126.42
369.886	124.69
370.257	127.71
370.628	131.9
370.999	133.63
371.37	131.58
371.741	125.45
372.112	128.14
372.483	133.3
372.853	136.53
373.224	133.84
373.595	136.75
373.966	133.84
374.336	132.01
374.707	134.06
375.078	135.46
375.448	152.13
375.819	153.21
376.19	149.34
376.56	150.31
376.931	149.34
377.301	143.74
377.671	132.98
378.042	115.98
378.412	111.78
378.783	113.18
379.153	113.07
379.523	117.59
379.893	120.28
380.264	124.26
380.634	120.5
381.004	125.23
381.374	121.14
381.744	129.64
382.114	130.61
382.484	133.95
382.854	137.39
383.224	144.17
383.594	152.24
383.964	157.84
384.334	152.78
384.704	157.62
385.074	154.18
385.444	149.55
385.814	150.52
386.183	149.34
386.553	151.81
386.923	157.84
387.292	151.49
387.662	154.07
388.032	156.87
388.401	154.29
388.771	151.6
389.14	147.29
389.51	142.67
389.879	148.58
390.248	149.34
390.618	154.93
390.987	153.53
391.356	147.29
391.726	151.81
392.095	151.49
392.464	143.53
392.833	141.27
393.203	130.51
393.572	129.64
393.941	133.52
394.31	137.18
394.679	133.52
395.048	139.33
395.417	139.44
395.786	155.15
396.155	158.91
396.524	186.14
396.893	180.01
397.261	183.66
397.63	185.28
397.999	181.73
398.368	175.59
398.736	170.86
399.105	156.12
399.474	154.83
399.842	152.35
400.211	151.7
400.579	155.69
400.948	153.32
401.317	155.79
401.685	141.16
402.053	142.02
402.422	142.77
402.79	140.62
403.158	138.58
403.527	131.47
403.895	128.25
404.263	126.85
404.632	126.95
405	128.78
405.368	124.69
405.736	127.6
406.104	134.27
406.472	132.33
406.84	138.79
407.208	141.59
407.576	151.06
407.944	156.65
408.312	155.04
408.68	148.37
409.048	149.87
409.415	142.88
409.783	137.93
410.151	128.14
410.519	128.14
410.886	124.05
411.254	124.16
411.622	121.68
411.989	122
412.357	126.52
412.724	128.03
413.092	122.11
413.459	126.09
413.827	132.87
414.194	138.79
414.561	136.21
414.929	131.58
415.296	128.14
415.663	127.06
416.03	129.43
416.398	128.25
416.765	128.14
417.132	135.35
417.499	138.15
417.866	141.16
418.233	149.34
418.6	146.22
418.967	145.57
419.334	144.82
419.701	142.13
420.068	142.56
420.435	140.41
420.802	139.11
421.168	143.96
421.535	144.39
421.902	143.63
422.269	144.28
422.635	142.45
423.002	147.4
423.369	150.52
423.735	147.62
424.102	147.83
424.468	144.82
424.835	144.6
425.201	148.48
425.567	148.58
425.934	140.19
426.3	144.49
426.667	147.62
427.033	154.07
427.399	155.79
427.765	156.01
428.131	147.83
428.498	150.74
428.864	146.32
429.23	144.92
429.596	146.65
429.962	146.75
430.328	150.09
430.694	152.03
431.06	153.21
431.426	160.74
431.792	165.91
432.157	166.02
432.523	168.38
432.889	167.2
433.255	172.26
433.62	175.49
433.986	167.31
434.352	159.78
434.717	159.02
435.083	151.7
435.448	149.77
435.814	147.4
436.179	147.83
436.545	147.83
436.91	148.8
437.276	150.09
437.641	155.47
438.006	155.9
438.372	151.6
438.737	146.65
439.102	150.31
439.467	158.27
439.832	155.36
440.197	155.9
440.563	156.44
440.928	164.62
441.293	166.99
441.658	172.9
442.023	168.28
442.387	173.33
442.752	174.73
443.117	179.36
443.482	183.45
443.847	187.32
444.212	188.18
444.576	189.26
444.941	184.96
445.306	185.82
445.67	182.7
446.035	181.73
446.399	176.02
446.764	170.54
447.128	173.23
447.493	177.1
447.857	179.36
448.222	177.32
448.586	180.01
448.95	190.98
449.315	191.09
449.679	187.43
450.043	189.37
450.407	189.69
450.772	191.31
451.136	184.42
451.5	180.44
451.864	190.12
452.228	195.61
452.592	200.88
452.956	204
453.32	206.59
453.684	216.27
454.047	216.92
454.411	211.64
454.775	210.24
455.139	204.43
455.503	203.47
455.866	202.07
456.23	197.98
456.594	196.9
456.957	190.23
457.321	192.7
457.684	192.38
458.048	193.46
458.411	191.74
458.775	184.63
459.138	183.13
459.501	183.23
459.865	176.02
460.228	182.27
460.591	189.69
460.955	187.54
461.318	196.47
461.681	198.19
462.044	205.94
462.407	207.55
462.77	201.31
463.133	189.48
463.496	189.15
463.859	186.57
464.222	188.72
464.585	185.6
464.948	189.15
465.311	189.15
465.674	191.52
466.036	193.03
466.399	195.93
466.762	194.96
467.124	194.75
467.487	193.67
467.85	195.93
468.212	195.61
468.575	196.47
468.937	186.36
469.3	181.51
469.662	180.54
470.024	177.1
470.387	172.9
470.749	185.6
471.111	189.05
471.474	195.29
471.836	199.38
472.198	200.24
472.56	203.03
472.922	207.45
473.284	192.81
473.646	188.51
474.008	190.23
474.37	184.53
474.732	178.93
475.094	175.49
475.456	165.91
475.818	165.91
476.18	168.81
476.542	167.95
476.903	171.83
477.265	175.16
477.627	174.63
477.988	182.16
478.35	182.59
478.711	182.27
479.073	178.07
479.435	174.09
479.796	172.04
480.157	183.23
480.519	180.33
480.88	179.04
481.241	181.3
481.603	177.75
481.964	178.28
482.325	174.84
482.686	168.92
483.048	171.4
483.409	174.09
483.77	177.42
484.131	179.79
484.492	186.89
484.853	192.27
485.214	191.31
485.575	186.36
485.936	186.79
486.296	184.2
486.657	190.55
487.018	185.6
487.379	185.49
487.739	183.23
488.1	191.52
488.461	191.74
488.821	189.91
489.182	186.46
489.542	187.43
489.903	197.01
490.263	199.27
490.624	197.01
490.984	196.58
491.345	203.47
491.705	205.19
492.065	205.4
492.425	202.17
492.786	205.62
493.146	207.34
493.506	211
493.866	198.62
494.226	197.22
494.586	201.85
494.946	195.82
495.306	192.27
495.666	189.58
496.026	186.68
496.386	195.61
496.746	195.5
497.106	192.06
497.465	198.95
497.825	199.38
498.185	203.25
498.544	203.9
498.904	198.52
499.264	199.38
499.623	204.76
499.983	209.06
500.342	210.68
500.702	213.69
501.061	216.92
501.42	220.47
501.78	224.23
502.139	218.1
502.498	206.59
502.858	206.8
503.217	207.34
503.576	209.81
503.935	209.06
504.294	208.74
504.653	214.66
505.012	220.79
505.371	222.84
505.73	221.65
506.089	215.52
506.448	229.72
506.807	229.4
507.166	226.28
507.524	228.11
507.883	227.46
508.242	227.68
508.601	233.38
508.959	219.28
509.318	220.25
509.676	220.25
510.035	219.07
510.393	221.97
510.752	222.4
511.11	221.54
511.469	229.18
511.827	233.7
512.185	235.64
512.544	231.34
512.902	229.61
513.26	224.88
513.618	224.45
513.976	217.13
514.334	214.44
514.692	215.09
515.05	219.93
515.408	221.76
515.766	228.32
516.124	229.18
516.482	233.6
516.84	232.3
517.198	235.96
517.556	238.22
517.913	238.44
518.271	238.01
518.629	233.38
518.986	238.65
519.344	246.83
519.701	241.45
520.059	239.08
520.416	243.17
520.774	241.77
521.131	244.46
521.489	239.62
521.846	236.29
522.203	235.32
522.561	239.73
522.918	239.84
523.275	243.6
523.632	246.62
523.989	248.55
524.346	250.17
524.703	267.17
525.06	266.74
525.417	265.77
525.774	264.59
526.131	272.66
526.488	275.46
526.845	270.29
527.202	261.79
527.559	261.04
527.915	259.32
528.272	269.22
528.629	266.74
528.985	270.51
529.342	275.46
529.698	276.32
530.055	280.73
530.411	283.2
530.768	274.7
531.124	269.43
531.48	262.65
531.837	271.04
532.193	268.89
532.549	264.91
532.906	262.11
533.262	259.32
533.618	264.16
533.974	263.08
534.33	253.72
534.686	254.8
535.042	258.56
535.398	265.66
535.754	269.43
536.11	266.85
536.466	269.54
536.821	273.3
537.177	275.99
537.533	273.3
537.889	272.34
538.244	273.84
538.6	276.86
538.955	275.99
539.311	277.18
539.667	275.89
540.022	278.58
540.377	287.29
540.733	288.26
541.088	289.02
541.444	288.26
541.799	287.4
542.154	289.12
542.509	291.92
542.864	280.94
543.22	280.84
543.575	281.05
543.93	285.03
544.285	281.59
544.64	280.94
544.995	275.35
545.35	274.81
545.705	269.43
546.059	264.05
546.414	261.58
546.769	261.47
547.124	263.51
547.478	267.92
547.833	273.41
548.188	277.5
548.542	278.58
548.897	281.81
549.251	281.48
549.606	278.47
549.96	277.29
550.315	275.35
550.669	272.98
551.023	272.23
551.378	273.41
551.732	282.02
552.086	284.93
552.44	288.15
552.794	288.26
553.148	290.85
553.502	293.75
553.856	296.01
554.21	293.54
554.564	293.97
554.918	290.52
555.272	292.46
555.626	286.33
555.98	313.87
556.334	311.51
556.687	311.83
557.041	309.03
557.395	307.85
557.748	302.25
558.102	307.96
558.455	278.36
558.809	277.82
559.162	275.67
559.516	276.64
559.869	279.12
560.222	285.25
560.576	288.8
560.929	295.26
561.282	300.42
561.635	299.35
561.988	301.5
562.342	304.4
562.695	305.27
563.048	309.03
563.401	306.02
563.754	298.92
564.107	305.48
564.459	300.96
564.812	301.82
565.165	304.73
565.518	299.13
565.871	299.35
566.223	302.9
566.576	301.18
566.929	309.25
567.281	311.51
567.634	307.31
567.986	312.15
568.339	321.51
568.691	324.2
569.044	326.57
569.396	326.36
569.748	324.96
570.1	329.48
570.453	328.29
570.805	327.33
571.157	328.94
571.509	325.6
571.861	324.74
572.213	324.53
572.565	323.24
572.917	326.68
573.269	325.6
573.621	325.17
573.973	329.69
574.325	331.63
574.677	336.04
575.028	337.76
575.38	331.2
575.732	326.36
576.083	326.03
576.435	323.67
576.786	319.25
577.138	321.19
577.489	318.29
577.841	325.17
578.192	325.93
578.543	325.28
578.895	321.94
579.246	322.48
579.597	319.47
579.948	321.73
580.3	320.44
580.651	320.44
581.002	321.73
581.353	325.93
581.704	332.17
582.055	325.17
582.406	320.33
582.757	318.5
583.107	319.68
583.458	325.6
583.809	323.77
584.16	327.43
584.51	328.08
584.861	332.6
585.212	333.14
585.562	335.83
585.913	323.67
586.263	324.63
586.614	319.25
586.964	327.76
587.315	324.74
587.665	320.87
588.015	310.75
588.365	313.34
588.716	311.72
589.066	308.06
589.416	304.51
589.766	304.94
590.116	307.2
590.466	315.6
590.816	311.18
591.166	315.81
591.516	317.1
591.866	314.73
592.216	318.82
592.566	315.7
592.915	314.84
593.265	324.42
593.615	322.38
593.964	319.25
594.314	320.12
594.663	315.7
595.013	317.75
595.362	314.3
595.712	308.6
596.061	305.59
596.411	311.29
596.76	306.99
597.109	309.68
597.458	308.71
597.808	311.94
598.157	319.47
598.506	314.73
598.855	316.46
599.204	326.89
599.553	331.41
599.902	331.31
600.251	327.86
600.6	324.42
600.949	334.32
601.297	329.26
601.646	324.96
601.995	317.75
602.344	327.33
602.692	332.49
603.041	325.71
603.389	321.62
603.738	323.77
604.086	321.3
604.435	325.71
604.783	313.87
605.132	315.49
605.48	316.46
605.828	318.29
606.177	317.96
606.525	320.55
606.873	318.82
607.221	326.46
607.569	330.77
607.917	335.72
608.265	331.84
608.613	333.67
608.961	333.89
609.309	332.06
609.657	332.49
610.005	326.46
610.352	328.29
610.7	330.66
611.048	323.77
611.395	320.01
611.743	319.04
612.091	311.83
612.438	304.62
612.786	304.73
613.133	306.45
613.48	307.31
613.828	301.61
614.175	303.44
614.522	310.75
614.87	317.43
615.217	315.49
615.564	309.14
615.911	313.77
616.258	325.07
616.605	323.24
616.952	319.25
617.299	324.85
617.646	322.59
617.993	330.55
618.34	327.11
618.687	324.42
619.033	347.77
619.38	346.8
619.727	343.57
620.073	348.42
620.42	345.73
620.767	355.52
621.113	355.3
621.459	338.41
621.806	344.76
622.152	344.54
622.499	345.94
622.845	355.95
623.191	344.11
623.537	344.97
623.884	336.8
624.23	334.64
624.576	333.03
624.922	321.51
625.268	311.18
625.614	319.15
625.96	319.36
626.306	322.48
626.652	319.36
626.998	313.34
627.343	317.21
627.689	319.04
628.035	319.25
628.38	311.51
628.726	313.77
629.072	312.69
629.417	317.21
629.763	320.12
630.108	314.52
630.453	312.47
630.799	316.46
631.144	314.73
631.489	316.99
631.835	318.39
632.18	317.96
632.525	318.39
632.87	311.18
633.215	313.66
633.56	306.99
633.905	308.28
634.25	304.62
634.595	298.27
634.94	296.12
635.285	295.8
635.63	296.12
635.974	298.27
636.319	298.49
636.664	300.85
637.008	306.13
637.353	306.99
637.698	308.28
638.042	300.53
638.387	296.01
638.731	289.45
639.075	286.65
639.42	282.24
639.764	275.56
640.108	275.89
640.452	279.33
640.797	281.05
641.141	281.16
641.485	275.46
641.829	274.49
642.173	284.17
642.517	282.24
642.861	276.32
643.205	276.1
643.549	269.86
643.892	271.04
644.236	273.95
644.58	266.96
644.923	267.71
645.267	267.17
645.611	263.19
645.954	266.85
646.298	262.22
646.641	265.13
646.985	264.59
647.328	260.93
647.671	261.14
648.015	262.44
648.358	260.5
648.701	266.31
649.044	259.85
649.387	261.14
649.731	262.01
650.074	257.27
650.417	258.99
650.76	258.35
651.102	253.5
651.445	254.04
651.788	255.66
652.131	255.76
652.474	260.61
652.816	256.52
653.159	260.93
653.502	263.83
653.844	259.64
654.187	255.55
654.529	251.46
654.872	245.43
655.214	244.36
655.557	239.62
655.899	234.24
656.241	234.46
656.583	229.94
656.926	236.07
657.268	242.21
657.61	245.54
657.952	247.59
658.294	257.27
658.636	257.92
658.978	267.39
659.32	263.08
659.662	266.09
660.004	266.96
660.345	261.25
660.687	256.41
661.029	254.9
661.371	250.17
661.712	247.26
662.054	250.06
662.395	252.54
662.737	252.86
663.078	251.35
663.42	253.29
663.761	256.41
664.102	258.56
664.444	252.32
664.785	245.22
665.126	245.43
665.467	248.45
665.808	249.42
666.149	243.93
666.49	240.38
666.831	239.41
667.172	248.23
667.513	254.04
667.854	248.12
668.195	241.45
668.535	247.59
668.876	247.16
669.217	245.22
669.557	233.81
669.898	222.62
670.239	220.25
670.579	226.49
670.92	219.18
671.26	224.13
671.6	222.19
671.941	240.81
672.281	244.68
672.621	245.54
672.961	244.25
673.302	240.05
673.642	238.12
673.982	244.46
674.322	232.63
674.662	243.17
675.002	248.98
675.342	245.97
675.682	247.91
676.021	246.51
676.361	242.31
676.701	273.41
677.041	259.64
677.38	254.15
677.72	258.24
678.059	259.53
678.399	256.84
678.738	256.84
679.078	221.54
679.417	219.28
679.756	221.22
680.096	218.21
680.435	219.07
680.774	223.91
681.113	223.91
681.453	226.17
681.792	234.46
682.131	231.87
682.47	230.91
682.809	232.74
683.148	223.37
683.486	219.18
683.825	212.72
684.164	213.69
684.503	211.86
684.841	212.29
685.18	207.77
685.519	209.71
685.857	210.35
686.196	209.71
686.534	206.69
686.873	202.17
687.211	195.18
687.549	191.95
687.888	194.64
688.226	198.62
688.564	203.25
688.902	202.07
689.24	211.32
689.578	220.79
689.917	223.16
690.255	223.59
690.592	215.19
690.93	209.06
691.268	209.17
691.606	204.76
691.944	214.33
692.282	211.97
692.619	214.33
692.957	216.38
693.294	215.95
693.632	213.9
693.97	208.52
694.307	192.49
694.644	194.75
694.982	200.67
695.319	207.66
695.656	207.34
695.994	205.83
696.331	208.63
696.668	209.28
697.005	208.74
697.342	192.7
697.679	193.46
698.016	199.27
698.353	200.02
698.69	198.62
699.027	195.5
699.364	197.55
699.7	200.77
700.037	191.41
700.374	189.8
700.71	192.6
701.047	192.6
701.384	196.15
701.72	192.49
702.057	190.23
702.393	189.37
702.729	188.83
703.066	186.68
703.402	186.79
703.738	188.29
704.074	187.75
704.41	201.64
704.747	202.17
705.083	201.96
705.419	200.24
705.755	201.64
706.091	199.91
706.426	200.34
706.762	184.42
707.098	183.45
707.434	183.02
707.769	185.17
708.105	190.87
708.441	189.48
708.776	201.74
709.112	208.42
709.447	211.21
709.783	210.68
710.118	209.06
710.453	201.85
710.789	198.41
711.124	188.72
711.459	187.22
711.794	185.82
712.129	184.31
712.464	190.77
712.799	192.06
713.134	196.15
713.469	200.77
713.804	198.73
714.139	198.08
714.474	199.48
714.809	187.54
715.143	186.36
715.478	182.7
715.813	173.23
716.147	175.92
716.482	173.55
716.816	170
717.151	176.89
717.485	177.53
717.819	180.65
718.154	180.54
718.488	184.74
718.822	187.75
719.156	191.63
719.491	188.29
719.825	187.22
720.159	184.31
720.493	187.43
720.827	182.37
721.161	188.61
721.494	190.77
721.828	196.26
722.162	195.61
722.496	197.12
722.829	193.03
723.163	198.73
723.497	191.74
723.83	189.8
724.164	183.88
724.497	185.39
724.83	187.97
725.164	187.32
725.497	179.79
725.83	178.28
726.164	174.63
726.497	174.09
726.83	175.81
727.163	174.09
727.496	178.71
727.829	177.42
728.162	181.84
728.495	180.01
728.828	184.1
729.16	183.23
729.493	179.36
729.826	176.02
730.159	186.46
730.491	185.17
730.824	189.8
731.156	187
731.489	183.77
731.821	189.15
732.154	191.74
732.486	182.37
732.818	181.4
733.151	182.59
733.483	186.03
733.815	191.2
734.147	187.75
734.479	187.86
734.811	183.56
735.143	189.69
735.475	182.27
735.807	181.4
736.139	176.56
736.471	176.99
736.803	176.99
737.134	180.76
737.466	178.18
737.798	188.83
738.129	188.61
738.461	190.44
738.792	189.15
739.124	185.82
739.455	186.79
739.786	188.61
740.118	181.62
740.449	182.48
740.78	182.7
741.111	183.23
741.442	182.7
741.773	185.92
742.104	176.45
742.435	181.4
742.766	181.73
743.097	180.97
743.428	177.96
743.759	179.47
744.09	181.84
744.42	187.11
744.751	180.11
745.081	174.63
745.412	169.89
745.743	177.32
746.073	177.85
746.403	170.64
746.734	168.06
747.064	178.82
747.394	182.91
747.725	188.51
748.055	188.51
748.385	187.11
748.715	187.97
749.045	192.92
749.375	191.09
749.705	192.7
750.035	194
750.365	194.21
750.695	203.36
751.024	203.79
751.354	201.31
751.684	198.3
752.013	191.41
752.343	194.43
752.673	192.38
753.002	182.37
753.331	187.11
753.661	189.69
753.99	187
754.32	192.38
754.649	185.49
754.978	182.05
755.307	189.26
755.636	184.31
755.965	182.16
756.294	184.42
756.623	183.02
756.952	186.14
757.281	189.26
757.61	185.39
757.939	189.8
758.267	190.55
758.596	192.81
758.925	195.93
759.253	204
759.582	201.64
759.91	202.5
760.239	202.71
760.567	205.62
760.896	200.13
761.224	197.33
761.552	190.23
761.881	196.69
762.209	195.07
762.537	195.18
762.865	188.4
763.193	183.34
763.521	180.76
763.849	177.53
764.177	167.09
764.505	170.43
764.832	165.05
765.16	168.06
765.488	181.73
765.815	185.71
766.143	186.89
766.471	193.46
766.798	188.94
767.126	194.86
767.453	192.38
767.78	188.94
768.108	185.06
768.435	185.17
768.762	177.1
769.089	185.39
769.417	185.17
769.744	183.56
770.071	179.9
770.398	183.77
770.725	190.44
771.052	194.86
771.378	186.14
771.705	182.05
772.032	188.18
772.359	184.53
772.685	183.34
773.012	179.68
773.338	185.39
773.665	190.01
773.991	193.89
774.318	189.8
774.644	190.23
774.971	192.6
775.297	187.54
775.623	188.61
775.949	185.17
776.275	183.34
776.601	185.39
776.927	184.63
777.253	180.33
777.579	184.96
777.905	181.84
778.231	188.72
778.557	187.97
778.883	187.43
779.208	191.52
779.534	194.21
779.86	191.2
780.185	191.41
780.511	185.49
780.836	180.97
781.162	176.78
781.487	181.51
781.812	178.18
782.138	180.01
782.463	178.5
782.788	184.1
783.113	191.31
783.438	192.6
783.763	186.68
784.088	189.15
784.413	187.54
784.738	190.44
785.063	188.83
785.388	189.91
785.712	192.27
786.037	198.73
786.362	204.33
786.686	203.14
787.011	199.05
787.335	197.33
787.66	201.64
787.984	208.31
788.308	205.29
788.633	204.33
788.957	209.38
789.281	212.93
789.605	213.04
789.93	206.16
790.254	203.68
790.578	197.22
790.902	192.81
791.225	197.76
791.549	199.38
791.873	201.21
792.197	205.73
792.521	200.45
792.844	204.33
793.168	199.81
793.492	191.31
793.815	188.51
794.139	189.15
794.462	183.77
794.785	185.28
795.109	184.2
795.432	184.63
795.755	185.71
796.078	188.61
796.401	186.79
796.725	189.91
797.048	187.11
797.371	194.75
797.694	199.7
798.016	198.3
798.339	194.86
798.662	193.03
798.985	191.52
799.308	191.09
799.63	185.92
799.953	190.01
800.275	190.44
800.598	188.83
800.92	190.87
801.243	189.37
801.565	200.34
801.887	201.53
802.21	204.65
802.532	209.49
802.854	212.83
803.176	213.26
803.498	216.59
803.82	214.55
804.142	214.01
804.464	202.6
804.786	198.73
805.108	202.5
805.429	201.85
805.751	199.05
806.073	193.56
806.394	190.98
806.716	200.13
807.038	202.39
807.359	198.19
807.68	196.69
808.002	199.91
808.323	204
808.644	211.21
808.966	209.49
809.287	208.42
809.608	204.43
809.929	205.83
810.25	206.26
810.571	204.43
810.892	204.33
811.213	206.59
811.534	208.52
811.854	218.1
812.175	219.39
812.496	218.53
812.816	219.82
813.137	219.93
813.458	216.16
813.778	221.54
814.098	224.66
814.419	231.55
814.739	237.04
815.059	240.91
815.38	240.38
815.7	243.17
816.02	244.79
816.34	246.62
816.66	244.9
816.98	253.5
817.3	262.11
817.62	270.61
817.94	288.26
818.26	297.73
818.579	304.19
818.899	313.87
819.219	316.35
819.538	318.82
819.858	331.41
820.177	330.45
820.497	337.12
820.816	345.08
821.135	350.35
821.455	356.7
821.774	368.54
822.093	364.45
822.412	364.67
822.731	364.88
823.05	359.61
823.369	358.1
823.688	361.65
824.007	351.43
824.326	351.54
824.645	353.8
824.963	344.87
825.282	349.6
825.601	348.09
825.919	335.83
826.238	333.03
826.556	364.24
826.875	367.46
827.193	375.64
827.511	378.23
827.83	380.38
828.148	394.15
828.466	401.58
828.784	375.32
829.102	378.12
829.42	378.33
829.738	385.87
830.056	395.01
830.374	399.32
830.692	410.08
831.01	416.21
831.327	427.94
831.645	441.61
831.963	445.48
832.28	449.36
832.598	455.6
832.915	466.9
833.233	473.78
833.55	466.57
833.867	463.02
834.185	459.36
834.502	459.9
834.819	449.79
835.136	443.76
835.453	435.04
835.77	436.23
836.087	435.8
836.404	439.13
836.721	443.87
837.038	451.51
837.355	449.68
837.671	456.78
837.988	469.05
838.305	478.73
838.621	498.64
838.938	522.42
839.254	547.39
839.571	582.9
839.887	628.1
840.203	667.38
840.52	717.63
840.836	768.74
841.152	823.52
841.468	880.55
841.784	946.41
842.1	1015.93
842.416	1093.3
842.732	1164.32
843.048	1227.38
843.364	1291.3
843.679	1362.43
843.995	1424.53
844.311	1475.53
844.626	1521.27
844.942	1557.96
845.257	1591.97
845.573	1620.92
845.888	1633.18
846.203	1634.9
846.519	1628.23
846.834	1628.45
847.149	1622.42
847.464	1616.83
847.779	1594.66
848.094	1581.1
848.409	1551.51
848.724	1532.35
849.039	1498.35
849.354	1464.77
849.669	1428.4
849.983	1401.71
850.298	1367.81
850.613	1348.01
850.927	1330.47
851.242	1305.29
851.556	1294.75
851.871	1291.3
852.185	1297.76
852.499	1311
852.814	1335.96
853.128	1387.72
853.442	1423.88
853.756	1469.72
854.07	1518.04
854.384	1583.57
854.698	1648.57
855.012	1707.97
855.326	1745.31
855.64	1812.68
855.953	1878.43
856.267	1940.41
856.581	1976.25
856.894	2007.13
857.208	2037.15
857.521	2057.28
857.835	2064.16
858.148	2069.87
858.461	2053.51
858.775	2041.14
859.088	2032.53
859.401	2022.84
859.714	2015.95
860.027	2020.8
860.34	2005.62
860.653	2003.69
860.966	2000.03
861.279	2005.73
861.592	2012.73
861.904	2018.11
862.217	2023.92
862.53	2051.9
862.842	2092.25
863.155	2143.47
863.467	2198.35
863.78	2255.28
864.092	2330.93
864.405	2421.97
864.717	2518.39
865.029	2604.8
865.341	2703.8
865.653	2806.46
865.966	2922.15
866.278	3024.81
866.589	3119.29
866.901	3208.07
867.213	3316.32
867.525	3401.44
867.837	3481.08
868.149	3555.11
868.46	3631.3
868.772	3719.97
869.083	3794.65
869.395	3853.41
869.706	3944.66
870.018	4045.39
870.329	4145.25
870.64	4262.65
870.952	4379.41
871.263	4523.5
871.574	4696.22
871.885	4865.06
872.196	5037.88
872.507	5224.8
872.818	5438.41
873.129	5638.14
873.44	5844.96
873.75	6046.73
874.061	6238.5
874.372	6439.19
874.682	6641.28
874.993	6793.66
875.303	6946.47
875.614	7102.93
875.924	7203.23
876.235	7330.96
876.545	7401.34
876.855	7456.11
877.165	7444.06
877.475	7428.35
877.786	7345.06
878.096	7246.81
878.406	7050.1
878.715	6830.79
879.025	6575.43
879.335	6332.23
879.645	6033.07
879.955	5712.82
880.264	5410.75
880.574	5092.44
880.883	4800.17
881.193	4486.38
881.502	4180.12
881.812	3891.61
882.121	3628.5
882.43	3375.51
882.74	3193
883.049	3018.35
883.358	2878.78
883.667	2783.76
883.976	2745.45
884.285	2739.85
884.594	2766
884.903	2817.12
885.212	2919.13
885.52	3082.59
885.829	3278.66
886.138	3499.91
886.446	3789.06
886.755	4111.89
887.063	4497.57
887.372	4940.49
887.68	5446.27
887.988	6044.04
888.297	6719.41
888.605	7471.39
888.913	8365.64
889.221	9285.39
889.529	10373.01
889.837	11518.85
890.145	12769.61
890.453	14127.66
890.761	15551.35
891.069	17029.39
891.377	18616.22
891.684	20210.36
891.992	21827.43
892.299	23364.33
892.607	24891.01
892.914	26400.25
893.222	27812.32
893.529	29193.5
893.837	30454.06
894.144	31606.14
894.451	32705.17
894.758	33575.74
895.065	34391.11
895.372	35155.14
895.679	35646.17
895.986	36174.43
896.293	36445.83
896.6	36563.12
896.907	36651.04
897.213	36552.04
897.52	36281.94
897.827	35919.72
898.133	35233.16
898.44	34718.67
898.746	34110.99
899.053	33476.84
899.359	32802.34
899.665	32100.93
899.972	31493.15
900.278	30942.5
900.584	30332.99
900.89	29817.97
901.196	29236.98
901.502	28783.61
901.808	28337.78
902.114	27910.67
902.419	27549.53
902.725	27201.73
903.031	26921.84
903.337	26757.73
903.642	26541.76
903.948	26421.34
904.253	26395.94
904.559	26455.34
904.864	26567.58
905.169	26743.42
905.475	26964.45
905.78	27280.72
906.085	27627.01
906.39	28022.7
906.695	28413.75
907	28902.63
907.305	29461.67
907.61	30017.91
907.915	30632.37
908.219	31276.85
908.524	31960.61
908.829	32627.04
909.133	33376.87
909.438	34031.58
909.743	34850.39
910.047	35563.1
910.351	36387.93
910.656	37159.07
910.96	37964.22
911.264	38810.36
911.568	39634.23
911.873	40389.55
912.177	41155.09
912.481	41890.29
912.785	42805.73
913.088	43712.03
913.392	44442.93
913.696	45208.9
914	45958.09
914.304	46754.94
914.607	47475.83
914.911	47969.55
915.214	48504.37
915.518	49023.06
915.821	49501.28
916.124	49880.29
916.428	50134.89
916.731	50412.85
917.034	50633.45
917.337	50605.15
917.64	50655.84
917.943	50636.9
918.246	50515.08
918.549	50288.45
918.852	49914.72
919.155	49614.7
919.458	49304.46
919.76	48965.81
920.063	48517.83
920.366	48111.16
920.668	47921.23
920.971	47725.38
921.273	47563.32
921.576	47567.08
921.878	47317.96
922.18	47462.59
922.482	47623.58
922.784	47746.47
923.087	48122.46
923.389	48437.55
923.691	48815.91
923.992	49446.29
924.294	49965.62
924.596	50685.75
924.898	51412.99
925.2	51978.16
925.501	52616.61
925.803	53282.19
926.104	53839.72
926.406	54236.37
926.707	54564.48
927.009	54845.24
927.31	54989.65
927.611	55087.04
927.912	54996.64
928.214	54898.61
928.515	54709.65
928.816	54265.97
929.117	53727.37
929.418	53192.66
929.719	52540.75
930.019	51733.99
930.32	50921.74
930.621	49961.32
930.922	48952.57
931.222	47704.4
931.523	46387.67
931.823	45016.92
932.124	43526.94
932.424	42001.34
932.724	40333.48
933.025	38766.02
933.325	37351.69
933.625	35883.56
933.925	34371.95
934.225	33067.06
934.525	31720.74
934.825	30698.65
935.125	29709.6
935.425	28707.64
935.724	27855.58
936.024	26992.21
936.324	26212.79
936.623	25529.68
936.923	24768.33
937.222	23976.21
937.522	23376.71
937.821	22768.17
938.12	22241.95
938.42	21737.04
938.719	21240.74
939.018	20979.24
939.317	20864.64
939.616	20789.74
939.915	20790.92
940.214	21063.18
940.513	21348.46
940.812	21796.44
941.111	22336.86
941.409	22986.72
941.708	23797.68
942.006	24769.73
942.305	25772.55
942.603	27001.79
942.902	28110.72
943.2	29273.24
943.499	30463.53
943.797	31673.07
944.095	32723.25
944.393	33846.27
944.691	34882.13
944.989	36082.96
945.287	37276.26
945.585	38476.23
945.883	39699.76
946.181	41183.72
946.479	42784.75
946.776	44572.27
947.074	46487.96
947.371	48283.77
947.669	50123.81
947.966	51889.38
948.264	53503.22
948.561	54732.78
948.858	55861.73
949.156	56693.24
949.453	57586.19
949.75	58220.56
950.047	58696.95
950.344	59086.82
950.641	59468.52
950.938	59622.51
951.235	59696.22
951.532	59543.2
951.828	59243.61
952.125	58773.68
952.422	58201.08
952.718	57579.63
953.015	56903.51
953.311	56295.94
953.607	55636.28
953.904	55030
954.2	54478.82
954.496	53779.46
954.792	52865.73
955.089	51878.51
955.385	50543.92
955.681	49090.64
955.976	47314.52
956.272	45628.04
956.568	43892.5
956.864	42340.53
957.16	40754.46
957.455	39361.54
957.751	38018.56
958.046	36877.45
958.342	35769.49
958.637	34816.92
958.933	33964.11
959.228	33582.19
959.523	33385.37
959.818	33492.34
960.114	34064.18
960.409	35005.78
960.704	36166.47
960.999	37563.15
961.294	38642.16
961.588	40025.93
961.883	41473.84
962.178	42917.33
962.473	44215.22
962.767	45479.65
963.062	46693.28
963.356	48202.42
963.651	49436.18
963.945	50612.79
964.239	51770.69
964.534	52759.31
964.828	53832.51
965.122	54788.74
965.416	55508.66
965.71	56143.13
966.004	56632.54
966.298	56925.68
966.592	57040.07
966.886	56980.13
967.18	56750.05
967.473	56405.7
967.767	55947.28
968.061	55372.74
968.354	54713.95
968.648	53902.24
968.941	52911.25
969.234	51697.83
969.528	50227.33
969.821	48569.69
970.114	46759.68
970.407	44539.88
970.7	42329.66
970.993	40046.92
971.286	37805.7
971.579	35550.07
971.872	33363.64
972.165	31126.19
972.457	29128.29
972.75	27144.05
973.043	25241.49
973.335	23391.77
973.628	21805.48
973.92	20279.88
974.213	19027.51
974.505	17900.07
974.797	16926.94
975.089	16078.54
975.382	15380.57
975.674	14715.11
975.966	14220.1
976.258	13811.39
976.55	13548.61
976.841	13394.83
977.133	13326.71
977.425	13415.82
977.717	13586.59
978.008	13797.83
978.3	14047.17
978.591	14323.73
978.883	14558.54
979.174	14763.1
979.465	14869.21
979.757	14922.8
980.048	14841.34
980.339	14709.41
980.63	14454.48
980.921	14156.72
981.212	13797.08
981.503	13369.44
981.794	12919.3
982.085	12474.76
982.376	11997.18
982.666	11520.04
982.957	11052.79
983.248	10593.72
983.538	10133.58
983.828	9667.52
984.119	9194.57
984.409	8684.49
984.7	8169.79
984.99	7602.89
985.28	7050.96
985.57	6513.55
985.86	5980.98
986.15	5503.84
986.44	5049.4
986.73	4649.41
987.02	4299.56
987.309	3985.88
987.599	3731.06
987.889	3522.18
988.178	3350.01
988.468	3227.44
988.757	3109.82
989.047	3036.75
989.336	2967.02
989.625	2892.44
989.915	2824.43
990.204	2754.38
990.493	2674.75
990.782	2600.82
991.071	2531.3
991.36	2475.02
991.649	2414.44
991.938	2353.64
992.226	2287.99
992.515	2233.76
992.804	2178.98
993.092	2116.57
993.381	2036.4
993.669	1961.61
993.958	1887.9
994.246	1814.51
994.534	1743.05
994.823	1668.37
995.111	1590.57
995.399	1525.79
995.687	1452.93
995.975	1381.7
996.263	1312.18
996.551	1237.82
996.839	1165.51
997.126	1093.73
997.414	1038.09
997.702	987.95
997.989	946.84
998.277	913.05
998.564	885.29
998.852	872.7
999.139	857.74
999.426	835.03
999.713	817.6
1000.001	808.24
1000.288	790.7
1000.575	778.11
1000.862	760.14
1001.149	745.93
1001.436	733.56
1001.722	723.33
1002.009	703.64
1002.296	696.43
1002.582	680.18
1002.869	672.22
1003.156	670.71
1003.442	663.93
1003.728	650.91
1004.015	634.88
1004.301	619.7
1004.587	602.38
1004.873	580.96
1005.16	556.21
1005.446	542.01
1005.732	524.36
1006.017	513.28
1006.303	501.98
1006.589	502.09
1006.875	492.19
1007.161	483.04
1007.446	473.78
1007.732	474
1008.017	468.62
1008.303	459.26
1008.588	441.93
1008.873	437.52
1009.159	429.02
1009.444	416.97
1009.729	404.59
1010.014	395.87
1010.299	390.17
1010.584	383.61
1010.869	371.98
1011.154	366.17
1011.439	365.31
1011.723	363.27
1012.008	356.81
1012.293	344.65
1012.577	344
1012.862	337.12
1013.146	342.18
1013.43	338.95
1013.715	334.64
1013.999	327.86
1014.283	331.52
1014.567	328.94
1014.851	335.72
1015.135	326.46
1015.419	322.91
1015.703	322.16
1015.987	324.1
1016.271	323.24
1016.555	314.41
1016.838	304.51
1017.122	301.71
1017.405	297.62
1017.689	292.57
1017.972	293.21
1018.256	291.6
1018.539	296.01
1018.822	303.44
1019.105	305.05
1019.388	302.25
1019.671	302.04
1019.954	300.64
1020.237	299.67
1020.52	297.62
1020.803	297.62
1021.086	293.86
1021.368	293.21
1021.651	293.84
1021.934	291.4
1022.216	289.82
