339.735	89.97
340.108	76
340.482	63.29
340.855	52.39
341.228	39.04
341.602	24.73
341.975	1.06
342.348	-10.78
342.721	-19.28
343.094	-26.17
343.468	-28.43
343.841	-33.27
344.214	-28.97
344.587	-21.87
344.96	-11.86
345.333	1.7
345.706	12.36
346.079	23.65
346.452	32.69
346.824	36.35
347.197	45.5
347.57	51.09
347.943	59.6
348.316	71.86
348.688	77.89
349.061	86.5
349.434	97.48
349.806	110.07
350.179	119.43
350.552	120.4
350.924	123.95
351.297	124.49
351.669	126.75
352.042	126.42
352.414	120.72
352.787	125.56
353.159	132.02
353.531	133.31
353.904	143.32
354.276	152.03
354.648	154.29
355.02	158.06
355.393	157.52
355.765	156.98
356.137	160.1
356.509	154.94
356.881	148.05
357.253	146.44
357.625	153.43
357.997	154.08
358.369	149.77
358.741	148.27
359.113	155.05
359.485	171.4
359.857	176.14
360.229	168.71
360.6	166.67
360.972	176.14
361.344	179.8
361.716	177.65
362.087	164.62
362.459	161.5
362.831	161.83
363.202	168.39
363.574	160.1
363.945	152.14
364.317	149.34
364.688	154.94
365.06	150.85
365.431	149.45
365.803	142.24
366.174	142.67
366.545	144.82
366.917	146.65
367.288	137.51
367.659	142.03
368.03	140.63
368.402	136.11
368.773	129.97
369.144	132.77
369.515	135.68
369.886	136.65
370.257	133.42
370.628	139.87
370.999	145.15
371.37	152.46
371.741	150.53
372.112	147.3
372.483	141.81
372.853	143.32
373.224	138.91
373.595	146.44
373.966	144.72
374.336	146.55
374.707	149.02
375.078	159.78
375.448	185.72
375.819	190.45
376.19	182.38
376.56	185.18
376.931	186.58
377.301	185.29
377.671	180.98
378.042	159.24
378.412	157.52
378.783	158.17
379.153	156.98
379.523	158.81
379.893	158.71
380.264	158.92
380.634	155.37
381.004	156.23
381.374	154.29
381.744	159.89
382.114	156.02
382.484	149.99
382.854	153.97
383.224	156.55
383.594	164.19
383.964	163.33
384.334	155.59
384.704	161.83
385.074	170.11
385.444	161.93
385.814	160.75
386.183	148.59
386.553	156.55
386.923	156.23
387.292	150.31
387.662	153.22
388.032	157.09
388.401	154.4
388.771	157.95
389.14	153.97
389.51	154.94
389.879	156.23
390.248	145.9
390.618	142.78
390.987	146.87
391.356	153.76
391.726	147.19
392.095	145.68
392.464	144.61
392.833	150.74
393.203	157.63
393.572	156.23
393.941	152.68
394.31	157.2
394.679	162.47
395.048	158.92
395.417	158.17
395.786	161.5
396.155	159.35
396.524	184.75
396.893	191.31
397.261	188.19
397.63	189.91
397.999	190.77
398.368	187.12
398.736	187.98
399.105	173.56
399.474	170.22
399.842	170.44
400.211	169.9
400.579	167.31
400.948	166.67
401.317	166.13
401.685	149.99
402.053	149.67
402.422	154.94
402.79	156.12
403.158	150.85
403.527	147.94
403.895	147.51
404.263	151.93
404.632	153.76
405	147.84
405.368	151.28
405.736	156.88
406.104	158.38
406.472	159.03
406.84	155.26
407.208	157.31
407.576	170.65
407.944	168.07
408.312	162.9
408.68	158.6
409.048	162.47
409.415	165.81
409.783	160
410.151	151.17
410.519	155.15
410.886	163.66
411.254	166.24
411.622	157.74
411.989	154.29
412.357	157.31
412.724	161.93
413.092	157.74
413.459	156.88
413.827	157.52
414.194	162.15
414.561	171.08
414.929	172.8
415.296	162.8
415.663	164.19
416.03	160
416.398	161.83
416.765	164.52
417.132	157.52
417.499	156.98
417.866	160.21
418.233	159.67
418.6	155.59
418.967	153.43
419.334	156.12
419.701	159.46
420.068	156.88
420.435	155.15
420.802	153.43
421.168	161.07
421.535	163.87
421.902	164.73
422.269	164.95
422.635	162.9
423.002	169.57
423.369	173.88
423.735	174.09
424.102	175.71
424.468	168.39
424.835	165.59
425.201	171.4
425.567	161.72
425.934	162.26
426.3	162.04
426.667	162.26
427.033	165.38
427.399	166.78
427.765	163.55
428.131	163.98
428.498	157.09
428.864	156.34
429.23	149.99
429.596	149.34
429.962	145.25
430.328	145.15
430.694	147.19
431.06	151.17
431.426	157.74
431.792	158.28
432.157	161.07
432.523	162.8
432.889	162.9
433.255	168.71
433.62	167.85
433.986	167.53
434.352	166.88
434.717	165.38
435.083	168.71
435.448	166.35
435.814	168.61
436.179	174.74
436.545	168.61
436.91	172.59
437.276	164.19
437.641	163.33
438.006	171.4
438.372	171.62
438.737	163.98
439.102	162.8
439.467	166.78
439.832	173.66
440.197	173.56
440.563	173.56
440.928	167.21
441.293	166.35
441.658	172.26
442.023	166.88
442.387	168.28
442.752	164.09
443.117	158.38
443.482	166.13
443.847	175.6
444.212	174.09
444.576	180.34
444.941	186.79
445.306	189.37
445.67	194.65
446.035	193.57
446.399	187.98
446.764	185.72
447.128	186.58
447.493	180.98
447.857	189.48
448.222	191.1
448.586	196.26
448.95	200.89
449.315	206.49
449.679	206.38
450.043	209.28
450.407	209.39
450.772	206.92
451.136	204.76
451.5	205.52
451.864	208.85
452.228	209.07
452.592	213.91
452.956	216.49
453.32	220.47
453.684	220.69
454.047	222.73
454.411	216.6
454.775	216.39
455.139	212.4
455.503	207.45
455.866	205.95
456.23	203.47
456.594	198.95
456.957	203.58
457.321	207.35
457.684	213.59
458.048	216.6
458.411	217.35
458.775	215.31
459.138	218.32
459.501	209.93
459.865	201.97
460.228	197.55
460.591	200.89
460.955	197.23
461.318	198.41
461.681	199.6
462.044	207.78
462.407	215.42
462.77	214.02
463.133	207.02
463.496	203.79
463.859	200.46
464.222	197.66
464.585	188.94
464.948	179.37
465.311	176.89
465.674	177.54
466.036	179.26
466.399	188.3
466.762	189.05
467.124	198.74
467.487	208.53
467.85	207.24
468.212	206.16
468.575	207.45
468.937	202.61
469.3	199.49
469.662	195.83
470.024	188.94
470.387	193.14
470.749	207.24
471.111	210.25
471.474	204.76
471.836	205.95
472.198	197.98
472.56	201.53
472.922	197.55
473.284	178.94
473.646	171.73
474.008	179.15
474.37	180.66
474.732	185.72
475.094	177.54
475.456	180.01
475.818	186.36
476.18	184.96
476.542	177.32
476.903	171.94
477.265	173.56
477.627	175.92
477.988	176.57
478.35	174.09
478.711	177.32
479.073	179.47
479.435	182.49
479.796	180.12
480.157	189.59
480.519	187.98
480.88	187.01
481.241	192.07
481.603	197.02
481.964	197.55
482.325	195.51
482.686	185.07
483.048	183.35
483.409	180.77
483.77	179.58
484.131	175.06
484.492	177.54
484.853	185.29
485.214	185.82
485.575	185.61
485.936	193.25
486.296	187.87
486.657	186.25
487.018	189.59
487.379	189.59
487.739	197.34
488.1	198.2
488.461	198.63
488.821	211.22
489.182	211.11
489.542	207.35
489.903	214.13
490.263	208.31
490.624	213.48
490.984	211.11
491.345	205.95
491.705	211.22
492.065	208.1
492.425	199.6
492.786	204.01
493.146	201.86
493.506	201.53
493.866	196.91
494.226	196.37
494.586	197.77
494.946	197.77
495.306	200.24
495.666	198.84
496.026	210.14
496.386	220.47
496.746	223.27
497.106	223.7
497.465	224.13
497.825	222.63
498.185	226.29
498.544	219.61
498.904	216.17
499.264	215.42
499.623	213.69
499.983	216.49
500.342	220.69
500.702	225.96
501.061	223.49
501.42	222.52
501.78	221.44
502.139	228.87
502.498	225.1
502.858	218.97
503.217	214.56
503.576	223.38
503.935	223.06
504.294	224.46
504.653	230.16
505.012	232.63
505.371	237.05
505.73	238.23
506.089	227.36
506.448	230.81
506.807	228.98
507.166	226.61
507.524	233.6
507.883	235.43
508.242	238.55
508.601	243.07
508.959	243.4
509.318	248.24
509.676	247.92
510.035	241.03
510.393	235.54
510.752	233.06
511.11	240.06
511.469	238.66
511.827	239.84
512.185	237.05
512.544	239.63
512.902	243.83
513.26	244.9
513.618	244.47
513.976	242.53
514.334	239.84
514.692	236.29
515.05	239.2
515.408	238.01
515.766	237.48
516.124	231.13
516.482	230.81
516.84	235.76
517.198	234.03
517.556	225.85
517.913	225.32
518.271	227.68
518.629	228.98
518.986	226.93
519.344	226.72
519.701	237.37
520.059	246.84
520.416	249.85
520.774	250.93
521.131	252.33
521.489	263.95
521.846	260.29
522.203	256.95
522.561	258.89
522.918	264.59
523.275	267.07
523.632	272.67
523.989	268.9
524.346	271.05
524.703	277.94
525.06	274.17
525.417	269.22
525.774	267.5
526.131	263.41
526.488	266.53
526.845	269.11
527.202	262.12
527.559	266.32
527.915	273.1
528.272	280.63
528.629	277.62
528.985	273.74
529.342	274.28
529.698	277.83
530.055	279.45
530.411	272.34
530.768	264.7
531.124	265.24
531.48	270.73
531.837	269.65
532.193	275.36
532.549	274.5
532.906	282.14
533.262	283.96
533.618	292.57
533.974	291.07
534.33	292.47
534.686	288.48
535.042	291.61
535.398	287.19
535.754	290.85
536.11	288.38
536.466	284.5
536.821	285.9
537.177	280.84
537.533	272.45
537.889	276.22
538.244	269.01
538.6	261.47
538.955	265.56
539.311	261.26
539.667	259.75
540.022	262.55
540.377	259.86
540.733	263.63
541.088	271.27
541.444	272.77
541.799	277.72
542.154	289.13
542.509	291.93
542.864	293.76
543.22	296.66
543.575	297.85
543.93	297.31
544.285	294.4
544.64	288.91
544.995	292.9
545.35	290.31
545.705	286.55
546.059	280.31
546.414	277.19
546.769	280.84
547.124	284.93
547.478	282.46
547.833	293.11
548.188	297.85
548.542	300.75
548.897	299.03
549.251	300
549.606	295.37
549.96	296.99
550.315	282.89
550.669	279.98
551.023	277.29
551.378	279.98
551.732	271.48
552.086	269.22
552.44	271.8
552.794	280.09
553.148	281.06
553.502	287.41
553.856	288.59
554.21	293.76
554.564	302.47
554.918	290.74
555.272	295.05
555.626	291.07
555.98	318.51
556.334	326.15
556.687	332.39
557.041	331.31
557.395	343.69
557.748	338.95
558.102	340.78
558.455	310.54
558.809	302.9
559.162	298.17
559.516	295.16
559.869	289.13
560.222	289.99
560.576	292.9
560.929	302.37
561.282	308.18
561.635	307.64
561.988	304.73
562.342	308.28
562.695	308.61
563.048	307.21
563.401	301.29
563.754	297.52
564.107	296.99
564.459	299.46
564.812	302.37
565.165	307.96
565.518	310.22
565.871	310.54
566.223	313.45
566.576	313.67
566.929	320.34
567.281	316.57
567.634	310.22
567.986	314.1
568.339	314.2
568.691	318.51
569.044	321.09
569.396	312.91
569.748	308.82
570.1	311.3
570.453	305.27
570.805	310.65
571.157	308.39
571.509	310.54
571.861	315.6
572.213	319.05
572.565	322.27
572.917	328.95
573.269	332.17
573.621	334
573.973	335.3
574.325	341.64
574.677	344.87
575.028	341.97
575.38	342.61
575.732	338.95
576.083	334.86
576.435	336.05
576.786	329.27
577.138	325.18
577.489	318.51
577.841	315.93
578.192	310.87
578.543	314.31
578.895	310.44
579.246	313.34
579.597	319.8
579.948	331.31
580.3	329.81
580.651	332.5
581.002	330.56
581.353	331.31
581.704	332.71
582.055	328.73
582.406	328.84
582.757	329.05
583.107	330.67
583.458	331.85
583.809	332.82
584.16	332.82
584.51	338.85
584.861	337.23
585.212	337.77
585.562	340.68
585.913	338.42
586.263	337.23
586.614	338.74
586.964	331.1
587.315	327.76
587.665	332.71
588.015	324.43
588.365	326.79
588.716	321.74
589.066	316.68
589.416	324.53
589.766	323.78
590.116	319.37
590.466	327.98
590.816	323.46
591.166	330.56
591.516	329.05
591.866	329.05
592.216	330.24
592.566	328.41
592.915	329.16
593.265	332.6
593.615	330.67
593.964	332.39
594.314	327.12
594.663	329.59
595.013	327.76
595.362	322.06
595.712	324.86
596.061	321.84
596.411	318.94
596.76	314.1
597.109	309.25
597.458	313.34
597.808	315.28
598.157	315.49
598.506	321.09
598.855	322.17
599.204	330.78
599.553	341.32
599.902	339.49
600.251	337.02
600.6	327.22
600.949	319.69
601.297	318.51
601.646	315.17
601.995	294.94
602.344	294.4
602.692	292.57
603.041	300.97
603.389	308.39
603.738	313.02
604.086	318.51
604.435	329.38
604.783	329.27
605.132	329.48
605.48	325.5
605.828	323.67
606.177	326.36
606.525	326.15
606.873	326.9
607.221	333.36
607.569	339.49
607.917	343.9
608.265	345.09
608.613	341.11
608.961	335.83
609.309	338.42
609.657	333.14
610.005	327.12
610.352	322.6
610.7	316.36
611.048	317.32
611.395	317.43
611.743	314.1
612.091	314.31
612.438	311.94
612.786	315.6
613.133	316.36
613.48	318.19
613.828	313.56
614.175	313.88
614.522	318.19
614.87	324.53
615.217	322.92
615.564	325.93
615.911	320.12
616.258	328.09
616.605	325.29
616.952	322.6
617.299	325.18
617.646	327.01
617.993	327.44
618.34	335.62
618.687	327.87
619.033	354.34
619.38	353.16
619.727	346.59
620.073	344.23
620.42	348.1
620.767	350.04
621.113	355.42
621.459	335.08
621.806	339.81
622.152	340.14
622.499	336.37
622.845	338.09
623.191	331.74
623.537	334.22
623.884	341.21
624.23	337.99
624.576	337.12
624.922	338.31
625.268	335.08
625.614	335.83
625.96	329.81
626.306	318.62
626.652	319.69
626.998	322.7
627.343	325.83
627.689	326.9
628.035	326.79
628.38	319.37
628.726	321.63
629.072	318.62
629.417	318.29
629.763	316.89
630.108	315.49
630.453	307.96
630.799	311.3
631.144	305.27
631.489	302.58
631.835	301.72
632.18	302.26
632.525	304.95
632.87	311.73
633.215	315.17
633.56	318.29
633.905	317.11
634.25	315.71
634.595	309.36
634.94	306.46
635.285	307.21
635.63	301.4
635.974	299.46
636.319	300
636.664	300.64
637.008	302.04
637.353	294.73
637.698	285.69
638.042	293
638.387	294.73
638.731	294.73
639.075	298.28
639.42	299.14
639.764	302.58
640.108	311.73
640.452	308.18
640.797	308.61
641.141	309.68
641.485	306.89
641.829	300.11
642.173	299.46
642.517	298.49
642.861	297.42
643.205	293.65
643.549	291.61
643.892	289.88
644.236	294.19
644.58	290.53
644.923	289.99
645.267	290.74
645.611	285.47
645.954	280.84
646.298	282.03
646.641	283.43
646.985	284.61
647.328	272.88
647.671	275.25
648.015	281.27
648.358	281.92
648.701	276
649.044	272.77
649.387	271.37
649.731	274.71
650.074	268.47
650.417	261.15
650.76	263.52
651.102	263.95
651.445	272.13
651.788	270.62
652.131	271.27
652.474	266.42
652.816	272.34
653.159	270.51
653.502	266.53
653.844	257.92
654.187	257.28
654.529	252.76
654.872	259.32
655.214	252.76
655.557	260.08
655.899	265.67
656.241	268.79
656.583	269.33
656.926	275.89
657.268	277.29
657.61	279.55
657.952	271.27
658.294	274.17
658.636	269.44
658.978	277.51
659.32	273.42
659.662	269.22
660.004	270.51
660.345	269.11
660.687	261.8
661.029	262.98
661.371	250.61
661.712	252.65
662.054	253.3
662.395	250.82
662.737	255.02
663.078	255.88
663.42	257.92
663.761	259
664.102	260.4
664.444	262.98
664.785	270.08
665.126	261.8
665.467	260.29
665.808	259.43
666.149	259.97
666.49	249.42
666.831	242.64
667.172	242.1
667.513	242.97
667.854	239.84
668.195	237.05
668.535	239.74
668.876	246.52
669.217	247.59
669.557	240.38
669.898	238.12
670.239	239.95
670.579	242.75
670.92	237.26
671.26	235.32
671.6	240.6
671.941	256.2
672.281	258.57
672.621	258.35
672.961	254.26
673.302	256.85
673.642	254.37
673.982	248.67
674.322	232.96
674.662	229.41
675.002	236.83
675.342	236.83
675.682	238.55
676.021	238.01
676.361	233.93
676.701	274.93
677.041	284.61
677.38	271.05
677.72	273.42
678.059	270.94
678.399	276.22
678.738	281.17
679.078	240.6
679.417	227.9
679.756	233.28
680.096	229.94
680.435	232.2
680.774	230.81
681.113	230.37
681.453	230.16
681.792	239.09
682.131	239.2
682.47	238.77
682.809	238.88
683.148	237.37
683.486	240.27
683.825	237.91
684.164	230.16
684.503	230.91
684.841	232.74
685.18	229.08
685.519	227.79
685.857	222.09
686.196	220.15
686.534	225.96
686.873	225.21
687.211	217.57
687.549	216.92
687.888	209.82
688.226	215.95
688.564	213.48
688.902	213.16
689.24	211.76
689.578	215.52
689.917	214.02
690.255	222.09
690.592	212.94
690.93	217.57
691.268	216.49
691.606	212.62
691.944	235.32
692.282	231.02
692.619	222.52
692.957	221.98
693.294	218.21
693.632	214.34
693.97	212.73
694.307	190.45
694.644	194.86
694.982	245.22
695.319	263.41
695.656	263.63
695.994	264.81
696.331	265.35
696.668	266.53
697.005	265.89
697.342	214.34
697.679	208.53
698.016	213.59
698.353	216.06
698.69	214.66
699.027	212.3
699.364	211.97
699.7	218.43
700.037	211.33
700.374	207.88
700.71	203.9
701.047	201.21
701.384	205.62
701.72	204.98
702.057	205.73
702.393	201
702.729	201.53
703.066	201.53
703.402	202.5
703.738	201.64
704.074	206.92
704.41	205.84
704.747	201.86
705.083	197.55
705.419	196.58
705.755	201
706.091	200.24
706.426	191.85
706.762	191.63
707.098	193.14
707.434	191.74
707.769	195.62
708.105	193.36
708.441	190.67
708.776	196.8
709.112	193.36
709.447	198.09
709.783	205.09
710.118	203.69
710.453	202.07
710.789	199.38
711.124	196.26
711.459	202.83
711.794	202.72
712.129	194.11
712.464	190.88
712.799	193.46
713.134	198.52
713.469	204.87
713.804	203.36
714.139	203.15
714.474	205.62
714.809	206.38
715.143	209.07
715.478	207.24
715.813	197.88
716.147	198.84
716.482	199.92
716.816	197.45
717.151	197.66
717.485	189.7
717.819	187.01
718.154	192.5
718.488	184.1
718.822	182.06
719.156	186.79
719.491	187.12
719.825	194.43
720.159	192.28
720.493	183.56
720.827	189.27
721.161	187.55
721.494	188.41
721.828	188.94
722.162	188.51
722.496	192.17
722.829	199.28
723.163	199.81
723.497	200.35
723.83	202.61
724.164	201.64
724.497	201.64
724.83	200.67
725.164	204.98
725.497	203.69
725.83	200.89
726.164	196.91
726.497	198.31
726.83	195.62
727.163	199.6
727.496	193.36
727.829	189.59
728.162	190.99
728.495	194.76
728.828	194.76
729.16	189.37
729.493	187.55
729.826	185.5
730.159	179.04
730.491	176.03
730.824	172.91
731.156	179.15
731.489	180.98
731.821	182.06
732.154	184.86
732.486	193.25
732.818	194.32
733.151	192.07
733.483	179.8
733.815	179.8
734.147	179.37
734.479	180.66
734.811	183.78
735.143	187.01
735.475	190.67
735.807	200.78
736.139	203.69
736.471	199.71
736.803	191.74
737.134	190.13
737.466	194.11
737.798	195.4
738.129	196.69
738.461	196.91
738.792	199.17
739.124	203.47
739.455	201.53
739.786	195.83
740.118	193.25
740.449	189.59
740.78	188.51
741.111	190.77
741.442	199.6
741.773	202.4
742.104	209.07
742.435	212.73
742.766	210.79
743.097	210.68
743.428	207.45
743.759	201
744.09	196.48
744.42	191.2
744.751	186.36
745.081	184.64
745.412	186.68
745.743	184.96
746.073	184.21
746.403	185.61
746.734	186.58
747.064	188.62
747.394	194.11
747.725	198.2
748.055	199.06
748.385	197.55
748.715	202.5
749.045	202.5
749.375	205.62
749.705	201.32
750.035	198.74
750.365	197.34
750.695	198.84
751.024	194
751.354	190.67
751.684	189.7
752.013	186.79
752.343	192.71
752.673	195.83
753.002	193.89
753.331	195.51
753.661	199.92
753.99	195.08
754.32	195.51
754.649	187.76
754.978	185.07
755.307	184.96
755.636	180.55
755.965	181.73
756.294	182.81
756.623	183.03
756.952	184.75
757.281	189.48
757.61	191.31
757.939	198.31
758.267	187.76
758.596	190.67
758.925	195.4
759.253	204.66
759.582	205.09
759.91	203.58
760.239	201
760.567	211.33
760.896	204.33
761.224	199.92
761.552	190.56
761.881	182.38
762.209	182.7
762.537	184.21
762.865	180.87
763.193	185.72
763.521	185.72
763.849	185.07
764.177	192.07
764.505	191.74
764.832	194.97
765.16	202.5
765.488	206.27
765.815	212.08
766.143	215.85
766.471	215.85
766.798	222.3
767.126	212.83
767.453	205.19
767.78	206.05
768.108	208.74
768.435	204.66
768.762	205.3
769.089	200.03
769.417	204.55
769.744	202.61
770.071	197.45
770.398	193.57
770.725	191.42
771.052	189.59
771.378	191.63
771.705	189.37
772.032	190.56
772.359	189.16
772.685	182.27
773.012	193.79
773.338	192.5
773.665	198.31
773.991	204.01
774.318	204.98
774.644	206.38
774.971	210.04
775.297	214.66
775.623	215.85
775.949	210.9
776.275	210.25
776.601	213.69
776.927	210.9
777.253	215.52
777.579	202.07
777.905	203.15
778.231	202.07
778.557	203.36
778.883	197.02
779.208	200.89
779.534	201.43
779.86	202.5
780.185	200.35
780.511	197.02
780.836	192.5
781.162	196.58
781.487	196.91
781.812	192.07
782.138	191.96
782.463	194.86
782.788	204.98
783.113	209.07
783.438	210.9
783.763	207.67
784.088	212.3
784.413	207.67
784.738	200.57
785.063	191.2
785.388	196.58
785.712	198.95
786.037	201.75
786.362	199.71
786.686	198.95
787.011	207.67
787.335	214.23
787.66	219.08
787.984	219.18
788.308	221.01
788.633	222.41
788.957	225.85
789.281	223.49
789.605	220.47
789.93	214.66
790.254	212.73
790.578	213.26
790.902	212.3
791.225	208.53
791.549	214.99
791.873	207.02
792.197	198.41
792.521	197.77
792.844	194.22
793.168	197.77
793.492	202.93
793.815	194.97
794.139	202.5
794.462	204.98
794.785	207.78
795.109	206.92
795.432	204.87
795.755	207.99
796.078	213.16
796.401	211.11
796.725	208.96
797.048	205.19
797.371	208.96
797.694	208.74
798.016	203.15
798.339	195.94
798.662	201.53
798.985	207.24
799.308	205.95
799.63	206.59
799.953	207.24
800.275	209.5
800.598	216.17
800.92	211.87
801.243	210.47
801.565	218.11
801.887	218.21
802.21	221.01
802.532	225.96
802.854	227.04
803.176	230.7
803.498	227.25
803.82	225.64
804.142	222.3
804.464	218
804.786	211.33
805.108	212.51
805.429	213.8
805.751	217.35
806.073	221.01
806.394	223.27
806.716	218
807.038	223.49
807.359	221.98
807.68	219.51
808.002	219.51
808.323	214.34
808.644	210.04
808.966	218.21
809.287	221.98
809.608	215.2
809.929	215.09
810.25	218
810.571	214.99
810.892	218.65
811.213	214.88
811.534	212.08
811.854	217.35
812.175	216.49
812.496	213.26
812.816	220.58
813.137	224.99
813.458	228.33
813.778	234.89
814.098	234.89
814.419	243.07
814.739	250.28
815.059	250.71
815.38	254.16
815.7	254.59
816.02	250.82
816.34	255.77
816.66	262.44
816.98	263.63
817.3	268.25
817.62	270.73
817.94	279.66
818.26	284.83
818.579	296.88
818.899	298.38
819.219	306.03
819.538	316.36
819.858	325.18
820.177	334.54
820.497	337.99
820.816	339.06
821.135	343.37
821.455	349.82
821.774	349.82
822.093	344.87
822.412	345.73
822.731	356.49
823.05	350.25
823.369	344.98
823.688	343.9
824.007	342.83
824.326	345.3
824.645	339.71
824.963	330.35
825.282	334.11
825.601	332.82
825.919	320.44
826.238	312.37
826.556	337.77
826.875	334.33
827.193	332.82
827.511	335.08
827.83	331.42
828.148	340.78
828.466	347.56
828.784	321.74
829.102	320.44
829.42	333.14
829.738	334.76
830.056	346.59
830.374	352.51
830.692	358.97
831.01	369.95
831.327	387.92
831.645	388.78
831.963	395.66
832.28	406.86
832.598	415.36
832.915	424.5
833.233	433.11
833.55	436.99
833.867	445.92
834.185	455.17
834.502	451.73
834.819	447.53
835.136	449.15
835.453	450.01
835.77	454.31
836.087	453.45
836.404	453.56
836.721	467.23
837.038	469.7
837.355	468.52
837.671	471.21
837.988	476.91
838.305	487.13
838.621	506.5
838.938	519.96
839.254	551.92
839.571	588.29
839.887	632.73
840.203	677.17
840.52	734.1
840.836	783.17
841.152	842.9
841.468	911.34
841.784	972.67
842.1	1047.36
842.416	1124.94
842.732	1195.97
843.048	1277.86
843.364	1355.88
843.679	1423.24
843.995	1507.18
844.311	1578.52
844.626	1646.75
844.942	1717.99
845.257	1773.19
845.573	1825.6
845.888	1874.56
846.203	1914.05
846.519	1935.47
846.834	1950.21
847.149	1952.69
847.464	1957.42
847.779	1961.62
848.094	1957.21
848.409	1944.62
848.724	1938.7
849.039	1927.07
849.354	1914.38
849.669	1896.84
849.983	1862.83
850.298	1826.46
850.613	1788.26
850.927	1747.69
851.242	1705.29
851.556	1663.21
851.871	1629.42
852.185	1609.41
852.499	1586.81
852.814	1581.43
853.128	1608.98
853.442	1624.69
853.756	1648.26
854.07	1673.44
854.384	1699.91
854.698	1746.4
855.012	1800.31
855.326	1823.12
855.64	1866.49
855.953	1912.55
856.267	1966.78
856.581	2013.81
856.894	2047.38
857.208	2069.01
857.521	2089.89
857.835	2112.6
858.148	2119.27
858.461	2118.84
858.775	2117.55
859.088	2128.41
859.401	2127.02
859.714	2140.68
860.027	2168.45
860.34	2201.05
860.653	2236.78
860.966	2294.67
861.279	2363.97
861.592	2449.31
861.904	2534.11
862.217	2628.59
862.53	2756.32
862.842	2899.66
863.155	3055.59
863.467	3223.46
863.78	3415.33
864.092	3623.67
864.405	3837.06
864.717	4054.33
865.029	4286.77
865.341	4509.73
865.653	4736.9
865.966	4955.14
866.278	5194.35
866.589	5410.44
866.901	5616.19
867.213	5816.99
867.525	6020.7
867.837	6201.38
868.149	6352.79
868.46	6497.74
868.772	6637.09
869.083	6763.75
869.395	6892.99
869.706	7018.36
870.018	7147.38
870.329	7282.65
870.64	7411.46
870.952	7566.74
871.263	7699.86
871.574	7818.12
871.885	7936.92
872.196	8070.9
872.507	8220.69
872.818	8334.87
873.129	8431.93
873.44	8560.21
873.75	8670.18
874.061	8752.29
874.372	8818.69
874.682	8865.5
874.993	8922.21
875.303	8933.19
875.614	8930.71
875.924	8883.25
876.235	8847.85
876.545	8789.2
876.855	8698.06
877.165	8560.96
877.475	8429.57
877.786	8263.95
878.096	8061.97
878.406	7779.49
878.715	7484.21
879.025	7173.75
879.335	6857.27
879.645	6509.25
879.955	6141.22
880.264	5822.16
880.574	5531.39
880.883	5220.07
881.193	4931.46
881.502	4634.67
881.812	4373.5
882.121	4135.79
882.43	3919.6
882.74	3756.03
883.049	3626.9
883.358	3525.2
883.667	3483.45
883.976	3483.45
884.285	3527.03
884.594	3596.98
884.903	3688.45
885.212	3848.79
885.52	4066.38
885.829	4307.1
886.138	4599.05
886.446	4940.93
886.755	5326.93
887.063	5827.75
887.372	6344.28
887.68	6937.22
887.988	7650.36
888.297	8435.06
888.605	9315.1
888.913	10337.51
889.221	11407.16
889.529	12663.84
889.837	13987.02
890.145	15406.95
890.453	16955.57
890.761	18555.75
891.069	20241.69
891.377	22025.01
891.684	23808.77
891.992	25557.98
892.299	27273.84
892.607	28851.41
892.914	30408.22
893.222	31852.57
893.529	33238.28
893.837	34389.93
894.144	35492.08
894.451	36410.32
894.758	37182.32
895.065	37817.44
895.372	38320.52
895.679	38504.32
895.986	38828.88
896.293	38811.44
896.6	38604.08
896.907	38314.6
897.213	37900.73
897.52	37257.86
897.827	36501.36
898.133	35398.13
898.44	34390.14
898.746	33326.09
899.053	32224.05
899.359	31002.88
899.665	29794.3
899.972	28651.04
900.278	27491.21
900.584	26324.93
900.89	25217.4
901.196	24052.94
901.502	22998.68
901.808	21961.09
902.114	20976.13
902.419	20073.71
902.725	19223.9
903.031	18487.09
903.337	17912.13
903.642	17369.23
903.948	17001.31
904.253	16728.73
904.559	16630.05
904.864	16634.79
905.169	16782.21
905.475	17045.86
905.78	17432.83
906.085	17876.94
906.39	18416.93
906.695	18980.16
907	19640.25
907.305	20293.02
907.61	20894.67
907.915	21561.96
908.219	22214.73
908.524	22857.6
908.829	23427.83
909.133	23981.59
909.438	24468.1
909.743	25031.77
910.047	25445.21
910.351	25872.1
910.656	26237.87
910.96	26620.43
911.264	26982.21
911.568	27354.33
911.873	27654.57
912.177	27969.65
912.481	28279.25
912.785	28712.49
913.088	29144.98
913.392	29552.82
913.696	29954.42
914	30422.1
914.304	30936.7
914.607	31470.98
914.911	31863.23
915.214	32370.5
915.518	32895.75
915.821	33383.77
916.124	33807.54
916.428	34196.77
916.731	34601.71
917.034	34996.32
917.337	35168.06
917.64	35397.49
917.943	35629.28
918.246	35764.87
918.549	35829.12
918.852	35777.25
919.155	35883.89
919.458	35981.49
919.76	36126.12
920.063	36218.34
920.366	36387.83
920.668	36828.17
920.971	37324.48
921.273	37789.03
921.576	38515.08
921.878	39059.06
922.18	39981.06
922.482	40956.99
922.784	41872.86
923.087	43031.51
923.389	44229.86
923.691	45429.83
923.992	46853.95
924.294	48187.14
924.596	49713.6
924.898	51202.08
925.2	52474.9
925.501	53747.72
925.803	54986.86
926.104	56013.25
926.406	56803.44
926.707	57444.04
927.009	57981.45
927.31	58351.53
927.611	58585.9
927.912	58640.78
928.214	58648.64
928.515	58587.73
928.816	58320.64
929.117	57977.36
929.418	57663.57
929.719	57253.36
930.019	56749.52
930.32	56275.82
930.621	55699.03
930.922	55042.28
931.222	54217.01
931.523	53274.23
931.823	52309.61
932.124	51194.87
932.424	50119.83
932.724	48818.6
933.025	47658.67
933.325	46645.08
933.625	45630.31
933.925	44668.49
934.225	43844.62
934.525	42990.4
934.825	42429.43
935.125	41832.72
935.425	41085.58
935.724	40425.71
936.024	39534.91
936.324	38643.46
936.623	37729.63
936.923	36581.1
937.222	35337.44
937.522	34268.97
937.821	33056.41
938.12	31927.15
938.42	30733.63
938.719	29413.47
939.018	28416.02
939.317	27506.92
939.616	26541.44
939.915	25666.46
940.214	25069.32
940.513	24547.09
940.812	24230.39
941.111	24029.48
941.409	23988.05
941.708	24239.11
942.006	24762.52
942.305	25383.22
942.603	26342.57
942.902	27301.71
943.2	28394.61
943.499	29655.8
943.797	30988.78
944.095	32288.18
944.393	33639.13
944.691	34937.56
944.989	36367.39
945.287	37720.81
945.585	38926.16
945.883	40117.62
946.181	41454.58
946.479	42892.8
946.776	44486.84
947.074	46176.87
947.371	47790.6
947.669	49542.61
947.966	51251.04
948.264	52809.68
948.561	54024.06
948.858	55131.16
949.156	55970.96
949.453	56869.08
949.75	57505.7
950.047	57942.5
950.344	58340.33
950.641	58710.62
950.938	58845.35
951.235	58914.65
951.532	58735.37
951.828	58369.71
952.125	57848.12
952.422	57119.81
952.718	56313.59
953.015	55329.81
953.311	54356.26
953.607	53239.37
953.904	52086.1
954.2	50828.56
954.496	49335.89
954.792	47538.04
955.089	45639.57
955.385	43374.46
955.681	41035.87
955.976	38439
956.272	35942.86
956.568	33522.37
956.864	31281.27
957.16	29101.18
957.455	27158.16
957.751	25312.85
958.046	23771.64
958.342	22358.82
958.637	21175.32
958.933	20286.67
959.228	19852.46
959.523	19694.48
959.818	19899.91
960.114	20566.03
960.409	21575.09
960.704	22896.23
960.999	24432.7
961.294	25981
961.588	27862.15
961.883	29890.72
962.178	32043.26
962.473	34278.23
962.767	36555.49
963.062	38842.65
963.356	41376.99
963.651	43716.34
963.945	46021.26
964.239	48265.16
964.534	50316.55
964.828	52308.96
965.122	54147.28
965.416	55596.26
965.71	56836.69
966.004	57816.7
966.298	58512.73
966.592	58988.8
966.886	59237.49
967.18	59342.73
967.473	59358.66
967.767	59310.02
968.061	59174.75
968.354	58977.61
968.648	58645.09
968.941	58210.88
969.234	57546.81
969.528	56700.13
969.821	55695.8
970.114	54586.98
970.407	53117.87
970.7	51521.79
970.993	49736.2
971.286	47833.86
971.579	45657.32
971.872	43295.48
972.165	40664.61
972.457	38051.28
972.75	35453.77
973.043	32859.06
973.335	30321.81
973.628	28088.78
973.92	25986.71
974.213	24232.54
974.505	22636.78
974.797	21177.79
975.089	19880.76
975.382	18772.58
975.674	17717.78
975.966	16879.28
976.258	16130.41
976.55	15571.27
976.841	15137.81
977.133	14872.12
977.425	14716.41
977.717	14673.58
978.008	14672.83
978.3	14700.59
978.591	14777.64
978.883	14823.91
979.174	14841.56
979.465	14841.99
979.757	14796.36
980.048	14665.62
980.339	14490.75
980.63	14279.18
980.921	14021.35
981.212	13694
981.503	13315.53
981.794	12944.81
982.085	12554.83
982.376	12154.3
982.666	11673.28
982.957	11228.85
983.248	10767.84
983.538	10275.74
983.828	9738.65
984.119	9225.24
984.409	8692.68
984.7	8153.76
984.99	7575.24
985.28	7038.7
985.57	6538.52
985.86	6059.65
986.15	5604.35
986.44	5193.71
986.73	4828.37
987.02	4521.57
987.309	4248.24
987.599	4024.19
987.889	3859.44
988.178	3704.7
988.468	3596.01
988.757	3514.01
989.047	3434.7
989.336	3364.97
989.625	3283.19
989.915	3218.73
990.204	3172.56
990.493	3112.19
990.782	3052.25
991.071	3006.84
991.36	2956.7
991.649	2917.42
991.938	2860.17
992.226	2800.44
992.515	2738.68
992.804	2675.62
993.092	2612.99
993.381	2550.36
993.669	2470.19
993.958	2375.17
994.246	2290.91
994.534	2200.3
994.823	2105.49
995.111	2006.28
995.399	1903.83
995.687	1817.96
995.975	1733.48
996.263	1626.95
996.551	1539.89
996.839	1454.23
997.126	1369.97
997.414	1289.8
997.702	1229.65
997.989	1167.13
998.277	1127.96
998.564	1080.07
998.852	1038.64
999.139	998.18
999.426	969.12
999.713	932.64
1000.001	911.34
1000.288	881.96
1000.575	860.97
1000.862	834.39
1001.149	816.21
1001.436	799.42
1001.722	775.75
1002.009	759.5
1002.296	742.82
1002.582	724.42
1002.869	712.69
1003.156	695.9
1003.442	686.86
1003.728	677.61
1004.015	664.8
1004.301	649.63
1004.587	627.89
1004.873	609.7
1005.16	599.7
1005.446	579.57
1005.732	560.52
1006.017	540.51
1006.303	530.39
1006.589	535.24
1006.875	524.58
1007.161	515.01
1007.446	508.12
1007.732	502.63
1008.017	501.23
1008.303	493.27
1008.588	470.67
1008.873	468.09
1009.159	457.11
1009.444	445.38
1009.729	437.74
1010.014	430.32
1010.299	423.43
1010.584	424.29
1010.869	416.76
1011.154	409.55
1011.439	409.65
1011.723	401.8
1012.008	388.24
1012.293	379.2
1012.577	368.98
1012.862	358.86
1013.146	358.11
1013.43	348.96
1013.715	344.23
1013.999	335.19
1014.283	331.74
1014.567	326.58
1014.851	329.91
1015.135	324.53
1015.419	321.09
1015.703	322.6
1015.987	329.48
1016.271	333.79
1016.555	335.3
1016.838	330.56
1017.122	334.22
1017.405	327.22
1017.689	319.48
1017.972	322.7
1018.256	320.66
1018.539	319.48
1018.822	317.22
1019.105	323.35
1019.388	327.87
1019.671	329.81
1019.954	322.81
1020.237	314.74
1020.52	314.74
1020.803	312.37
1021.086	299.78
1021.368	298.92
1021.651	298.19
1021.934	298.06
1022.216	302.96
