339.735	26.46
340.108	0.24
340.482	-18.43
340.855	-25.56
341.228	-29.60
341.602	-27.71
341.975	-33.75
342.348	-28.74
342.721	-17.04
343.094	-10.82
343.468	1.04
343.841	13.19
344.214	20.76
344.587	28.73
344.960	30.44
345.333	34.12
345.706	41.00
346.079	40.80
346.452	47.18
346.824	57.35
347.197	68.67
347.570	81.45
347.943	93.79
348.316	107.72
348.688	116.67
349.061	121.58
349.434	125.52
349.806	127.66
350.179	130.40
350.552	128.17
350.924	127.13
351.297	134.23
351.669	135.34
352.042	140.73
352.414	146.61
352.787	142.06
353.159	143.13
353.531	145.34
353.904	144.97
354.276	147.33
354.648	144.72
355.020	141.60
355.393	146.62
355.765	149.21
356.137	151.01
356.509	150.00
356.881	148.34
357.253	145.59
357.625	154.44
357.997	164.89
358.369	164.02
358.741	161.35
359.113	168.16
359.485	174.33
359.857	173.80
360.229	164.37
360.600	157.42
360.972	159.41
361.344	155.03
361.716	151.05
362.087	146.81
362.459	144.69
362.831	144.47
363.202	138.54
363.574	131.80
363.945	135.06
364.317	134.10
364.688	131.74
365.060	133.76
365.431	132.63
365.803	130.55
366.174	132.27
366.545	135.43
366.917	135.44
367.288	136.34
367.659	144.20
368.030	144.52
368.402	147.07
368.773	150.18
369.144	145.31
369.515	144.21
369.886	144.49
370.257	135.61
370.628	132.27
370.999	131.20
371.370	132.09
371.741	139.57
372.112	143.90
372.483	143.25
372.853	149.95
373.224	155.01
373.595	170.69
373.966	187.65
374.336	185.83
374.707	187.95
375.078	190.35
375.448	184.71
375.819	181.68
376.190	167.75
376.560	151.99
376.931	148.24
377.301	140.48
377.671	141.93
378.042	146.83
378.412	151.23
378.783	154.34
379.153	152.47
379.523	153.02
379.893	158.85
380.264	159.48
380.634	155.02
381.004	154.38
381.374	153.31
381.744	161.64
382.114	168.52
382.484	162.68
382.854	163.41
383.224	171.31
383.594	167.57
383.964	167.85
384.334	164.01
384.704	158.33
385.074	166.92
385.444	164.32
385.814	158.31
386.183	166.25
386.553	167.71
386.923	161.89
387.292	160.66
387.662	157.57
388.032	156.05
388.401	156.23
388.771	151.20
389.140	146.55
389.510	148.92
389.879	149.72
390.248	146.66
390.618	153.76
390.987	158.21
391.356	157.31
391.726	161.62
392.095	159.85
392.464	158.49
392.833	163.65
393.203	156.18
393.572	146.20
393.941	153.24
394.310	147.50
394.679	159.24
395.048	181.43
395.417	174.87
395.786	177.54
396.155	183.96
396.524	182.58
396.893	188.33
397.261	188.49
397.630	179.86
397.999	180.51
398.368	173.95
398.736	169.42
399.105	165.81
399.474	166.19
399.842	157.75
400.211	149.15
400.579	152.13
400.948	155.28
401.317	159.06
401.685	163.97
402.053	166.43
402.422	167.30
402.790	166.63
403.158	167.78
403.527	168.11
403.895	171.44
404.263	165.99
404.632	159.50
405.000	161.38
405.368	156.66
405.736	159.92
406.104	169.08
406.472	165.17
406.840	169.16
407.208	171.46
407.576	167.82
407.944	170.31
408.312	164.22
408.680	158.54
409.048	161.43
409.415	159.78
409.783	163.74
410.151	163.28
410.519	160.35
410.886	162.93
411.254	160.46
411.622	156.42
411.989	149.97
412.357	146.02
412.724	151.27
413.092	154.69
413.459	154.12
413.827	159.14
414.194	162.70
414.561	170.38
414.929	170.54
415.296	164.66
415.663	165.28
416.030	161.82
416.398	155.19
416.765	154.55
417.132	154.80
417.499	150.00
417.866	144.87
418.233	138.93
418.600	140.73
418.967	143.85
419.334	135.87
419.701	132.40
420.068	144.92
420.435	151.06
420.802	153.86
421.168	152.83
421.535	147.71
421.902	152.28
422.269	153.68
422.635	147.45
423.002	150.95
423.369	154.01
423.735	149.39
424.102	153.92
424.468	158.66
424.835	159.02
425.201	158.24
425.567	158.58
425.934	159.56
426.300	161.81
426.667	159.42
427.033	155.48
427.399	154.24
427.765	155.11
428.131	152.73
428.498	155.22
428.864	165.00
429.230	171.53
429.596	179.34
429.962	188.50
430.328	190.98
430.694	189.37
431.060	185.87
431.426	181.97
431.792	182.61
432.157	180.18
432.523	173.24
432.889	171.12
433.255	171.44
433.620	173.82
433.986	171.22
434.352	163.48
434.717	158.90
435.083	158.13
435.448	157.47
435.814	159.30
436.179	160.22
436.545	163.04
436.910	172.01
437.276	176.80
437.641	179.84
438.006	183.87
438.372	182.74
438.737	180.90
439.102	185.05
439.467	182.70
439.832	181.30
440.197	186.18
440.563	188.87
440.928	192.08
441.293	194.65
441.658	196.85
442.023	195.47
442.387	195.39
442.752	190.02
443.117	188.35
443.482	194.97
443.847	194.18
444.212	191.96
444.576	198.08
444.941	203.28
445.306	208.30
445.670	209.22
446.035	207.16
446.399	214.01
446.764	218.50
447.128	223.26
447.493	224.50
447.857	225.11
448.222	227.23
448.586	223.99
448.950	223.92
449.315	228.37
449.679	227.74
450.043	230.70
450.407	236.17
450.772	240.19
451.136	250.62
451.500	253.64
451.864	248.77
452.228	250.78
452.592	253.02
452.956	252.83
453.320	254.45
453.684	250.04
454.047	250.42
454.411	254.60
454.775	254.47
455.139	253.47
455.503	248.94
455.866	246.58
456.230	247.91
456.594	245.22
456.957	240.64
457.321	235.99
457.684	234.20
458.048	232.25
458.411	230.94
458.775	233.78
459.138	228.05
459.501	226.42
459.865	228.45
460.228	222.64
460.591	227.37
460.955	222.68
461.318	213.53
461.681	221.78
462.044	219.93
462.407	217.88
462.770	222.76
463.133	214.73
463.496	212.51
463.859	215.60
464.222	212.00
464.585	213.77
464.948	214.92
465.311	211.60
465.674	213.63
466.036	215.29
466.399	211.31
466.762	210.16
467.124	212.06
467.487	211.57
467.850	213.37
468.212	215.16
468.575	215.21
468.937	224.10
469.300	228.16
469.662	225.04
470.024	223.79
470.387	218.87
470.749	213.86
471.111	213.24
471.474	206.22
471.836	204.81
472.198	209.05
472.560	212.28
472.922	220.62
473.284	224.52
473.646	223.20
474.008	223.68
474.370	221.05
474.732	216.21
475.094	208.49
475.456	202.21
475.818	203.44
476.180	206.23
476.542	205.17
476.903	201.28
477.265	199.30
477.627	203.82
477.988	205.46
478.350	203.26
478.711	208.13
479.073	212.10
479.435	216.34
479.796	222.20
480.157	220.58
480.519	220.58
480.880	226.74
481.241	223.87
481.603	221.25
481.964	223.62
482.325	221.24
482.686	220.92
483.048	221.17
483.409	215.92
483.770	213.95
484.131	215.78
484.492	216.23
484.853	219.30
485.214	223.60
485.575	226.72
485.936	230.88
486.296	235.91
486.657	237.98
487.018	241.50
487.379	245.06
487.739	242.58
488.100	251.20
488.461	260.03
488.821	260.33
489.182	259.83
489.542	255.78
489.903	252.97
490.263	254.98
490.624	247.77
490.984	237.76
491.345	238.27
491.705	240.91
492.065	245.39
492.425	247.55
492.786	249.91
493.146	253.41
493.506	259.37
493.866	261.20
494.226	260.34
494.586	265.67
494.946	269.24
495.306	271.16
495.666	268.40
496.026	266.33
496.386	267.94
496.746	271.94
497.106	266.40
497.465	261.04
497.825	261.52
498.185	263.98
498.544	267.07
498.904	270.08
499.264	276.78
499.623	282.34
499.983	286.59
500.342	292.10
500.702	294.73
501.061	293.20
501.420	289.21
501.780	287.41
502.139	285.60
502.498	288.02
502.858	287.26
503.217	285.83
503.576	283.97
503.935	283.13
504.294	273.37
504.653	276.61
505.012	277.09
505.371	268.81
505.730	270.89
506.089	279.38
506.448	284.42
506.807	291.52
507.166	288.93
507.524	284.02
507.883	296.25
508.242	303.03
508.601	296.14
508.959	297.63
509.318	299.82
509.676	299.87
510.035	308.83
510.393	307.78
510.752	301.89
511.110	308.03
511.469	315.16
511.827	320.79
512.185	325.26
512.544	319.56
512.902	321.04
513.260	325.15
513.618	327.26
513.976	328.49
514.334	328.50
514.692	329.28
515.050	336.14
515.408	334.53
515.766	339.22
516.124	345.59
516.482	347.35
516.840	352.51
517.198	356.85
517.556	358.96
517.913	365.16
518.271	370.34
518.629	375.69
518.986	377.37
519.344	374.41
519.701	372.90
520.059	378.96
520.416	387.68
520.774	387.84
521.131	384.76
521.489	389.06
521.846	392.86
522.203	400.45
522.561	406.84
522.918	412.69
523.275	421.63
523.632	425.74
523.989	429.23
524.346	436.62
524.703	441.45
525.060	441.34
525.417	433.27
525.774	428.07
526.131	430.73
526.488	426.10
526.845	424.60
527.202	430.10
527.559	431.92
527.915	432.01
528.272	431.03
528.629	433.97
528.985	439.70
529.342	435.05
529.698	428.23
530.055	432.72
530.411	438.07
530.768	438.41
531.124	434.62
531.480	434.13
531.837	443.88
532.193	446.18
532.549	438.89
532.906	437.86
533.262	441.79
533.618	450.96
533.974	452.07
534.330	449.68
534.686	456.65
535.042	466.31
535.398	468.28
535.754	467.24
536.110	462.98
536.466	461.88
536.821	461.57
537.177	452.95
537.533	447.25
537.889	448.72
538.244	452.69
538.600	452.72
538.955	453.91
539.311	453.61
539.667	451.96
540.022	454.04
540.377	455.94
540.733	454.06
541.088	454.49
541.444	455.80
541.799	460.72
542.154	468.31
542.509	468.67
542.864	470.68
543.220	474.46
543.575	475.53
543.930	473.38
544.285	471.48
544.640	473.07
544.995	473.80
545.350	473.65
545.705	475.64
546.059	482.18
546.414	489.41
546.769	493.46
547.124	491.31
547.478	495.29
547.833	499.87
548.188	499.29
548.542	497.91
548.897	494.95
549.251	489.27
549.606	494.85
549.960	491.77
550.315	484.31
550.669	486.20
551.023	486.37
551.378	490.77
551.732	498.80
552.086	498.02
552.440	501.60
552.794	504.05
553.148	505.95
553.502	508.69
553.856	502.85
554.210	525.64
554.564	543.30
554.918	541.68
555.272	546.79
555.626	545.56
555.980	542.40
556.334	550.90
556.687	528.78
557.041	519.04
557.395	527.75
557.748	528.95
558.102	533.78
558.455	541.38
558.809	541.42
559.162	548.60
559.516	551.89
559.869	545.56
560.222	548.15
560.576	549.65
560.929	551.92
561.282	560.12
561.635	561.38
561.988	558.41
562.342	562.30
562.695	564.84
563.048	570.57
563.401	576.29
563.754	573.20
564.107	574.64
564.459	582.83
564.812	594.04
565.165	597.39
565.518	595.29
565.871	595.95
566.223	607.73
566.576	607.12
566.929	598.71
567.281	599.71
567.634	601.48
567.986	608.93
568.339	613.05
568.691	606.66
569.044	612.19
569.396	629.12
569.748	633.71
570.100	637.76
570.453	633.53
570.805	626.17
571.157	633.81
571.509	638.51
571.861	630.42
572.213	629.31
572.565	633.65
572.917	638.23
573.269	644.63
573.621	642.19
573.973	635.54
574.325	637.09
574.677	635.73
575.028	631.45
575.380	631.26
575.732	631.55
576.083	629.95
576.435	630.72
576.786	637.80
577.138	647.41
577.489	647.95
577.841	651.18
578.192	654.76
578.543	653.90
578.895	654.88
579.246	648.46
579.597	640.68
579.948	638.87
580.300	634.40
580.651	627.10
581.002	620.14
581.353	614.03
581.704	615.78
582.055	616.00
582.406	618.77
582.757	617.29
583.107	618.16
583.458	626.37
583.809	636.20
584.160	630.65
584.510	625.35
584.861	620.03
585.212	622.27
585.562	624.85
585.913	624.26
586.263	617.06
586.614	616.93
586.964	613.48
587.315	611.74
587.665	603.52
588.015	593.97
588.365	586.01
588.716	593.21
589.066	597.80
589.416	603.14
589.766	605.92
590.116	607.28
590.466	612.51
590.816	618.11
591.166	609.02
591.516	606.74
591.866	602.98
592.216	601.93
592.566	608.04
592.915	608.68
593.265	604.59
593.615	607.12
593.964	607.61
594.314	611.65
594.663	613.25
595.013	606.02
595.362	607.47
595.712	617.81
596.061	616.86
596.411	613.30
596.760	602.72
597.109	597.71
597.458	601.79
597.808	603.95
598.157	595.62
598.506	596.66
598.855	596.58
599.204	602.26
599.553	601.69
599.902	596.51
600.251	589.75
600.600	591.06
600.949	589.05
601.297	588.00
601.646	590.25
601.995	592.78
602.344	594.43
602.692	593.32
603.041	593.90
603.389	591.17
603.738	593.46
604.086	586.23
604.435	582.18
604.783	583.95
605.132	585.45
605.480	586.49
605.828	593.49
606.177	591.31
606.525	593.57
606.873	601.09
607.221	606.12
607.569	602.35
607.917	595.28
608.265	588.29
608.613	582.51
608.961	584.73
609.309	579.75
609.657	572.52
610.005	574.17
610.352	577.88
610.700	569.65
611.048	574.95
611.395	571.86
611.743	567.95
612.091	564.70
612.438	567.46
612.786	566.72
613.133	570.49
613.480	564.17
613.828	565.29
614.175	570.69
614.522	578.32
614.870	568.47
615.217	566.17
615.564	583.75
615.911	595.11
616.258	590.41
616.605	586.16
616.952	581.57
617.299	588.02
617.646	591.43
617.993	581.31
618.340	572.12
618.687	575.00
619.033	575.13
619.380	573.06
619.727	570.33
620.073	571.86
620.420	568.75
620.767	567.98
621.113	571.35
621.459	572.06
621.806	575.86
622.152	583.14
622.499	581.69
622.845	581.05
623.191	580.45
623.537	571.63
623.884	570.07
624.230	571.75
624.576	562.66
624.922	559.82
625.268	555.18
625.614	545.54
625.960	547.00
626.306	546.70
626.652	535.64
626.998	539.79
627.343	538.81
627.689	541.27
628.035	547.17
628.380	545.03
628.726	549.32
629.072	556.87
629.417	552.29
629.763	549.45
630.108	541.53
630.453	537.91
630.799	536.70
631.144	524.12
631.489	509.28
631.835	502.08
632.180	497.62
632.525	498.40
632.870	492.46
633.215	490.08
633.560	497.46
633.905	503.50
634.250	500.00
634.595	489.64
634.940	482.53
635.285	480.32
635.630	472.18
635.974	457.56
636.319	445.57
636.664	439.31
637.008	443.55
637.353	443.82
637.698	445.74
638.042	447.74
638.387	447.27
638.731	450.69
639.075	454.53
639.420	452.83
639.764	449.90
640.108	443.30
640.452	443.44
640.797	451.61
641.141	450.07
641.485	448.55
641.829	448.35
642.173	450.66
642.517	450.30
642.861	445.49
643.205	437.94
643.549	433.33
643.892	429.48
644.236	424.23
644.580	424.09
644.923	425.23
645.267	423.35
645.611	421.04
645.954	427.99
646.298	428.05
646.641	429.85
646.985	425.43
647.328	421.78
647.671	420.87
648.015	422.71
648.358	417.01
648.701	412.31
649.044	409.35
649.387	408.11
649.731	407.63
650.074	404.77
650.417	397.98
650.760	396.40
651.102	398.74
651.445	390.43
651.788	385.02
652.131	383.58
652.474	387.35
652.816	382.44
653.159	379.85
653.502	374.67
653.844	379.95
654.187	379.20
654.529	378.09
654.872	373.19
655.214	375.12
655.557	372.06
655.899	368.74
656.241	366.14
656.583	368.83
656.926	369.55
657.268	363.86
657.610	359.19
657.952	359.34
658.294	359.14
658.636	361.92
658.978	357.65
659.320	355.70
659.662	360.41
660.004	362.26
660.345	355.54
660.687	359.25
661.029	346.58
661.371	343.77
661.712	343.32
662.054	341.59
662.395	343.77
662.737	354.38
663.078	347.55
663.420	352.58
663.761	349.52
664.102	349.47
664.444	349.38
664.785	346.50
665.126	337.81
665.467	346.41
665.808	348.46
666.149	347.99
666.490	342.62
666.831	338.52
667.172	334.68
667.513	340.00
667.854	328.48
668.195	321.83
668.535	324.01
668.876	327.22
669.217	325.85
669.557	330.27
669.898	323.32
670.239	342.13
670.579	354.44
670.920	355.56
671.260	351.11
671.600	350.14
671.941	346.10
672.281	342.73
672.621	325.81
672.961	317.23
673.302	312.45
673.642	310.35
673.982	315.44
674.322	316.98
674.662	310.87
675.002	330.62
675.342	329.50
675.682	330.32
676.021	332.89
676.361	323.38
676.701	316.36
677.041	327.31
677.380	310.34
677.720	304.48
678.059	303.78
678.399	295.27
678.738	299.67
679.078	303.71
679.417	299.30
679.756	292.03
680.096	289.95
680.435	291.52
680.774	297.48
681.113	296.52
681.453	296.75
681.792	297.98
682.131	300.52
682.470	305.18
682.809	303.78
683.148	298.93
683.486	295.73
683.825	291.59
684.164	289.31
684.503	289.12
684.841	283.71
685.180	278.12
685.519	278.42
685.857	273.63
686.196	271.20
686.534	264.93
686.873	255.67
687.211	257.08
687.549	260.76
687.888	260.22
688.226	264.59
688.564	267.04
688.902	270.40
689.240	274.87
689.578	274.19
689.917	267.49
690.255	287.17
690.592	292.00
690.930	287.56
691.268	288.67
691.606	291.25
691.944	288.75
692.282	291.99
692.619	266.30
692.957	254.11
693.294	258.56
693.632	261.82
693.970	258.60
694.307	262.20
694.644	259.26
694.982	264.56
695.319	269.36
695.656	262.91
695.994	261.54
696.331	259.39
696.668	251.22
697.005	252.16
697.342	252.34
697.679	246.89
698.016	243.78
698.353	234.77
698.690	234.32
699.027	235.95
699.364	233.42
699.700	226.46
700.037	225.85
700.374	225.66
700.710	223.67
701.047	222.18
701.384	222.68
701.720	225.64
702.057	231.16
702.393	229.14
702.729	238.14
703.066	241.03
703.402	238.53
703.738	240.35
704.074	240.25
704.410	234.50
704.747	230.59
705.083	215.83
705.419	207.46
705.755	207.25
706.091	201.12
706.426	196.77
706.762	195.62
707.098	206.51
707.434	210.36
707.769	220.37
708.105	227.38
708.441	229.08
708.776	231.17
709.112	231.76
709.447	220.88
709.783	221.31
710.118	223.09
710.453	217.47
710.789	215.22
711.124	213.05
711.459	219.06
711.794	226.84
712.129	228.92
712.464	222.64
712.799	220.20
713.134	223.47
713.469	221.82
713.804	219.24
714.139	218.09
714.474	214.69
714.809	216.62
715.143	216.96
715.478	214.90
715.813	209.56
716.147	208.30
716.482	206.19
716.816	203.55
717.151	206.53
717.485	205.70
717.819	204.82
718.154	211.47
718.488	207.47
718.822	205.33
719.156	205.73
719.491	199.02
719.825	203.29
720.159	201.02
720.493	204.77
720.827	208.29
721.161	211.38
721.494	218.41
721.828	214.69
722.162	215.72
722.496	218.94
722.829	212.60
723.163	208.96
723.497	210.58
723.830	209.49
724.164	212.34
724.497	213.17
724.830	213.74
725.164	214.83
725.497	224.96
725.830	222.79
726.164	212.39
726.497	214.28
726.830	207.79
727.163	203.13
727.496	204.63
727.829	194.10
728.162	186.05
728.495	193.67
728.828	193.30
729.160	196.68
729.493	198.26
729.826	201.40
730.159	208.70
730.491	216.24
730.824	223.79
731.156	229.09
731.489	227.49
731.821	230.39
732.154	215.69
732.486	215.28
732.818	217.32
733.151	213.47
733.483	204.02
733.815	204.20
734.147	205.46
734.479	215.54
734.811	209.15
735.143	199.25
735.475	195.95
735.807	195.91
736.139	200.73
736.471	200.11
736.803	194.23
737.134	196.36
737.466	206.41
737.798	205.75
738.129	212.23
738.461	206.10
738.792	200.38
739.124	200.06
739.455	199.05
739.786	198.06
740.118	196.33
740.449	193.85
740.780	199.86
741.111	206.85
741.442	216.40
741.773	213.37
742.104	216.02
742.435	214.65
742.766	213.88
743.097	208.43
743.428	210.36
743.759	209.72
744.090	216.03
744.420	213.30
744.751	218.82
745.081	219.04
745.412	215.62
745.743	220.53
746.073	218.10
746.403	214.03
746.734	211.09
747.064	204.12
747.394	203.81
747.725	211.14
748.055	197.10
748.385	192.23
748.715	191.46
749.045	192.83
749.375	199.78
749.705	203.52
750.035	199.88
750.365	197.28
750.695	204.61
751.024	202.09
751.354	200.83
751.684	198.94
752.013	195.18
752.343	196.36
752.673	205.61
753.002	201.92
753.331	205.81
753.661	204.74
753.990	201.23
754.320	194.23
754.649	189.13
754.978	187.06
755.307	185.65
755.636	186.17
755.965	186.60
756.294	187.76
756.623	192.56
756.952	199.20
757.281	195.64
757.610	201.13
757.939	196.43
758.267	196.72
758.596	196.83
758.925	197.68
759.253	199.41
759.582	199.22
759.910	193.51
760.239	195.63
760.567	197.17
760.896	193.71
761.224	200.38
761.552	194.79
761.881	197.17
762.209	202.21
762.537	201.35
762.865	202.98
763.193	206.08
763.521	200.37
763.849	204.40
764.177	206.18
764.505	203.53
764.832	209.56
765.160	209.62
765.488	207.93
765.815	209.52
766.143	205.39
766.471	201.94
766.798	195.61
767.126	193.99
767.453	192.40
767.780	203.36
768.108	201.99
768.435	205.04
768.762	206.94
769.089	214.59
769.417	207.95
769.744	206.41
770.071	198.05
770.398	200.10
770.725	200.68
771.052	205.53
771.378	201.25
771.705	207.87
772.032	211.61
772.359	213.27
772.685	215.17
773.012	207.84
773.338	205.74
773.665	210.55
773.991	207.33
774.318	202.24
774.644	201.19
774.971	199.03
775.297	203.31
775.623	204.07
775.949	202.05
776.275	207.27
776.601	212.24
776.927	214.72
777.253	215.10
777.579	218.14
777.905	215.52
778.231	217.38
778.557	218.89
778.883	217.15
779.208	215.09
779.534	219.06
779.860	217.31
780.185	217.21
780.511	215.86
780.836	208.00
781.162	208.85
781.487	215.68
781.812	213.85
782.138	213.73
782.463	211.31
782.788	207.75
783.113	215.84
783.438	216.23
783.763	216.32
784.088	220.15
784.413	221.42
784.738	221.75
785.063	228.21
785.388	225.37
785.712	230.84
786.037	234.30
786.362	233.87
786.686	229.36
787.011	236.05
787.335	231.77
787.660	227.69
787.984	224.56
788.308	216.39
788.633	213.14
788.957	217.94
789.281	215.32
789.605	215.11
789.930	222.11
790.254	222.98
790.578	221.33
790.902	218.17
791.225	226.23
791.549	220.59
791.873	226.73
792.197	224.78
792.521	220.74
792.844	223.62
793.168	226.42
793.492	218.94
793.815	220.57
794.139	213.70
794.462	210.86
794.785	207.37
795.109	204.46
795.432	206.18
795.755	208.89
796.078	218.24
796.401	223.23
796.725	229.71
797.048	228.92
797.371	236.00
797.694	227.45
798.016	226.59
798.339	222.26
798.662	219.89
798.985	217.54
799.308	219.87
799.630	216.43
799.953	224.10
800.275	224.03
800.598	225.65
800.920	232.80
801.243	235.58
801.565	240.23
801.887	241.55
802.210	239.92
802.532	238.73
802.854	235.68
803.176	230.45
803.498	237.81
803.820	239.46
804.142	239.83
804.464	244.25
804.786	243.23
805.108	248.43
805.429	244.73
805.751	232.11
806.073	229.93
806.394	230.25
806.716	232.33
807.038	237.13
807.359	227.60
807.680	230.05
808.002	230.14
808.323	234.73
808.644	234.06
808.966	229.20
809.287	228.03
809.608	236.02
809.929	233.58
810.250	241.40
810.571	237.56
810.892	234.89
811.213	242.55
811.534	240.49
811.854	239.21
812.175	244.91
812.496	240.05
812.816	241.05
813.137	246.16
813.458	239.70
813.778	241.69
814.098	248.21
814.419	247.59
814.739	252.03
815.059	253.41
815.380	252.84
815.700	257.94
816.020	260.90
816.340	259.78
816.660	264.18
816.980	267.99
817.300	273.12
817.620	273.29
817.940	273.96
818.260	279.37
818.579	279.91
818.899	278.70
819.219	279.04
819.538	274.59
819.858	273.91
820.177	272.78
820.497	265.45
820.816	263.44
821.135	264.03
821.455	259.63
821.774	265.01
822.093	268.55
822.412	265.34
822.731	270.54
823.050	280.15
823.369	285.67
823.688	296.87
824.007	304.08
824.326	318.46
824.645	342.80
824.963	376.69
825.282	387.16
825.601	399.82
825.919	412.08
826.238	424.66
826.556	431.17
826.875	437.08
827.193	428.44
827.511	441.84
827.830	459.79
828.148	470.72
828.466	483.49
828.784	499.26
829.102	511.56
829.420	526.52
829.738	539.57
830.056	551.38
830.374	567.48
830.692	579.92
831.010	604.50
831.327	627.27
831.645	642.36
831.963	653.92
832.280	675.06
832.598	694.46
832.915	723.70
833.233	735.35
833.550	756.61
833.867	791.06
834.185	826.24
834.502	849.75
834.819	874.60
835.136	890.14
835.453	904.99
835.770	914.31
836.087	915.53
836.404	913.10
836.721	916.15
837.038	917.74
837.355	920.28
837.671	915.54
837.988	906.12
838.305	899.46
838.621	900.78
838.938	894.78
839.254	879.14
839.571	864.05
839.887	863.97
840.203	860.40
840.520	857.51
840.836	860.23
841.152	856.04
841.468	863.29
841.784	874.44
842.100	885.37
842.416	901.02
842.732	917.84
843.048	929.52
843.364	960.98
843.679	978.94
843.995	986.84
844.311	993.13
844.626	1002.74
844.942	1003.37
845.257	996.10
845.573	983.51
845.888	976.82
846.203	971.03
846.519	962.07
846.834	947.48
847.149	935.11
847.464	921.66
847.779	893.67
848.094	866.25
848.409	839.87
848.724	808.52
849.039	779.64
849.354	748.02
849.669	709.58
849.983	679.50
850.298	659.89
850.613	640.92
850.927	620.84
851.242	607.13
851.556	601.52
851.871	604.17
852.185	618.07
852.499	638.28
852.814	679.03
853.128	739.05
853.442	802.32
853.756	888.18
854.070	1007.31
854.384	1141.43
854.698	1296.78
855.012	1461.88
855.326	1645.99
855.640	1866.80
855.953	2094.05
856.267	2328.33
856.581	2585.42
856.894	2843.57
857.208	3102.59
857.521	3374.59
857.835	3621.52
858.148	3864.57
858.461	4099.67
858.775	4308.12
859.088	4505.35
859.401	4686.42
859.714	4839.89
860.027	4990.61
860.340	5132.32
860.653	5241.73
860.966	5345.49
861.279	5423.64
861.592	5492.70
861.904	5545.74
862.217	5570.46
862.530	5568.79
862.842	5576.85
863.155	5566.18
863.467	5524.34
863.780	5480.34
864.092	5433.51
864.405	5367.46
864.717	5300.45
865.029	5204.66
865.341	5124.83
865.653	5062.98
865.966	4989.89
866.278	4918.73
866.589	4859.75
866.901	4823.48
867.213	4830.00
867.525	4813.21
867.837	4823.85
868.149	4861.44
868.460	4901.15
868.772	4961.38
869.083	5018.86
869.395	5054.64
869.706	5092.89
870.018	5096.60
870.329	5074.24
870.640	5046.49
870.952	4994.03
871.263	4897.96
871.574	4761.38
871.885	4601.02
872.196	4432.47
872.507	4231.17
872.818	4009.53
873.129	3773.67
873.440	3557.90
873.750	3371.87
874.061	3201.70
874.372	3043.74
874.682	2927.99
874.993	2855.58
875.303	2838.51
875.614	2849.79
875.924	2912.40
876.235	3042.24
876.545	3226.13
876.855	3473.89
877.165	3774.37
877.475	4151.26
877.786	4583.51
878.096	5045.68
878.406	5584.88
878.715	6193.72
879.025	6824.08
879.335	7503.88
879.645	8187.83
879.955	8883.87
880.264	9583.33
880.574	10269.43
880.883	10909.79
881.193	11566.01
881.502	12184.32
881.812	12759.20
882.121	13314.74
882.430	13876.99
882.740	14375.99
883.049	14843.51
883.358	15263.99
883.667	15739.85
883.976	16180.85
884.285	16594.87
884.594	17055.57
884.903	17513.63
885.212	17955.86
885.520	18492.04
885.829	18948.61
886.138	19471.47
886.446	20026.59
886.755	20491.55
887.063	21024.42
887.372	21574.96
887.680	21962.65
887.988	22382.27
888.297	22695.25
888.605	22976.10
888.913	23246.69
889.221	23373.03
889.529	23432.39
889.837	23482.69
890.145	23380.69
890.453	23205.13
890.761	22895.76
891.069	22438.24
891.377	21917.99
891.684	21345.07
891.992	20692.28
892.299	19966.52
892.607	19215.22
892.914	18411.18
893.222	17563.45
893.529	16765.58
893.837	15939.47
894.144	15110.43
894.451	14384.97
894.758	13618.98
895.065	12945.65
895.372	12415.81
895.679	11904.12
895.986	11441.22
896.293	11050.02
896.600	10712.31
896.907	10561.14
897.213	10492.37
897.520	10478.65
897.827	10544.66
898.133	10722.00
898.440	10997.44
898.746	11349.52
899.053	11781.02
899.359	12259.62
899.665	12801.46
899.972	13431.44
900.278	14107.89
900.584	14868.42
900.890	15723.47
901.196	16611.43
901.502	17602.14
901.808	18725.84
902.114	19943.99
902.419	21291.88
902.725	22804.19
903.031	24462.83
903.337	26287.80
903.642	28323.92
903.948	30551.89
904.253	32965.68
904.559	35580.10
904.864	38315.60
905.169	41156.10
905.475	44125.79
905.780	46963.76
906.085	49580.88
906.390	52040.75
906.695	54254.09
907.000	56186.20
907.305	57790.99
907.610	59110.75
907.915	60225.45
908.219	61201.96
908.524	61954.04
908.829	62576.01
909.133	63009.85
909.438	63350.50
909.743	63571.99
910.047	63650.75
910.351	63616.20
910.656	63491.96
910.960	63292.07
911.264	63096.51
911.568	62773.60
911.873	62322.10
912.177	61836.74
912.481	61322.86
912.785	60772.07
913.088	60105.61
913.392	59321.34
913.696	58513.26
914.000	57587.18
914.304	56548.09
914.607	55311.27
914.911	53940.39
915.214	52458.20
915.518	50674.78
915.821	48706.99
916.124	46780.74
916.428	44696.89
916.731	42570.29
917.034	40393.23
917.337	38311.31
917.640	36553.20
917.943	34948.89
918.246	33456.73
918.549	32215.21
918.852	31321.13
919.155	30742.37
919.458	30348.19
919.760	30191.76
920.063	30166.95
920.366	30295.94
920.668	30696.67
920.971	31077.67
921.273	31590.88
921.576	32172.94
921.878	32629.91
922.180	33187.50
922.482	33706.20
922.784	34159.89
923.087	34677.41
923.389	34971.84
923.691	35120.20
923.992	35259.34
924.294	35315.17
924.596	35128.01
924.898	34758.51
925.200	34319.93
925.501	33735.09
925.803	33031.97
926.104	32247.81
926.406	31291.00
926.707	30367.80
927.009	29321.84
927.310	28083.77
927.611	26928.97
927.912	25821.36
928.214	24656.89
928.515	23564.20
928.816	22547.41
929.117	21571.81
929.418	20649.83
929.719	19729.88
930.019	18907.11
930.320	18128.10
930.621	17400.89
930.922	16718.39
931.222	16101.08
931.523	15602.49
931.823	15150.42
932.124	14660.22
932.424	14203.68
932.724	13812.07
933.025	13462.18
933.325	13204.67
933.625	13004.51
933.925	12905.54
934.225	12902.85
934.525	13022.73
934.825	13301.30
935.125	13693.14
935.425	14180.70
935.724	14821.59
936.024	15619.03
936.324	16545.20
936.623	17597.46
936.923	18746.92
937.222	20095.57
937.522	21764.97
937.821	23600.19
938.120	25485.40
938.420	27701.93
938.719	30080.83
939.018	32469.29
939.317	35000.15
939.616	37526.44
939.915	40089.05
940.214	42734.13
940.513	45155.75
940.812	47469.87
941.111	49642.28
941.409	51438.10
941.708	53026.82
942.006	54361.57
942.305	55411.20
942.603	56251.59
942.902	56925.73
943.200	57469.25
943.499	57931.44
943.797	58153.14
944.095	58157.73
944.393	58105.71
944.691	57957.90
944.989	57693.50
945.287	57431.69
945.585	57049.69
945.883	56673.67
946.181	56413.27
946.479	56176.64
946.776	55899.49
947.074	55694.93
947.371	55580.21
947.669	55598.46
947.966	55627.57
948.264	55566.87
948.561	55523.84
948.858	55573.32
949.156	55580.26
949.453	55541.25
949.750	55578.62
950.047	55681.65
950.344	55816.13
950.641	55949.59
950.938	56155.88
951.235	56347.57
951.532	56551.03
951.828	56669.49
952.125	56700.64
952.422	56703.41
952.718	56607.20
953.015	56328.09
953.311	55993.18
953.607	55555.62
953.904	55065.16
954.200	54435.00
954.496	53737.39
954.792	53099.29
955.089	52455.31
955.385	51796.86
955.681	51100.69
955.976	50366.79
956.272	49606.12
956.568	48960.30
956.864	48339.22
957.160	47772.66
957.455	47484.38
957.751	47344.13
958.046	47235.96
958.342	47418.04
958.637	47860.52
958.933	48507.69
959.228	49365.20
959.523	50137.50
959.818	50992.64
960.114	52120.74
960.409	53276.05
960.704	54238.88
960.999	55004.98
961.294	55587.94
961.588	56138.69
961.883	56584.21
962.178	56781.98
962.473	56972.11
962.767	57172.20
963.062	57447.61
963.356	57805.74
963.651	58115.51
963.945	58383.07
964.239	58631.05
964.534	58738.18
964.828	58661.80
965.122	58405.88
965.416	57966.87
965.710	57354.71
966.004	56596.47
966.298	55639.35
966.592	54555.76
966.886	53265.37
967.180	51731.24
967.473	49924.58
967.767	47834.12
968.061	45493.55
968.354	43053.12
968.648	40357.72
968.941	37592.55
969.234	34923.06
969.528	32332.19
969.821	29861.36
970.114	27564.07
970.407	25368.80
970.700	23271.27
970.993	21312.77
971.286	19401.36
971.579	17508.69
971.872	15732.05
972.165	13971.39
972.457	12281.40
972.750	10746.51
973.043	9310.35
973.335	7976.38
973.628	6813.15
973.920	5772.12
974.213	4890.50
974.505	4184.16
974.797	3609.12
975.089	3178.35
975.382	2873.10
975.674	2682.89
975.966	2612.06
976.258	2623.74
976.550	2698.11
976.841	2844.81
977.133	3028.73
977.425	3240.76
977.717	3495.82
978.008	3762.07
978.300	4029.41
978.591	4300.41
978.883	4581.75
979.174	4870.93
979.465	5184.44
979.757	5502.62
980.048	5813.68
980.339	6136.99
980.630	6461.64
980.921	6737.56
981.212	6989.31
981.503	7181.63
981.794	7305.45
982.085	7379.77
982.376	7411.46
982.666	7404.15
982.957	7383.51
983.248	7317.79
983.538	7232.02
983.828	7119.43
984.119	6966.24
984.409	6779.44
984.700	6557.40
984.990	6296.65
985.280	6031.98
985.570	5748.92
985.860	5478.73
986.150	5238.81
986.440	4990.79
986.730	4729.25
987.020	4472.46
987.309	4214.58
987.599	3961.30
987.889	3688.48
988.178	3414.89
988.468	3160.26
988.757	2928.07
989.047	2715.74
989.336	2518.06
989.625	2337.32
989.915	2190.31
990.204	2053.51
990.493	1925.56
990.782	1818.09
991.071	1712.11
991.360	1617.67
991.649	1534.16
991.938	1454.04
992.226	1378.57
992.515	1311.94
992.804	1244.42
993.092	1189.27
993.381	1134.59
993.669	1086.52
993.958	1043.64
994.246	1010.58
994.534	984.63
994.823	955.67
995.111	931.70
995.399	909.80
995.687	886.52
995.975	861.52
996.263	834.38
996.551	807.61
996.839	797.70
997.126	783.65
997.414	769.53
997.702	760.02
997.989	754.34
998.277	754.16
998.564	741.46
998.852	716.70
999.139	694.29
999.426	672.25
999.713	653.82
1000.001	626.04
1000.288	593.83
1000.575	568.56
1000.862	549.19
1001.149	532.60
1001.436	510.73
1001.722	486.07
1002.009	474.51
1002.296	465.40
1002.582	455.34
1002.869	440.34
1003.156	435.39
1003.442	433.53
1003.728	432.58
1004.015	425.42
1004.301	415.09
1004.587	407.14
1004.873	410.35
1005.160	401.48
1005.446	400.25
1005.732	398.58
1006.017	395.11
1006.303	400.03
1006.589	397.84
1006.875	396.05
1007.161	398.62
1007.446	395.04
1007.732	392.90
1008.017	391.96
1008.303	388.80
1008.588	394.73
1008.873	391.64
1009.159	385.46
1009.444	382.06
1009.729	377.23
1010.014	373.32
1010.299	367.48
1010.584	362.51
1010.869	359.73
1011.154	364.75
1011.439	362.59
1011.723	361.99
1012.008	365.03
1012.293	362.89
1012.577	359.25
1012.862	356.27
1013.146	345.48
1013.430	334.46
1013.715	326.74
1013.999	321.31
1014.283	317.80
1014.567	310.15
1014.851	308.28
1015.135	301.76
1015.419	307.16
1015.703	311.02
1015.987	304.77
1016.271	304.55
1016.555	305.28
1016.838	303.18
1017.122	306.76
1017.405	304.21
1017.689	296.97
1017.972	296.89
1018.256	295.18
1018.539	300.96
1018.822	298.63
1019.105	301.27
1019.388	297.17
1019.671	298.09
1019.954	301.84
1020.237	303.64
1020.520	299.13
1020.803	280.87
1021.086	241.41
1021.368	173.59
1021.651	69.49
1021.934	-78.16
1022.216	-276.00
