339.735	39.09
340.108	21.40
340.482	-1.74
340.855	-14.14
341.228	-28.01
341.602	-32.26
341.975	-32.42
342.348	-25.08
342.721	-22.46
343.094	-16.27
343.468	-0.64
343.841	14.73
344.214	23.04
344.587	27.36
344.960	29.41
345.333	41.20
345.706	51.79
346.079	54.72
346.452	56.20
346.824	68.47
347.197	83.67
347.570	90.80
347.943	96.76
348.316	110.45
348.688	125.64
349.061	137.57
349.434	142.24
349.806	147.75
350.179	157.25
350.552	158.59
350.924	158.82
351.297	157.20
351.669	157.58
352.042	159.02
352.414	159.39
352.787	155.83
353.159	161.26
353.531	166.08
353.904	163.42
354.276	164.93
354.648	173.21
355.020	176.35
355.393	182.45
355.765	176.71
356.137	170.44
356.509	171.36
356.881	173.55
357.253	164.24
357.625	161.96
357.997	171.84
358.369	171.33
358.741	172.28
359.113	174.88
359.485	168.53
359.857	166.40
360.229	158.72
360.600	144.86
360.972	145.58
361.344	142.47
361.716	135.55
362.087	138.52
362.459	136.28
362.831	142.66
363.202	143.18
363.574	140.24
363.945	137.42
364.317	139.28
364.688	141.89
365.060	142.03
365.431	138.66
365.803	135.61
366.174	139.73
366.545	146.94
366.917	151.67
367.288	154.39
367.659	152.22
368.030	156.83
368.402	159.75
368.773	157.69
369.144	152.46
369.515	148.46
369.886	143.07
370.257	145.00
370.628	142.61
370.999	140.42
371.370	141.05
371.741	140.23
372.112	145.88
372.483	147.03
372.853	145.69
373.224	149.13
373.595	158.50
373.966	176.79
374.336	182.69
374.707	176.63
375.078	179.61
375.448	191.37
375.819	190.88
376.190	184.20
376.560	167.29
376.931	174.56
377.301	180.69
377.671	172.56
378.042	163.51
378.412	160.79
378.783	163.59
379.153	159.56
379.523	151.77
379.893	146.90
380.264	151.68
380.634	153.27
381.004	152.96
381.374	151.96
381.744	160.20
382.114	161.44
382.484	164.28
382.854	164.58
383.224	168.46
383.594	168.54
383.964	161.37
384.334	157.81
384.704	157.52
385.074	157.20
385.444	157.76
385.814	148.76
386.183	152.17
386.553	158.80
386.923	157.50
387.292	152.91
387.662	153.89
388.032	155.87
388.401	161.49
388.771	159.23
389.140	161.49
389.510	158.70
389.879	161.94
390.248	161.15
390.618	165.67
390.987	169.32
391.356	168.50
391.726	169.33
392.095	171.39
392.464	165.69
392.833	168.79
393.203	159.02
393.572	162.32
393.941	161.72
394.310	164.63
394.679	162.56
395.048	192.95
395.417	191.67
395.786	195.05
396.155	186.87
396.524	186.04
396.893	180.40
397.261	180.77
397.630	171.18
397.999	170.27
398.368	165.73
398.736	172.70
399.105	171.81
399.474	172.64
399.842	173.66
400.211	160.11
400.579	158.59
400.948	166.16
401.317	163.67
401.685	162.67
402.053	164.50
402.422	165.29
402.790	158.55
403.158	160.38
403.527	153.35
403.895	147.49
404.263	147.05
404.632	148.04
405.000	151.05
405.368	157.30
405.736	155.31
406.104	168.90
406.472	172.27
406.840	172.07
407.208	167.65
407.576	165.67
407.944	166.88
408.312	166.25
408.680	155.14
409.048	157.63
409.415	155.90
409.783	157.88
410.151	154.14
410.519	146.08
410.886	148.59
411.254	150.12
411.622	149.93
411.989	157.64
412.357	156.02
412.724	157.22
413.092	156.29
413.459	157.86
413.827	157.50
414.194	156.71
414.561	150.79
414.929	152.16
415.296	150.93
415.663	156.69
416.030	150.86
416.398	144.04
416.765	143.89
417.132	146.60
417.499	139.76
417.866	142.21
418.233	143.15
418.600	147.39
418.967	148.74
419.334	144.70
419.701	139.37
420.068	150.02
420.435	154.27
420.802	151.48
421.168	149.75
421.535	156.44
421.902	167.35
422.269	171.54
422.635	164.41
423.002	161.15
423.369	160.10
423.735	165.63
424.102	167.87
424.468	161.55
424.835	166.13
425.201	168.93
425.567	171.23
425.934	169.67
426.300	171.42
426.667	168.98
427.033	170.21
427.399	165.97
427.765	171.65
428.131	170.69
428.498	170.45
428.864	171.07
429.230	166.02
429.596	169.06
429.962	177.41
430.328	172.13
430.694	178.12
431.060	180.21
431.426	176.96
431.792	182.98
432.157	178.12
432.523	172.43
432.889	174.02
433.255	169.51
433.620	166.21
433.986	162.40
434.352	161.88
434.717	171.49
435.083	168.93
435.448	165.22
435.814	164.84
436.179	169.88
436.545	172.38
436.910	169.99
437.276	166.24
437.641	171.91
438.006	177.60
438.372	181.03
438.737	186.22
439.102	186.73
439.467	186.03
439.832	178.28
440.197	178.94
440.563	172.70
440.928	172.92
441.293	169.11
441.658	173.78
442.023	179.53
442.387	189.38
442.752	188.97
443.117	196.26
443.482	202.15
443.847	206.35
444.212	203.48
444.576	201.22
444.941	200.97
445.306	202.26
445.670	201.24
446.035	197.47
446.399	199.96
446.764	204.47
447.128	203.87
447.493	205.35
447.857	201.24
448.222	200.87
448.586	202.87
448.950	197.38
449.315	193.67
449.679	203.32
450.043	201.66
450.407	205.97
450.772	215.69
451.136	216.71
451.500	219.76
451.864	227.38
452.228	225.22
452.592	228.95
452.956	230.19
453.320	226.94
453.684	225.43
454.047	225.11
454.411	222.33
454.775	227.37
455.139	227.86
455.503	229.57
455.866	225.95
456.230	228.07
456.594	230.39
456.957	233.44
457.321	224.16
457.684	217.00
458.048	220.05
458.411	223.89
458.775	218.30
459.138	223.87
459.501	223.81
459.865	225.19
460.228	226.69
460.591	221.76
460.955	219.28
461.318	220.86
461.681	209.49
462.044	204.97
462.407	202.52
462.770	202.14
463.133	205.00
463.496	201.11
463.859	202.03
464.222	208.98
464.585	209.64
464.948	217.37
465.311	218.67
465.674	215.15
466.036	221.96
466.399	219.08
466.762	211.29
467.124	207.81
467.487	198.43
467.850	197.77
468.212	198.14
468.575	190.78
468.937	188.33
469.300	198.65
469.662	203.12
470.024	204.57
470.387	204.01
470.749	202.55
471.111	204.98
471.474	208.94
471.836	198.86
472.198	196.17
472.560	193.35
472.922	189.76
473.284	187.98
473.646	193.31
474.008	194.03
474.370	198.39
474.732	201.61
475.094	202.26
475.456	204.17
475.818	205.15
476.180	196.47
476.542	196.70
476.903	195.00
477.265	197.48
477.627	192.75
477.988	194.81
478.350	196.53
478.711	198.35
479.073	192.62
479.435	186.20
479.796	183.89
480.157	189.94
480.519	185.74
480.880	181.22
481.241	181.06
481.603	184.94
481.964	187.15
482.325	184.48
482.686	187.57
483.048	187.83
483.409	195.00
483.770	200.02
484.131	202.21
484.492	210.56
484.853	214.41
485.214	210.74
485.575	218.91
485.936	221.33
486.296	227.16
486.657	226.13
487.018	225.60
487.379	226.42
487.739	230.85
488.100	227.22
488.461	229.27
488.821	226.46
489.182	230.35
489.542	231.06
489.903	232.96
490.263	233.48
490.624	230.38
490.984	227.88
491.345	227.73
491.705	228.87
492.065	228.65
492.425	226.46
492.786	224.23
493.146	226.90
493.506	223.62
493.866	224.93
494.226	226.00
494.586	236.20
494.946	241.05
495.306	248.87
495.666	246.72
496.026	248.46
496.386	245.03
496.746	236.30
497.106	226.98
497.465	222.58
497.825	212.46
498.185	213.53
498.544	215.09
498.904	213.56
499.264	219.56
499.623	222.78
499.983	229.84
500.342	238.44
500.702	241.24
501.061	244.57
501.420	244.67
501.780	248.68
502.139	250.18
502.498	246.97
502.858	245.56
503.217	244.02
503.576	243.54
503.935	245.32
504.294	249.77
504.653	247.11
505.012	250.62
505.371	245.75
505.730	248.76
506.089	250.40
506.448	247.44
506.807	251.10
507.166	255.89
507.524	256.98
507.883	259.55
508.242	260.83
508.601	259.98
508.959	266.55
509.318	253.49
509.676	251.50
510.035	251.57
510.393	258.37
510.752	259.46
511.110	259.46
511.469	259.07
511.827	261.70
512.185	258.25
512.544	257.64
512.902	251.23
513.260	247.14
513.618	248.39
513.976	249.74
514.334	259.62
514.692	267.77
515.050	270.94
515.408	269.94
515.766	271.01
516.124	270.70
516.482	269.22
516.840	266.69
517.198	269.75
517.556	271.56
517.913	277.84
518.271	280.45
518.629	287.13
518.986	288.19
519.344	289.48
519.701	290.27
520.059	286.75
520.416	285.71
520.774	286.66
521.131	286.96
521.489	293.30
521.846	301.43
522.203	297.59
522.561	300.30
522.918	302.11
523.275	306.18
523.632	307.79
523.989	303.61
524.346	299.64
524.703	301.45
525.060	305.85
525.417	304.81
525.774	304.89
526.131	301.83
526.488	303.75
526.845	299.56
527.202	296.58
527.559	297.52
527.915	300.18
528.272	299.48
528.629	304.51
528.985	302.48
529.342	305.49
529.698	313.20
530.055	310.94
530.411	315.82
530.768	320.39
531.124	316.98
531.480	317.20
531.837	318.31
532.193	315.65
532.549	320.27
532.906	313.99
533.262	308.90
533.618	309.75
533.974	307.55
534.330	301.16
534.686	299.59
535.042	297.97
535.398	298.02
535.754	303.60
536.110	310.76
536.466	317.35
536.821	322.89
537.177	321.42
537.533	325.13
537.889	324.14
538.244	315.65
538.600	306.76
538.955	305.38
539.311	303.74
539.667	304.55
540.022	301.84
540.377	306.11
540.733	315.34
541.088	323.77
541.444	323.07
541.799	326.06
542.154	327.38
542.509	329.40
542.864	326.96
543.220	322.46
543.575	318.97
543.930	315.35
544.285	310.06
544.640	305.14
544.995	306.85
545.350	313.00
545.705	311.89
546.059	313.51
546.414	321.21
546.769	327.85
547.124	332.67
547.478	329.65
547.833	326.15
548.188	325.81
548.542	323.78
548.897	320.03
549.251	321.84
549.606	322.11
549.960	320.56
550.315	318.94
550.669	320.78
551.023	324.68
551.378	324.41
551.732	322.93
552.086	320.83
552.440	317.45
552.794	316.98
553.148	317.41
553.502	321.35
553.856	321.59
554.210	326.38
554.564	352.29
554.918	356.08
555.272	356.79
555.626	357.91
555.980	352.59
556.334	351.40
556.687	351.31
557.041	328.09
557.395	331.06
557.748	334.94
558.102	342.50
558.455	351.89
558.809	358.22
559.162	363.86
559.516	366.45
559.869	366.58
560.222	371.51
560.576	368.55
560.929	364.25
561.282	361.60
561.635	359.94
561.988	358.39
562.342	357.76
562.695	357.17
563.048	360.40
563.401	360.72
563.754	365.49
564.107	363.32
564.459	363.07
564.812	361.17
565.165	354.84
565.518	351.92
565.871	356.83
566.223	351.81
566.576	353.77
566.929	355.34
567.281	358.93
567.634	362.74
567.986	364.54
568.339	362.15
568.691	364.08
569.044	364.87
569.396	367.43
569.748	372.54
570.100	375.60
570.453	378.83
570.805	380.47
571.157	383.23
571.509	383.21
571.861	380.91
572.213	380.14
572.565	381.71
572.917	381.26
573.269	383.19
573.621	383.10
573.973	385.92
574.325	389.98
574.677	389.27
575.028	387.36
575.380	384.76
575.732	385.34
576.083	380.04
576.435	369.99
576.786	370.40
577.138	372.40
577.489	372.62
577.841	377.54
578.192	372.10
578.543	377.53
578.895	383.04
579.246	382.90
579.597	377.85
579.948	374.70
580.300	372.33
580.651	372.73
581.002	374.61
581.353	376.13
581.704	376.99
582.055	382.11
582.406	388.87
582.757	391.10
583.107	391.25
583.458	386.63
583.809	382.25
584.160	378.62
584.510	374.28
584.861	369.85
585.212	368.99
585.562	368.59
585.913	372.23
586.263	377.58
586.614	380.06
586.964	379.98
587.315	373.04
587.665	370.56
588.015	369.23
588.365	363.28
588.716	360.93
589.066	364.48
589.416	360.32
589.766	363.33
590.116	364.79
590.466	368.02
590.816	379.56
591.166	382.05
591.516	382.79
591.866	386.11
592.216	390.43
592.566	389.53
592.915	385.21
593.265	376.64
593.615	373.46
593.964	371.06
594.314	375.29
594.663	376.46
595.013	376.86
595.362	373.07
595.712	374.49
596.061	375.28
596.411	378.35
596.760	373.82
597.109	369.81
597.458	373.58
597.808	384.52
598.157	391.66
598.506	389.02
598.855	388.68
599.204	385.50
599.553	388.92
599.902	388.56
600.251	375.44
600.600	367.89
600.949	370.31
601.297	370.29
601.646	372.37
601.995	372.12
602.344	369.22
602.692	368.02
603.041	367.03
603.389	366.05
603.738	356.67
604.086	352.62
604.435	346.54
604.783	351.34
605.132	358.22
605.480	363.24
605.828	371.59
606.177	382.21
606.525	385.35
606.873	389.29
607.221	387.88
607.569	381.63
607.917	380.00
608.265	374.60
608.613	371.40
608.961	369.18
609.309	370.17
609.657	376.43
610.005	379.73
610.352	381.98
610.700	378.50
611.048	377.70
611.395	387.21
611.743	390.62
612.091	386.27
612.438	385.03
612.786	380.47
613.133	380.79
613.480	378.89
613.828	372.59
614.175	373.88
614.522	374.80
614.870	378.97
615.217	380.66
615.564	384.27
615.911	388.81
616.258	389.71
616.605	389.51
616.952	385.36
617.299	381.37
617.646	386.56
617.993	385.84
618.340	381.50
618.687	378.43
619.033	375.23
619.380	378.49
619.727	382.68
620.073	384.15
620.420	386.90
620.767	387.02
621.113	389.84
621.459	393.76
621.806	393.15
622.152	393.09
622.499	389.23
622.845	381.98
623.191	381.29
623.537	381.28
623.884	377.21
624.230	370.61
624.576	368.77
624.922	366.89
625.268	360.76
625.614	361.72
625.960	358.95
626.306	360.90
626.652	367.10
626.998	368.98
627.343	372.95
627.689	384.20
628.035	388.84
628.380	389.41
628.726	383.91
629.072	379.29
629.417	379.85
629.763	380.99
630.108	379.54
630.453	373.33
630.799	372.12
631.144	371.81
631.489	366.31
631.835	358.88
632.180	351.30
632.525	344.38
632.870	339.55
633.215	341.28
633.560	344.91
633.905	345.30
634.250	347.71
634.595	348.85
634.940	349.82
635.285	360.75
635.630	363.93
635.974	358.43
636.319	356.52
636.664	358.04
637.008	361.12
637.353	354.16
637.698	344.91
638.042	342.35
638.387	344.04
638.731	344.36
639.075	342.62
639.420	339.17
639.764	348.44
640.108	348.67
640.452	340.43
640.797	338.97
641.141	342.69
641.485	343.55
641.829	339.85
642.173	329.82
642.517	326.67
642.861	328.89
643.205	326.08
643.549	321.86
643.892	319.03
644.236	319.73
644.580	316.38
644.923	310.47
645.267	308.83
645.611	307.32
645.954	310.87
646.298	316.00
646.641	313.40
646.985	316.74
647.328	320.05
647.671	316.72
648.015	318.43
648.358	316.05
648.701	311.24
649.044	307.32
649.387	303.80
649.731	301.78
650.074	307.83
650.417	308.06
650.760	304.63
651.102	305.79
651.445	308.67
651.788	311.80
652.131	310.19
652.474	305.62
652.816	303.99
653.159	304.27
653.502	302.17
653.844	298.42
654.187	298.36
654.529	299.24
654.872	295.08
655.214	287.69
655.557	284.77
655.899	284.04
656.241	287.10
656.583	290.09
656.926	293.36
657.268	294.69
657.610	300.52
657.952	298.94
658.294	296.72
658.636	294.79
658.978	288.61
659.320	280.92
659.662	275.30
660.004	273.36
660.345	278.72
660.687	279.88
661.029	278.88
661.371	284.11
661.712	288.68
662.054	296.20
662.395	299.64
662.737	295.80
663.078	297.33
663.420	296.69
663.761	294.26
664.102	296.10
664.444	295.86
664.785	289.33
665.126	286.35
665.467	288.75
665.808	292.67
666.149	294.00
666.490	287.95
666.831	284.56
667.172	286.25
667.513	286.71
667.854	283.85
668.195	276.59
668.535	272.66
668.876	272.64
669.217	267.78
669.557	266.56
669.898	270.65
670.239	277.31
670.579	286.46
670.920	287.61
671.260	285.93
671.600	288.78
671.941	287.15
672.281	279.19
672.621	272.59
672.961	259.13
673.302	261.05
673.642	265.38
673.982	266.74
674.322	268.17
674.662	269.91
675.002	278.84
675.342	292.74
675.682	286.99
676.021	281.38
676.361	281.27
676.701	276.77
677.041	274.01
677.380	263.04
677.720	255.33
678.059	255.63
678.399	251.61
678.738	251.03
679.078	253.31
679.417	254.47
679.756	254.83
680.096	250.82
680.435	249.35
680.774	249.59
681.113	253.42
681.453	248.63
681.792	247.04
682.131	250.02
682.470	250.74
682.809	250.71
683.148	252.66
683.486	248.54
683.825	250.23
684.164	249.49
684.503	242.56
684.841	239.41
685.180	235.03
685.519	230.77
685.857	230.61
686.196	229.55
686.534	227.18
686.873	224.10
687.211	223.57
687.549	224.10
687.888	225.31
688.226	220.50
688.564	217.30
688.902	218.92
689.240	223.27
689.578	224.65
689.917	228.80
690.255	240.98
690.592	254.73
690.930	258.67
691.268	259.05
691.606	258.23
691.944	256.94
692.282	256.08
692.619	242.22
692.957	231.00
693.294	234.73
693.632	241.54
693.970	249.67
694.307	250.95
694.644	249.86
694.982	248.89
695.319	245.86
695.656	240.50
695.994	232.42
696.331	227.63
696.668	222.10
697.005	219.62
697.342	223.08
697.679	227.15
698.016	225.27
698.353	215.65
698.690	211.58
699.027	217.83
699.364	215.98
699.700	210.51
700.037	210.10
700.374	212.49
700.710	212.81
701.047	211.95
701.384	210.71
701.720	210.69
702.057	213.84
702.393	213.67
702.729	213.94
703.066	219.19
703.402	220.21
703.738	219.59
704.074	222.99
704.410	224.93
704.747	221.84
705.083	217.17
705.419	214.57
705.755	213.84
706.091	211.56
706.426	204.07
706.762	198.79
707.098	202.18
707.434	208.73
707.769	208.60
708.105	207.21
708.441	208.11
708.776	212.10
709.112	216.60
709.447	212.46
709.783	205.42
710.118	207.11
710.453	210.03
710.789	212.02
711.124	209.10
711.459	205.05
711.794	208.08
712.129	217.00
712.464	216.13
712.799	212.28
713.134	210.98
713.469	211.02
713.804	211.58
714.139	207.51
714.474	204.33
714.809	202.92
715.143	201.66
715.478	198.05
715.813	201.80
716.147	205.83
716.482	205.22
716.816	205.03
717.151	206.04
717.485	209.06
717.819	214.91
718.154	209.95
718.488	208.32
718.822	207.72
719.156	203.21
719.491	198.11
719.825	193.31
720.159	187.58
720.493	188.91
720.827	190.41
721.161	188.82
721.494	192.59
721.828	197.14
722.162	197.81
722.496	199.34
722.829	199.33
723.163	198.73
723.497	198.27
723.830	198.62
724.164	198.11
724.497	200.64
724.830	204.68
725.164	206.22
725.497	210.78
725.830	216.14
726.164	217.46
726.497	216.56
726.830	219.32
727.163	216.14
727.496	209.32
727.829	199.73
728.162	196.29
728.495	195.61
728.828	195.29
729.160	194.62
729.493	196.27
729.826	201.13
730.159	205.27
730.491	205.62
730.824	200.49
731.156	197.88
731.489	196.52
731.821	192.10
732.154	190.78
732.486	191.17
732.818	193.41
733.151	195.96
733.483	198.15
733.815	201.86
734.147	206.33
734.479	208.45
734.811	207.03
735.143	206.62
735.475	207.33
735.807	208.80
736.139	207.22
736.471	208.80
736.803	208.98
737.134	205.76
737.466	201.19
737.798	200.14
738.129	196.36
738.461	193.90
738.792	192.42
739.124	188.70
739.455	192.80
739.786	194.77
740.118	195.56
740.449	200.37
740.780	207.16
741.111	208.49
741.442	210.32
741.773	213.16
742.104	215.71
742.435	219.57
742.766	217.13
743.097	209.14
743.428	211.44
743.759	210.63
744.090	201.69
744.420	197.54
744.751	196.02
745.081	195.33
745.412	196.96
745.743	194.09
746.073	192.55
746.403	195.80
746.734	199.06
747.064	195.75
747.394	194.73
747.725	195.37
748.055	195.30
748.385	195.87
748.715	196.85
749.045	195.07
749.375	193.25
749.705	195.66
750.035	193.46
750.365	194.54
750.695	202.50
751.024	207.35
751.354	210.49
751.684	214.02
752.013	214.15
752.343	216.17
752.673	220.34
753.002	215.66
753.331	210.56
753.661	208.60
753.990	209.56
754.320	211.68
754.649	210.72
754.978	209.24
755.307	204.97
755.636	205.01
755.965	205.06
756.294	200.45
756.623	198.33
756.952	201.98
757.281	206.23
757.610	214.90
757.939	217.45
758.267	213.86
758.596	216.03
758.925	216.35
759.253	213.58
759.582	208.56
759.910	199.62
760.239	194.92
760.567	194.52
760.896	192.90
761.224	192.69
761.552	192.12
761.881	190.88
762.209	190.86
762.537	189.42
762.865	191.47
763.193	195.22
763.521	199.70
763.849	205.97
764.177	213.63
764.505	218.35
764.832	220.04
765.160	221.96
765.488	221.04
765.815	215.40
766.143	208.79
766.471	199.73
766.798	193.62
767.126	191.70
767.453	194.46
767.780	195.58
768.108	193.12
768.435	192.12
768.762	193.19
769.089	197.87
769.417	202.70
769.744	201.84
770.071	200.70
770.398	202.24
770.725	205.29
771.052	208.17
771.378	207.64
771.705	208.35
772.032	207.81
772.359	205.55
772.685	202.06
773.012	202.90
773.338	201.21
773.665	207.66
773.991	207.72
774.318	204.24
774.644	213.90
774.971	218.58
775.297	215.82
775.623	212.17
775.949	198.71
776.275	193.00
776.601	194.69
776.927	187.77
777.253	188.74
777.579	190.89
777.905	195.47
778.231	203.57
778.557	205.33
778.883	206.39
779.208	210.36
779.534	209.92
779.860	213.35
780.185	214.90
780.511	210.94
780.836	209.44
781.162	211.42
781.487	208.30
781.812	203.64
782.138	202.33
782.463	203.57
782.788	205.57
783.113	205.12
783.438	205.54
783.763	211.14
784.088	215.25
784.413	213.13
784.738	211.67
785.063	214.28
785.388	214.97
785.712	214.08
786.037	214.56
786.362	219.19
786.686	217.60
787.011	217.10
787.335	214.84
787.660	217.52
787.984	219.35
788.308	214.55
788.633	211.08
788.957	212.36
789.281	213.74
789.605	214.38
789.930	215.88
790.254	213.57
790.578	211.48
790.902	207.87
791.225	207.33
791.549	206.85
791.873	206.20
792.197	202.19
792.521	201.12
792.844	203.73
793.168	206.27
793.492	203.02
793.815	206.56
794.139	211.80
794.462	208.36
794.785	209.37
795.109	209.53
795.432	208.40
795.755	211.04
796.078	215.05
796.401	218.33
796.725	224.16
797.048	223.19
797.371	223.71
797.694	227.53
798.016	229.67
798.339	225.39
798.662	218.80
798.985	218.28
799.308	218.17
799.630	220.09
799.953	217.34
800.275	216.71
800.598	217.93
800.920	221.23
801.243	220.79
801.565	220.98
801.887	220.47
802.210	221.30
802.532	222.13
802.854	220.13
803.176	223.35
803.498	228.74
803.820	229.97
804.142	233.34
804.464	233.50
804.786	233.16
805.108	236.34
805.429	237.56
805.751	232.45
806.073	234.03
806.394	231.09
806.716	227.61
807.038	228.83
807.359	229.96
807.680	229.18
808.002	228.83
808.323	232.82
808.644	235.57
808.966	240.52
809.287	245.51
809.608	250.32
809.929	255.97
810.250	255.80
810.571	255.60
810.892	256.10
811.213	257.81
811.534	260.95
811.854	258.44
812.175	255.31
812.496	259.72
812.816	259.33
813.137	262.22
813.458	261.99
813.778	257.93
814.098	263.31
814.419	271.46
814.739	274.32
815.059	280.95
815.380	284.94
815.700	290.45
816.020	298.24
816.340	299.50
816.660	303.41
816.980	311.32
817.300	317.36
817.620	319.44
817.940	319.90
818.260	321.63
818.579	324.94
818.899	324.72
819.219	324.69
819.538	321.50
819.858	321.91
820.177	328.74
820.497	332.28
820.816	333.82
821.135	340.46
821.455	338.36
821.774	342.83
822.093	347.52
822.412	349.28
822.731	351.17
823.050	357.11
823.369	357.53
823.688	362.77
824.007	361.12
824.326	362.97
824.645	359.48
824.963	369.87
825.282	372.25
825.601	367.72
825.919	361.75
826.238	357.78
826.556	356.44
826.875	352.58
827.193	337.71
827.511	326.10
827.830	326.46
828.148	327.46
828.466	333.74
828.784	337.58
829.102	343.26
829.420	352.38
829.738	365.83
830.056	371.78
830.374	378.97
830.692	378.71
831.010	377.91
831.327	375.91
831.645	371.69
831.963	368.67
832.280	363.11
832.598	358.70
832.915	353.89
833.233	352.16
833.550	351.38
833.867	344.70
834.185	342.07
834.502	334.02
834.819	332.74
835.136	329.85
835.453	320.09
835.770	313.26
836.087	309.50
836.404	302.55
836.721	299.60
837.038	289.53
837.355	282.54
837.671	286.79
837.988	288.74
838.305	297.02
838.621	305.72
838.938	319.45
839.254	338.74
839.571	358.27
839.887	384.13
840.203	419.58
840.520	450.19
840.836	489.11
841.152	535.28
841.468	585.74
841.784	630.84
842.100	684.43
842.416	733.56
842.732	785.26
843.048	850.45
843.364	901.19
843.679	956.60
843.995	1026.13
844.311	1091.83
844.626	1151.45
844.942	1198.21
845.257	1254.72
845.573	1308.44
845.888	1356.22
846.203	1396.67
846.519	1441.20
846.834	1479.26
847.149	1509.23
847.464	1540.96
847.779	1573.04
848.094	1592.99
848.409	1611.92
848.724	1623.45
849.039	1633.02
849.354	1644.93
849.669	1643.37
849.983	1635.31
850.298	1636.23
850.613	1639.90
850.927	1640.18
851.242	1640.11
851.556	1642.30
851.871	1656.65
852.185	1675.35
852.499	1690.43
852.814	1690.29
853.128	1712.86
853.442	1735.81
853.756	1744.50
854.070	1762.22
854.384	1773.20
854.698	1799.25
855.012	1808.07
855.326	1820.23
855.640	1827.70
855.953	1832.93
856.267	1817.27
856.581	1787.65
856.894	1740.47
857.208	1699.97
857.521	1641.02
857.835	1578.29
858.148	1506.27
858.461	1439.00
858.775	1378.22
859.088	1300.23
859.401	1240.28
859.714	1191.05
860.027	1152.85
860.340	1133.49
860.653	1121.14
860.966	1138.02
861.279	1173.22
861.592	1247.39
861.904	1342.61
862.217	1451.09
862.530	1607.52
862.842	1779.48
863.155	1973.62
863.467	2197.11
863.780	2441.76
864.092	2691.60
864.405	2967.25
864.717	3240.71
865.029	3545.61
865.341	3850.50
865.653	4151.95
865.966	4463.25
866.278	4752.44
866.589	5038.97
866.901	5299.05
867.213	5562.48
867.525	5793.64
867.837	6010.45
868.149	6217.83
868.460	6435.33
868.772	6648.58
869.083	6834.67
869.395	7041.66
869.706	7248.69
870.018	7396.61
870.329	7577.13
870.640	7764.87
870.952	7980.21
871.263	8148.23
871.574	8367.34
871.885	8514.98
872.196	8710.73
872.507	8899.16
872.818	8992.88
873.129	9122.94
873.440	9175.50
873.750	9236.47
874.061	9261.45
874.372	9161.50
874.682	9153.53
874.993	9060.05
875.303	8991.29
875.614	8844.52
875.924	8705.04
876.235	8562.44
876.545	8372.81
876.855	8124.34
877.165	7843.43
877.475	7566.91
877.786	7258.71
878.096	6938.79
878.406	6606.79
878.715	6287.29
879.025	6032.18
879.335	5776.44
879.645	5515.06
879.955	5254.07
880.264	5050.76
880.574	4873.86
880.883	4706.86
881.193	4551.66
881.502	4479.55
881.812	4436.16
882.121	4418.50
882.430	4429.71
882.740	4499.88
883.049	4583.81
883.358	4688.42
883.667	4833.88
883.976	5032.06
884.285	5212.39
884.594	5456.52
884.903	5715.26
885.212	6012.06
885.520	6346.77
885.829	6771.70
886.138	7190.92
886.446	7695.87
886.755	8330.00
887.063	8899.37
887.372	9626.64
887.680	10405.02
887.988	11292.21
888.297	12237.85
888.605	13184.58
888.913	14496.05
889.221	15779.99
889.529	17144.04
889.837	18798.51
890.145	20292.36
890.453	22010.94
890.761	23687.45
891.069	25562.27
891.377	27241.60
891.684	29065.53
891.992	30688.58
892.299	32492.77
892.607	33891.02
892.914	35212.83
893.222	36749.37
893.529	37978.96
893.837	39232.69
894.144	39972.29
894.451	41122.59
894.758	41810.78
895.065	42513.62
895.372	42732.80
895.679	43116.51
895.986	43360.37
896.293	43177.85
896.600	42587.89
896.907	42055.13
897.213	41546.57
897.520	40671.20
897.827	39960.22
898.133	38882.77
898.440	37943.84
898.746	36900.29
899.053	35749.19
899.359	34471.88
899.665	33109.36
899.972	31873.11
900.278	30257.10
900.584	28973.24
900.890	27622.73
901.196	26417.32
901.502	25047.94
901.808	23961.81
902.114	22784.57
902.419	21815.08
902.725	21020.88
903.031	20373.76
903.337	19863.22
903.642	19489.45
903.948	19209.16
904.253	19168.44
904.559	19228.10
904.864	19429.89
905.169	19739.16
905.475	20052.08
905.780	20632.86
906.085	21164.63
906.390	21775.16
906.695	22292.59
907.000	22943.74
907.305	23444.04
907.610	23936.15
907.915	24301.48
908.219	24600.72
908.524	24828.54
908.829	24982.19
909.133	25054.73
909.438	24853.44
909.743	24734.14
910.047	24435.39
910.351	23938.82
910.656	23498.79
910.960	22844.49
911.264	22127.18
911.568	21279.18
911.873	20438.46
912.177	19447.06
912.481	18549.76
912.785	17657.25
913.088	16782.87
913.392	15920.01
913.696	15118.71
914.000	14302.43
914.304	13599.47
914.607	13029.05
914.911	12358.98
915.214	11904.67
915.518	11422.95
915.821	11002.36
916.124	10663.75
916.428	10359.88
916.731	10116.78
917.034	9902.82
917.337	9696.18
917.640	9587.36
917.943	9549.05
918.246	9544.04
918.549	9660.93
918.852	9892.96
919.155	10269.65
919.458	10758.40
919.760	11402.46
920.063	12186.26
920.366	13089.26
920.668	14173.17
920.971	15349.48
921.273	16662.11
921.576	18219.23
921.878	19853.73
922.180	21574.77
922.482	23472.71
922.784	25584.36
923.087	27828.32
923.389	30285.63
923.691	32751.80
923.992	35429.08
924.294	37971.84
924.596	40652.53
924.898	42839.37
925.200	44943.09
925.501	46926.68
925.803	48416.28
926.104	49977.72
926.406	50980.24
926.707	51934.63
927.009	52680.03
927.310	52878.95
927.611	53287.66
927.912	53465.48
928.214	53713.60
928.515	53739.35
928.816	53983.60
929.117	53857.42
929.418	53649.20
929.719	53489.56
930.019	53248.73
930.320	52948.25
930.621	52732.97
930.922	52238.33
931.222	51355.63
931.523	51256.63
931.823	50931.52
932.124	50752.23
932.424	50456.39
932.724	50439.08
933.025	50646.31
933.325	50709.09
933.625	51128.79
933.925	51349.53
934.225	51507.35
934.525	51476.04
934.825	51640.38
935.125	51641.76
935.425	51258.33
935.724	50569.32
936.024	50252.11
936.324	50182.95
936.623	49495.79
936.923	49300.76
937.222	48156.96
937.522	47997.85
937.821	47550.86
938.120	46859.07
938.420	46226.96
938.719	45460.89
939.018	44553.84
939.317	43860.77
939.616	42774.88
939.915	41927.79
940.214	41579.38
940.513	41353.28
940.812	41061.50
941.111	41185.83
941.409	41501.01
941.708	41991.14
942.006	42444.49
942.305	43252.91
942.603	43684.21
942.902	44874.32
943.200	45792.63
943.499	47111.08
943.797	48221.48
944.095	49680.29
944.393	50551.06
944.691	51788.72
944.989	52645.82
945.287	53633.08
945.585	54554.72
945.883	55292.82
946.181	56232.56
946.479	57118.39
946.776	57965.60
947.074	58511.93
947.371	59402.22
947.669	60267.14
947.966	60732.65
948.264	61006.20
948.561	61334.12
948.858	61506.43
949.156	61697.60
949.453	61708.52
949.750	61733.45
950.047	61424.73
950.344	61136.45
950.641	61037.18
950.938	60365.81
951.235	59709.91
951.532	59054.67
951.828	58003.92
952.125	56781.48
952.422	55123.29
952.718	53614.09
953.015	51648.13
953.311	49120.33
953.607	46740.40
953.904	44329.49
954.200	41444.10
954.496	38719.04
954.792	35904.93
955.089	33159.45
955.385	30337.36
955.681	27633.42
955.976	25036.88
956.272	22450.79
956.568	20060.05
956.864	17824.46
957.160	15838.29
957.455	14001.95
957.751	12470.76
958.046	11046.30
958.342	9962.30
958.637	9212.40
958.933	8704.82
959.228	8482.06
959.523	8594.14
959.818	8905.71
960.114	9632.36
960.409	10740.06
960.704	12101.06
960.999	13898.25
961.294	15883.71
961.588	18181.93
961.883	20855.48
962.178	23542.46
962.473	26248.61
962.767	29297.06
963.062	32234.99
963.356	35504.03
963.651	38685.70
963.945	41871.81
964.239	44908.60
964.534	47675.43
964.828	49851.01
965.122	51986.67
965.416	53822.19
965.710	54952.65
966.004	56049.62
966.298	56755.51
966.592	57591.82
966.886	58207.14
967.180	58719.88
967.473	58960.97
967.767	59342.07
968.061	59100.54
968.354	58807.56
968.648	58397.01
968.941	57502.48
969.234	56675.74
969.528	55839.56
969.821	54961.39
970.114	53515.36
970.407	52464.60
970.700	50839.22
970.993	49252.53
971.286	47205.12
971.579	44847.79
971.872	42742.55
972.165	40366.73
972.457	38233.34
972.750	36164.37
973.043	34203.27
973.335	32119.60
973.628	30303.58
973.920	28452.98
974.213	26523.01
974.505	24805.39
974.797	23147.60
975.089	21653.98
975.382	20307.36
975.674	19227.28
975.966	18269.16
976.258	17432.83
976.550	16676.39
976.841	15988.78
977.133	15344.83
977.425	14696.84
977.717	14042.40
978.008	13486.21
978.300	12943.22
978.591	12614.01
978.883	12181.04
979.174	11759.28
979.465	11340.81
979.757	10919.58
980.048	10564.89
980.339	10149.05
980.630	9845.17
980.921	9500.52
981.212	9136.62
981.503	8737.57
981.794	8326.23
982.085	7968.93
982.376	7551.37
982.666	7125.54
982.957	6695.80
983.248	6279.61
983.538	5884.94
983.828	5522.68
984.119	5164.97
984.409	4851.17
984.700	4539.00
984.990	4245.34
985.280	3981.43
985.570	3755.91
985.860	3548.83
986.150	3351.41
986.440	3183.93
986.730	3055.90
987.020	2936.57
987.309	2830.76
987.599	2740.23
987.889	2661.90
988.178	2594.20
988.468	2540.87
988.757	2513.96
989.047	2466.57
989.336	2440.48
989.625	2429.58
989.915	2424.15
990.204	2418.90
990.493	2397.15
990.782	2378.88
991.071	2351.00
991.360	2308.50
991.649	2268.14
991.938	2233.12
992.226	2181.72
992.515	2127.21
992.804	2058.26
993.092	2006.72
993.381	1939.68
993.669	1870.10
993.958	1800.15
994.246	1729.37
994.534	1654.67
994.823	1595.88
995.111	1523.98
995.399	1453.02
995.687	1383.83
995.975	1318.37
996.263	1247.82
996.551	1193.57
996.839	1139.50
997.126	1081.48
997.414	1022.72
997.702	974.52
997.989	926.51
998.277	881.11
998.564	851.64
998.852	810.66
999.139	783.83
999.426	763.65
999.713	748.71
1000.001	722.51
1000.288	705.19
1000.575	681.09
1000.862	665.22
1001.149	649.15
1001.436	634.42
1001.722	621.37
1002.009	616.09
1002.296	602.19
1002.582	587.22
1002.869	575.97
1003.156	561.93
1003.442	553.35
1003.728	551.09
1004.015	535.50
1004.301	527.88
1004.587	524.85
1004.873	516.83
1005.160	519.63
1005.446	511.67
1005.732	498.03
1006.017	493.87
1006.303	491.25
1006.589	481.96
1006.875	476.17
1007.161	465.33
1007.446	456.59
1007.732	448.18
1008.017	442.29
1008.303	432.64
1008.588	425.95
1008.873	424.67
1009.159	418.55
1009.444	413.15
1009.729	407.20
1010.014	402.23
1010.299	398.46
1010.584	397.01
1010.869	387.99
1011.154	375.28
1011.439	367.24
1011.723	362.14
1012.008	358.86
1012.293	356.17
1012.577	349.02
1012.862	346.09
1013.146	347.13
1013.430	351.53
1013.715	348.90
1013.999	341.99
1014.283	335.91
1014.567	337.92
1014.851	337.24
1015.135	337.73
1015.419	329.40
1015.703	327.68
1015.987	323.56
1016.271	320.91
1016.555	320.82
1016.838	322.47
1017.122	322.86
1017.405	320.17
1017.689	316.59
1017.972	317.12
1018.256	316.30
1018.539	311.44
1018.822	303.26
1019.105	303.21
1019.388	307.80
1019.671	312.27
1019.954	315.06
1020.237	314.23
1020.520	313.48
1020.803	312.29
1021.086	313.67
1021.368	313.57
1021.651	313.69
1021.934	312.75
1022.216	313.65
