339.735	20.34
340.108	-2.14
340.482	-14.44
340.855	-27.85
341.228	-31.72
341.602	-31.99
341.975	-24.73
342.348	-22.03
342.721	-15.49
343.094	-0.13
343.468	14.91
343.841	22.89
344.214	27.00
344.587	29.44
344.960	41.03
345.333	51.50
345.706	54.16
346.079	55.91
346.452	68.45
346.824	82.99
347.197	90.42
347.570	96.61
347.943	109.56
348.316	125.05
348.688	136.26
349.061	140.93
349.434	147.00
349.806	156.17
350.179	156.61
350.552	156.75
350.924	155.30
351.297	155.52
351.669	156.81
352.042	157.34
352.414	154.17
352.787	159.73
353.159	164.95
353.531	161.46
353.904	162.89
354.276	171.28
354.648	175.42
355.020	180.61
355.393	174.63
355.765	168.62
356.137	170.06
356.509	171.42
356.881	161.96
357.253	160.06
357.625	168.72
357.997	169.37
358.369	170.51
358.741	172.46
359.113	167.01
359.485	163.92
359.857	156.55
360.229	143.27
360.600	144.54
360.972	140.96
361.344	134.03
361.716	137.40
362.087	135.21
362.459	141.21
362.831	141.45
363.202	138.64
363.574	136.32
363.945	137.87
364.317	140.02
364.688	140.58
365.060	137.00
365.431	134.39
365.803	138.52
366.174	145.50
366.545	149.56
366.917	152.66
367.288	150.69
367.659	154.96
368.030	157.68
368.402	156.17
368.773	150.46
369.144	147.52
369.515	141.68
369.886	142.69
370.257	141.30
370.628	138.12
370.999	139.68
371.370	138.66
371.741	144.22
372.112	145.92
372.483	144.35
372.853	148.17
373.224	157.69
373.595	175.13
373.966	180.74
374.336	174.13
374.707	177.65
375.078	189.98
375.448	188.70
375.819	181.19
376.190	165.65
376.560	173.73
376.931	177.45
377.301	169.82
377.671	161.52
378.042	159.36
378.412	162.65
378.783	156.95
379.153	149.89
379.523	145.89
379.893	150.25
380.264	150.46
380.634	150.77
381.004	151.27
381.374	158.37
381.744	159.62
382.114	162.78
382.484	162.48
382.854	166.33
383.224	166.56
383.594	159.70
383.964	155.56
384.334	154.98
384.704	155.30
385.074	156.29
385.444	147.21
385.814	150.68
386.183	156.47
386.553	155.18
386.923	151.83
387.292	151.74
387.662	154.69
388.032	159.70
388.401	156.91
388.771	159.56
389.140	157.17
389.510	160.06
389.879	160.54
390.248	164.00
390.618	166.94
390.987	167.13
391.356	166.81
391.726	168.50
392.095	164.12
392.464	166.98
392.833	157.64
393.203	160.14
393.572	160.20
393.941	162.68
394.310	161.87
394.679	190.73
395.048	190.41
395.417	192.43
395.786	184.16
396.155	183.85
396.524	178.12
396.893	177.52
397.261	169.29
397.630	168.01
397.999	163.42
398.368	170.68
398.736	170.47
399.105	170.91
399.474	170.80
399.842	157.91
400.211	157.34
400.579	164.36
400.948	161.93
401.317	160.87
401.685	162.83
402.053	163.22
402.422	156.23
402.790	158.03
403.158	151.27
403.527	145.72
403.895	145.64
404.263	146.65
404.632	149.80
405.000	155.45
405.368	154.78
405.736	167.37
406.104	170.23
406.472	169.95
406.840	165.53
407.208	163.72
407.576	165.14
407.944	163.79
408.312	153.21
408.680	156.61
409.048	154.45
409.415	155.47
409.783	151.71
410.151	144.59
410.519	147.35
410.886	149.35
411.254	148.99
411.622	155.11
411.989	155.74
412.357	155.14
412.724	154.61
413.092	155.75
413.459	155.71
413.827	153.91
414.194	148.62
414.561	150.57
414.929	149.65
415.296	154.46
415.663	148.41
416.030	143.00
416.398	143.27
416.765	145.16
417.132	138.37
417.499	140.52
417.866	141.58
418.233	145.24
418.600	147.45
418.967	142.58
419.334	138.71
419.701	148.70
420.068	151.71
420.435	149.85
420.802	148.45
421.168	156.35
421.535	165.51
421.902	169.61
422.269	162.64
422.635	158.97
423.002	159.60
423.369	163.77
423.735	164.56
424.102	161.19
424.468	164.72
424.835	167.03
425.201	168.60
425.567	167.80
425.934	169.12
426.300	167.49
426.667	167.51
427.033	164.69
427.399	169.40
427.765	168.07
428.131	168.89
428.498	168.25
428.864	165.38
429.230	168.26
429.596	175.24
429.962	170.59
430.328	176.54
430.694	177.77
431.060	174.64
431.426	179.90
431.792	175.66
432.157	170.60
432.523	172.11
432.889	166.76
433.255	163.28
433.620	161.03
433.986	160.90
434.352	169.21
434.717	166.43
435.083	164.33
435.448	163.72
435.814	168.52
436.179	170.17
436.545	167.89
436.910	165.04
437.276	170.41
437.641	176.13
438.006	180.10
438.372	184.06
438.737	184.94
439.102	183.12
439.467	175.52
439.832	176.03
440.197	170.18
440.563	170.76
440.928	167.98
441.293	171.85
441.658	179.30
442.023	187.62
442.387	187.36
442.752	194.09
443.117	200.37
443.482	204.69
443.847	201.73
444.212	198.51
444.576	198.26
444.941	200.16
445.306	197.88
445.670	195.65
446.035	198.18
446.399	203.24
446.764	201.95
447.128	202.80
447.493	199.25
447.857	199.18
448.222	200.76
448.586	194.64
448.950	191.78
449.315	200.28
449.679	199.72
450.043	204.42
450.407	212.82
450.772	214.62
451.136	218.15
451.500	224.39
451.864	223.26
452.228	226.90
452.592	227.39
452.956	224.95
453.320	223.02
453.684	223.50
454.047	219.72
454.411	224.72
454.775	225.33
455.139	226.06
455.503	223.31
455.866	226.20
456.230	226.60
456.594	230.28
456.957	221.89
457.321	215.13
457.684	218.34
458.048	220.45
458.411	216.27
458.775	221.66
459.138	221.71
459.501	221.99
459.865	224.22
460.228	219.69
460.591	217.98
460.955	217.84
461.318	206.90
461.681	202.63
462.044	199.81
462.407	200.35
462.770	202.77
463.133	199.49
463.496	200.45
463.859	206.59
464.222	207.88
464.585	215.53
464.948	215.58
465.311	214.07
465.674	218.38
466.036	215.28
466.399	209.91
466.762	204.73
467.124	197.34
467.487	195.51
467.850	195.31
468.212	188.65
468.575	187.69
468.937	196.85
469.300	202.16
469.662	201.81
470.024	200.37
470.387	200.24
470.749	202.87
471.111	205.66
471.474	196.82
471.836	193.39
472.198	191.22
472.560	187.64
472.922	186.77
473.284	190.90
473.646	191.55
474.008	196.46
474.370	199.34
474.732	200.28
475.094	201.46
475.456	202.56
475.818	195.02
476.180	194.93
476.542	193.72
476.903	193.98
477.265	190.88
477.627	194.04
477.988	194.67
478.350	196.38
478.711	189.99
479.073	184.20
479.435	182.84
479.796	188.28
480.157	183.14
480.519	178.76
480.880	179.68
481.241	182.41
481.603	185.16
481.964	182.89
482.325	185.45
482.686	186.43
483.048	193.13
483.409	197.38
483.770	200.34
484.131	207.59
484.492	213.18
484.853	208.68
485.214	216.33
485.575	219.78
485.936	224.81
486.296	224.29
486.657	223.39
487.018	223.56
487.379	227.96
487.739	225.83
488.100	226.83
488.461	225.15
488.821	228.40
489.182	228.35
489.542	230.40
489.903	230.48
490.263	226.68
490.624	225.03
490.984	225.22
491.345	226.80
491.705	226.17
492.065	223.07
492.425	221.79
492.786	224.74
493.146	222.17
493.506	223.02
493.866	224.29
494.226	234.10
494.586	238.66
494.946	244.10
495.306	245.49
495.666	244.43
496.026	241.91
496.386	233.03
496.746	224.48
497.106	219.26
497.465	210.11
497.825	211.62
498.185	212.85
498.544	211.05
498.904	217.48
499.264	220.24
499.623	226.99
499.983	236.35
500.342	239.60
500.702	242.06
501.061	243.21
501.420	245.22
501.780	247.66
502.139	244.90
502.498	242.94
502.858	241.81
503.217	240.63
503.576	242.57
503.935	246.15
504.294	244.83
504.653	247.37
505.012	242.95
505.371	246.26
505.730	247.07
506.089	244.20
506.448	248.93
506.807	252.99
507.166	253.46
507.524	257.27
507.883	257.82
508.242	257.66
508.601	262.46
508.959	251.30
509.318	249.58
509.676	249.81
510.035	256.17
510.393	256.56
510.752	256.83
511.110	256.19
511.469	258.96
511.827	254.11
512.185	254.59
512.544	248.30
512.902	242.73
513.260	245.73
513.618	247.60
513.976	256.94
514.334	264.69
514.692	267.72
515.050	266.78
515.408	268.60
515.766	266.81
516.124	266.27
516.482	265.53
516.840	266.18
517.198	269.09
517.556	276.40
517.913	277.21
518.271	283.50
518.629	286.50
518.986	286.62
519.344	287.34
519.701	284.12
520.059	282.27
520.416	283.37
520.774	284.39
521.131	290.41
521.489	296.57
521.846	295.10
522.203	295.81
522.561	297.92
522.918	303.31
523.275	303.80
523.632	301.42
523.989	295.94
524.346	300.38
524.703	303.64
525.060	300.22
525.417	301.81
525.774	298.04
526.131	301.15
526.488	297.51
526.845	294.00
527.202	294.55
527.559	297.23
527.915	297.34
528.272	300.59
528.629	298.49
528.985	302.30
529.342	309.62
529.698	307.99
530.055	313.53
530.411	315.82
530.768	312.77
531.124	312.52
531.480	313.77
531.837	314.45
532.193	316.24
532.549	310.38
532.906	305.95
533.262	307.23
533.618	302.22
533.974	298.31
534.330	296.40
534.686	294.15
535.042	296.56
535.398	300.67
535.754	306.54
536.110	314.69
536.466	319.54
536.821	318.34
537.177	321.03
537.533	319.26
537.889	311.30
538.244	301.81
538.600	301.47
538.955	299.17
539.311	302.32
539.667	298.79
540.022	303.64
540.377	313.00
540.733	319.55
541.088	319.83
541.444	323.17
541.799	324.38
542.154	327.31
542.509	323.60
542.864	319.87
543.220	316.10
543.575	312.00
543.930	307.63
544.285	302.94
544.640	304.38
544.995	309.88
545.350	309.05
545.705	312.86
546.059	319.57
546.414	324.52
546.769	327.23
547.124	324.07
547.478	322.49
547.833	321.96
548.188	318.82
548.542	317.01
548.897	318.48
549.251	320.17
549.606	317.53
549.960	315.58
550.315	318.42
550.669	322.24
551.023	321.52
551.378	319.40
551.732	316.25
552.086	316.05
552.440	313.66
552.794	313.89
553.148	318.99
553.502	318.42
553.856	324.26
554.210	348.27
554.564	350.72
554.918	354.26
555.272	354.08
555.626	347.34
555.980	347.99
556.334	345.21
556.687	324.52
557.041	327.32
557.395	332.85
557.748	340.71
558.102	348.63
558.455	356.09
558.809	361.42
559.162	362.05
559.516	364.92
559.869	368.38
560.222	365.26
560.576	360.23
560.929	357.75
561.282	356.27
561.635	354.15
561.988	353.28
562.342	352.74
562.695	355.95
563.048	358.19
563.401	362.35
563.754	357.62
564.107	358.37
564.459	356.35
564.812	349.47
565.165	346.48
565.518	351.77
565.871	348.57
566.223	350.15
566.576	351.93
566.929	355.90
567.281	359.87
567.634	359.73
567.986	358.32
568.339	360.77
568.691	361.35
569.044	363.30
569.396	367.84
569.748	373.53
570.100	374.84
570.453	376.65
570.805	379.00
571.157	379.01
571.509	378.72
571.861	377.54
572.213	378.91
572.565	377.30
572.917	376.57
573.269	378.10
573.621	381.21
573.973	384.20
574.325	385.93
574.677	382.43
575.028	379.83
575.380	381.34
575.732	373.89
576.083	367.63
576.435	367.38
576.786	368.01
577.138	368.73
577.489	373.97
577.841	368.20
578.192	371.87
578.543	377.13
578.895	378.92
579.246	372.61
579.597	370.59
579.948	368.30
580.300	367.54
580.651	372.14
581.002	371.52
581.353	375.13
581.704	379.30
582.055	385.14
582.406	387.37
582.757	386.06
583.107	381.33
583.458	378.85
583.809	375.07
584.160	370.26
584.510	364.37
584.861	364.48
585.212	365.63
585.562	368.93
585.913	374.64
586.263	373.63
586.614	373.64
586.964	369.70
587.315	366.20
587.665	365.94
588.015	359.87
588.365	358.03
588.716	359.55
589.066	356.88
589.416	360.99
589.766	361.20
590.116	365.14
590.466	377.77
590.816	377.46
591.166	378.13
591.516	381.57
591.866	387.50
592.216	385.43
592.566	379.78
592.915	373.84
593.265	369.64
593.615	367.99
593.964	371.44
594.314	372.70
594.663	372.57
595.013	370.21
595.362	370.21
595.712	371.05
596.061	371.62
596.411	369.16
596.760	366.64
597.109	370.60
597.458	381.78
597.808	387.60
598.157	383.48
598.506	383.66
598.855	381.44
599.204	384.25
599.553	382.12
599.902	370.82
600.251	365.91
600.600	364.92
600.949	365.15
601.297	370.60
601.646	368.12
601.995	364.02
602.344	363.84
602.692	364.01
603.041	358.24
603.389	353.39
603.738	346.89
604.086	343.34
604.435	348.94
604.783	353.12
605.132	358.98
605.480	370.13
605.828	378.63
606.177	381.62
606.525	384.47
606.873	383.05
607.221	378.54
607.569	376.35
607.917	371.43
608.265	366.98
608.613	366.26
608.961	367.08
609.309	370.46
609.657	377.07
610.005	376.86
610.352	374.33
610.700	376.01
611.048	384.35
611.395	385.22
611.743	384.68
612.091	380.32
612.438	376.01
612.786	376.04
613.133	372.50
613.480	370.67
613.828	368.76
614.175	368.95
614.522	373.90
614.870	377.67
615.217	380.49
615.564	385.86
615.911	385.06
616.258	385.91
616.605	379.92
616.952	380.26
617.299	382.47
617.646	381.95
617.993	377.55
618.340	373.52
618.687	372.02
619.033	375.48
619.380	379.15
619.727	380.27
620.073	381.86
620.420	383.11
620.767	385.07
621.113	389.35
621.459	389.22
621.806	387.73
622.152	382.83
622.499	376.74
622.845	377.47
623.191	377.69
623.537	373.47
623.884	366.49
624.230	363.73
624.576	361.01
624.922	358.76
625.268	358.80
625.614	355.57
625.960	357.23
626.306	362.11
626.652	364.97
626.998	370.62
627.343	380.82
627.689	384.40
628.035	384.13
628.380	378.57
628.726	376.66
629.072	377.24
629.417	376.72
629.763	373.25
630.108	368.50
630.453	368.27
630.799	367.07
631.144	361.89
631.489	354.82
631.835	346.12
632.180	339.50
632.525	336.02
632.870	338.44
633.215	341.80
633.560	341.78
633.905	342.99
634.250	343.33
634.595	349.22
634.940	358.21
635.285	356.88
635.630	354.12
635.974	352.42
636.319	356.22
636.664	355.81
637.008	349.30
637.353	338.75
637.698	337.91
638.042	341.04
638.387	340.27
638.731	336.86
639.075	335.93
639.420	344.79
639.764	342.53
640.108	336.77
640.452	336.27
640.797	337.55
641.141	337.89
641.485	332.95
641.829	323.48
642.173	324.31
642.517	325.47
642.861	322.19
643.205	317.53
643.549	316.17
643.892	315.29
644.236	311.55
644.580	306.48
644.923	305.99
645.267	304.34
645.611	307.81
645.954	311.44
646.298	310.96
646.641	313.55
646.985	316.56
647.328	313.64
647.671	316.11
648.015	312.68
648.358	307.41
648.701	304.57
649.044	299.76
649.387	300.64
649.731	305.87
650.074	303.23
650.417	299.94
650.760	301.39
651.102	306.51
651.445	309.56
651.788	305.85
652.131	301.84
652.474	300.27
652.816	300.85
653.159	299.56
653.502	295.76
653.844	295.00
654.187	294.98
654.529	291.18
654.872	285.00
655.214	280.93
655.557	280.80
655.899	283.51
656.241	286.63
656.583	289.01
656.926	293.63
657.268	297.23
657.610	295.38
657.952	292.88
658.294	290.91
658.636	285.27
658.978	278.34
659.320	270.96
659.662	270.52
660.004	277.08
660.345	275.66
660.687	276.28
661.029	281.79
661.371	287.43
661.712	292.97
662.054	295.54
662.395	294.52
662.737	293.66
663.078	292.26
663.420	290.65
663.761	292.27
664.102	291.29
664.444	286.33
664.785	282.83
665.126	285.99
665.467	289.98
665.808	287.57
666.149	285.02
666.490	282.07
666.831	284.52
667.172	283.04
667.513	278.71
667.854	273.14
668.195	269.63
668.535	269.10
668.876	264.31
669.217	264.90
669.557	267.49
669.898	275.59
670.239	283.22
670.579	283.36
670.920	282.88
671.260	285.60
671.600	283.10
671.941	277.65
672.281	267.00
672.621	256.78
672.961	258.87
673.302	263.21
673.642	264.89
673.982	266.19
674.322	267.44
674.662	280.03
675.002	289.04
675.342	282.71
675.682	279.38
676.021	275.89
676.361	273.23
676.701	270.21
677.041	257.88
677.380	252.60
677.720	252.47
678.059	248.55
678.399	247.44
678.738	249.77
679.078	251.62
679.417	250.77
679.756	247.33
680.096	246.81
680.435	248.25
680.774	249.62
681.113	245.89
681.453	244.63
681.792	246.82
682.131	246.98
682.470	250.28
682.809	249.46
683.148	246.25
683.486	247.31
683.825	244.84
684.164	239.73
684.503	235.06
684.841	232.53
685.180	229.00
685.519	227.82
685.857	227.65
686.196	224.25
686.534	221.77
686.873	220.84
687.211	222.29
687.549	221.35
687.888	216.69
688.226	215.79
688.564	217.93
688.902	220.41
689.240	222.77
689.578	226.91
689.917	241.01
690.255	253.95
690.592	255.54
690.930	257.25
691.268	254.19
691.606	254.06
691.944	253.13
692.282	238.33
692.619	229.37
692.957	232.64
693.294	242.03
693.632	247.32
693.970	248.04
694.307	248.38
694.644	246.89
694.982	244.33
695.319	235.64
695.656	229.80
695.994	225.25
696.331	218.81
696.668	216.84
697.005	220.83
697.342	224.67
697.679	221.62
698.016	213.27
698.353	209.70
698.690	215.44
699.027	213.28
699.364	207.82
699.700	207.35
700.037	209.57
700.374	210.05
700.710	208.87
701.047	207.97
701.384	208.11
701.720	212.13
702.057	210.06
702.393	212.08
702.729	218.14
703.066	217.24
703.402	217.44
703.738	220.41
704.074	222.07
704.410	218.86
704.747	215.18
705.083	211.39
705.419	212.06
705.755	208.34
706.091	200.74
706.426	195.67
706.762	202.52
707.098	207.47
707.434	205.69
707.769	204.75
708.105	205.74
708.441	210.89
708.776	214.18
709.112	208.93
709.447	202.74
709.783	205.29
710.118	208.37
710.453	209.60
710.789	206.94
711.124	202.38
711.459	207.50
711.794	214.61
712.129	211.80
712.464	209.69
712.799	208.79
713.134	209.76
713.469	209.40
713.804	204.27
714.139	200.51
714.474	200.99
714.809	198.21
715.143	195.99
715.478	199.93
715.813	202.24
716.147	202.18
716.482	203.92
716.816	203.98
717.151	208.78
717.485	212.18
717.819	206.76
718.154	206.07
718.488	205.28
718.822	199.99
719.156	195.25
719.491	189.71
719.825	184.82
720.159	187.68
720.493	188.34
720.827	186.92
721.161	191.20
721.494	195.03
721.828	195.62
722.162	197.23
722.496	196.76
722.829	196.33
723.163	195.47
723.497	196.09
723.830	195.53
724.164	198.22
724.497	201.82
724.830	204.06
725.164	209.80
725.497	214.12
725.830	214.16
726.164	215.44
726.497	216.90
726.830	212.64
727.163	205.45
727.496	196.43
727.829	193.88
728.162	193.30
728.495	193.44
728.828	192.88
729.160	194.88
729.493	199.15
729.826	204.40
730.159	202.80
730.491	198.64
730.824	195.95
731.156	192.96
731.489	189.57
731.821	188.37
732.154	189.32
732.486	192.18
732.818	194.44
733.151	197.08
733.483	200.55
733.815	204.79
734.147	205.26
734.479	204.47
734.811	204.43
735.143	204.21
735.475	205.92
735.807	205.42
736.139	206.44
736.471	206.30
736.803	202.77
737.134	199.04
737.466	197.65
737.798	193.31
738.129	193.07
738.461	188.34
738.792	186.86
739.124	190.77
739.455	194.72
739.786	193.68
740.118	200.37
740.449	206.99
740.780	206.37
741.111	208.55
741.442	211.31
741.773	213.65
742.104	218.89
742.435	212.39
742.766	207.01
743.097	209.45
743.428	206.13
743.759	198.47
744.090	194.23
744.420	193.67
744.751	193.13
745.081	195.90
745.412	190.38
745.743	190.60
746.073	194.51
746.403	196.29
746.734	193.49
747.064	193.09
747.394	194.14
747.725	192.75
748.055	193.78
748.385	195.36
748.715	192.09
749.045	191.19
749.375	192.96
749.705	188.55
750.035	193.59
750.365	202.12
750.695	205.58
751.024	208.71
751.354	212.16
751.684	211.89
752.013	214.59
752.343	217.33
752.673	213.32
753.002	207.91
753.331	206.57
753.661	208.71
753.990	208.68
754.320	208.20
754.649	205.49
754.978	202.20
755.307	203.61
755.636	202.25
755.965	197.68
756.294	196.17
756.623	199.75
756.952	204.59
757.281	214.08
757.610	214.67
757.939	211.93
758.267	213.72
758.596	213.29
758.925	211.19
759.253	204.19
759.582	195.74
759.910	193.52
760.239	192.20
760.567	190.42
760.896	190.31
761.224	188.59
761.552	190.04
761.881	188.37
762.209	187.90
762.537	190.52
762.865	193.44
763.193	198.01
763.521	204.49
763.849	212.37
764.177	216.53
764.505	218.12
764.832	219.17
765.160	217.94
765.488	212.39
765.815	205.19
766.143	196.36
766.471	190.52
766.798	189.79
767.126	193.39
767.453	193.89
767.780	192.43
768.108	189.16
768.435	191.37
768.762	196.25
769.089	201.37
769.417	198.48
769.744	199.03
770.071	201.99
770.398	203.49
770.725	205.75
771.052	205.68
771.378	206.44
771.705	205.90
772.032	203.05
772.359	199.83
772.685	202.39
773.012	198.29
773.338	208.06
773.665	203.94
773.991	202.89
774.318	213.54
774.644	216.15
774.971	213.33
775.297	209.45
775.623	193.03
775.949	192.64
776.275	192.03
776.601	184.20
776.927	188.14
777.253	189.43
777.579	194.82
777.905	202.52
778.231	203.44
778.557	204.79
778.883	208.44
779.208	208.32
779.534	213.23
779.860	212.48
780.185	207.65
780.511	209.10
780.836	209.27
781.162	203.84
781.487	200.15
781.812	200.41
782.138	199.86
782.463	203.49
782.788	202.09
783.113	203.96
783.438	211.06
783.763	213.89
784.088	210.32
784.413	210.80
784.738	212.16
785.063	212.10
785.388	210.64
785.712	212.33
786.037	217.41
786.362	214.72
786.686	214.90
787.011	212.37
787.335	214.65
787.660	217.01
787.984	212.14
788.308	208.15
788.633	210.42
788.957	211.09
789.281	212.07
789.605	212.70
789.930	210.31
790.254	209.03
790.578	205.16
790.902	205.74
791.225	204.39
791.549	203.01
791.873	199.13
792.197	200.07
792.521	202.49
792.844	203.95
793.168	201.16
793.492	204.94
793.815	209.67
794.139	205.70
794.462	209.76
794.785	206.08
795.109	205.74
795.432	210.37
795.755	212.45
796.078	217.05
796.401	222.20
796.725	220.39
797.048	220.72
797.371	225.21
797.694	226.67
798.016	221.88
798.339	213.02
798.662	216.88
798.985	215.57
799.308	219.02
799.630	214.42
799.953	214.60
800.275	215.34
800.598	220.21
800.920	217.66
801.243	218.49
801.565	217.61
801.887	220.55
802.210	218.52
802.532	217.90
802.854	222.04
803.176	227.01
803.498	227.75
803.820	232.12
804.142	232.22
804.464	230.41
804.786	235.30
805.108	233.36
805.429	229.57
805.751	231.47
806.073	227.44
806.394	225.26
806.716	226.31
807.038	228.07
807.359	226.93
807.680	226.40
808.002	229.85
808.323	232.84
808.644	240.62
808.966	243.73
809.287	249.13
809.608	253.78
809.929	253.55
810.250	253.03
810.571	254.02
810.892	256.07
811.213	260.15
811.534	253.30
811.854	253.17
812.175	258.49
812.496	254.15
812.816	260.66
813.137	258.74
813.458	255.06
813.778	264.50
814.098	268.88
814.419	272.11
814.739	280.41
815.059	282.56
815.380	290.11
815.700	295.34
816.020	296.58
816.340	301.29
816.660	307.75
816.980	315.28
817.300	316.76
817.620	315.86
817.940	319.62
818.260	322.87
818.579	319.92
818.899	321.44
819.219	317.31
819.538	320.42
819.858	325.06
820.177	330.06
820.497	330.82
820.816	337.96
821.135	334.30
821.455	340.45
821.774	345.13
822.093	346.84
822.412	349.24
822.731	355.36
823.050	355.55
823.369	360.57
823.688	355.46
824.007	358.39
824.326	354.61
824.645	369.44
824.963	364.97
825.282	362.71
825.601	357.61
825.919	354.58
826.238	352.59
826.556	349.20
826.875	329.64
827.193	322.62
827.511	323.63
827.830	325.21
828.148	331.29
828.466	333.82
828.784	341.48
829.102	351.34
829.420	365.03
829.738	368.78
830.056	375.88
830.374	375.98
830.692	374.94
831.010	369.71
831.327	368.52
831.645	362.97
831.963	359.47
832.280	353.57
832.598	348.08
832.915	348.64
833.233	346.35
833.550	339.14
833.867	336.05
834.185	329.83
834.502	327.36
834.819	326.22
835.136	314.42
835.453	307.98
835.770	306.25
836.087	296.65
836.404	294.92
836.721	283.56
837.038	280.18
837.355	284.66
837.671	286.13
837.988	295.97
838.305	305.11
838.621	317.55
838.938	338.37
839.254	358.66
839.571	387.03
839.887	421.53
840.203	454.33
840.520	492.94
840.836	542.60
841.152	593.94
841.468	638.17
841.784	690.74
842.100	734.11
842.416	791.71
842.732	852.76
843.048	903.12
843.364	964.26
843.679	1035.60
843.995	1092.09
844.311	1153.58
844.626	1203.47
844.942	1252.74
845.257	1309.32
845.573	1345.55
845.888	1394.61
846.203	1435.09
846.519	1470.35
846.834	1507.96
847.149	1532.00
847.464	1558.32
847.779	1583.43
848.094	1597.27
848.409	1611.37
848.724	1617.24
849.039	1628.90
849.354	1624.32
849.669	1619.79
849.983	1617.30
850.298	1622.27
850.613	1615.20
850.927	1619.11
851.242	1627.18
851.556	1638.77
851.871	1655.09
852.185	1673.43
852.499	1673.40
852.814	1699.34
853.128	1719.66
853.442	1726.31
853.756	1737.26
854.070	1758.76
854.384	1787.66
854.698	1792.48
855.012	1807.20
855.326	1808.70
855.640	1813.70
855.953	1795.90
856.267	1762.24
856.581	1719.93
856.894	1677.93
857.208	1615.16
857.521	1539.62
857.835	1468.87
858.148	1406.53
858.461	1344.65
858.775	1272.52
859.088	1207.68
859.401	1165.51
859.714	1139.26
860.027	1112.97
860.340	1107.69
860.653	1128.35
860.966	1173.76
861.279	1249.55
861.592	1358.67
861.904	1472.15
862.217	1627.61
862.530	1799.72
862.842	1996.97
863.155	2228.60
863.467	2472.62
863.780	2727.81
864.092	3002.22
864.405	3288.49
864.717	3579.71
865.029	3866.30
865.341	4191.31
865.653	4479.55
865.966	4752.16
866.278	5036.88
866.589	5311.20
866.901	5546.17
867.213	5783.68
867.525	5999.45
867.837	6205.63
868.149	6426.72
868.460	6599.31
868.772	6809.83
869.083	6995.11
869.395	7206.28
869.706	7358.81
870.018	7561.62
870.329	7706.63
870.640	7952.48
870.952	8146.27
871.263	8322.25
871.574	8511.39
871.885	8647.07
872.196	8836.44
872.507	8947.92
872.818	9045.71
873.129	9130.67
873.440	9160.53
873.750	9151.75
874.061	9080.59
874.372	9011.97
874.682	8962.80
874.993	8884.63
875.303	8751.33
875.614	8596.73
875.924	8437.84
876.235	8241.75
876.545	8010.67
876.855	7701.18
877.165	7370.59
877.475	7136.20
877.786	6761.81
878.096	6490.04
878.406	6171.89
878.715	5888.22
879.025	5660.99
879.335	5387.62
879.645	5137.75
879.955	4935.80
880.264	4763.72
880.574	4612.19
880.883	4501.10
881.193	4418.70
881.502	4341.32
881.812	4357.82
882.121	4417.32
882.430	4456.99
882.740	4555.59
883.049	4653.94
883.358	4816.88
883.667	5012.93
883.976	5212.52
884.285	5445.98
884.594	5716.00
884.903	6030.47
885.212	6361.44
885.520	6799.93
885.829	7271.87
886.138	7817.81
886.446	8358.94
886.755	8995.10
887.063	9730.13
887.372	10473.79
887.680	11390.49
887.988	12370.52
888.297	13377.91
888.605	14593.21
888.913	15953.59
889.221	17310.62
889.529	18888.31
889.837	20615.10
890.145	22264.51
890.453	23921.50
890.761	25659.34
891.069	27447.59
891.377	29199.90
891.684	30837.42
891.992	32360.67
892.299	33916.77
892.607	35395.51
892.914	36703.47
893.222	37817.68
893.529	39090.97
893.837	39950.51
894.144	40886.35
894.451	41541.79
894.758	41940.39
895.065	42486.39
895.372	42585.29
895.679	42612.39
895.986	42543.71
896.293	42047.00
896.600	41528.22
896.907	40800.12
897.213	40330.84
897.520	39137.70
897.827	38506.99
898.133	37346.53
898.440	36129.78
898.746	34999.78
899.053	33821.12
899.359	32493.40
899.665	31079.27
899.972	29768.08
900.278	28301.43
900.584	27020.74
900.890	25669.31
901.196	24485.15
901.502	23336.52
901.808	22322.00
902.114	21436.54
902.419	20618.50
902.725	20052.45
903.031	19565.11
903.337	19209.96
903.642	18972.85
903.948	18920.76
904.253	19063.19
904.559	19356.89
904.864	19616.37
905.169	20058.15
905.475	20588.67
905.780	21108.59
906.085	21646.67
906.390	22194.73
906.695	22819.90
907.000	23296.46
907.305	23721.80
907.610	24072.52
907.915	24368.43
908.219	24676.26
908.524	24751.02
908.829	24609.01
909.133	24675.01
909.438	24325.90
909.743	24069.27
910.047	23689.38
910.351	23086.80
910.656	22370.17
910.960	21670.80
911.264	20913.77
911.568	19910.85
911.873	19023.43
912.177	18109.76
912.481	17186.25
912.785	16375.31
913.088	15529.66
913.392	14719.34
913.696	14002.19
914.000	13292.57
914.304	12656.69
914.607	12091.94
914.911	11601.30
915.214	11166.67
915.518	10789.73
915.821	10449.46
916.124	10193.35
916.428	9936.65
916.731	9756.23
917.034	9553.06
917.337	9480.70
917.640	9430.48
917.943	9455.00
918.246	9612.99
918.549	9853.53
918.852	10297.86
919.155	10812.12
919.458	11531.19
919.760	12306.57
920.063	13238.87
920.366	14341.98
920.668	15566.28
920.971	16892.05
921.273	18376.18
921.576	20045.12
921.878	21889.66
922.180	23763.25
922.482	26036.50
922.784	28285.54
923.087	30589.44
923.389	32963.35
923.691	35607.66
923.992	38329.18
924.294	40646.54
924.596	42926.22
924.898	45062.40
925.200	46872.46
925.501	48557.45
925.803	49642.22
926.104	50571.85
926.406	51410.65
926.707	52139.38
927.009	52619.70
927.310	52830.22
927.611	53029.83
927.912	53250.89
928.214	53250.14
928.515	53396.63
928.816	53341.14
929.117	53017.37
929.418	52750.54
929.719	52545.22
930.019	52262.35
930.320	51916.53
930.621	51233.07
930.922	50795.86
931.222	50535.06
931.523	50454.92
931.823	50031.94
932.124	49779.98
932.424	49731.09
932.724	50087.46
933.025	50276.57
933.325	50529.26
933.625	50880.20
933.925	50983.09
934.225	51087.30
934.525	51029.39
934.825	50905.30
935.125	50319.67
935.425	50061.44
935.724	49660.33
936.024	49112.57
936.324	48931.18
936.623	48340.84
936.923	47865.72
937.222	47290.55
937.522	46882.55
937.821	46072.72
938.120	45342.28
938.420	44724.36
938.719	43788.21
939.018	43149.98
939.317	42159.41
939.616	41534.92
939.915	40842.48
940.214	40780.53
940.513	40574.86
940.812	40950.04
941.111	41215.03
941.409	41614.44
941.708	42123.49
942.006	42998.27
942.305	43575.69
942.603	44539.74
942.902	45663.99
943.200	47067.78
943.499	48129.71
943.797	49310.02
944.095	50282.51
944.393	51246.98
944.691	52426.70
944.989	53244.43
945.287	54039.43
945.585	54870.93
945.883	55767.10
946.181	56558.51
946.479	57596.34
946.776	58282.07
947.074	58935.86
947.371	59801.83
947.669	60361.09
947.966	60599.74
948.264	60532.63
948.561	61177.13
948.858	61075.56
949.156	60868.88
949.453	60845.61
949.750	60818.19
950.047	60312.83
950.344	60070.03
950.641	59535.58
950.938	59012.90
951.235	58336.34
951.532	57152.90
951.828	55655.80
952.125	54301.11
952.422	52330.00
952.718	50460.91
953.015	48045.66
953.311	45461.79
953.607	42880.65
953.904	40296.99
954.200	37439.41
954.496	34577.77
954.792	31822.24
955.089	29236.02
955.385	26471.36
955.681	24089.25
955.976	21542.84
956.272	19210.70
956.568	17055.34
956.864	15089.58
957.160	13369.45
957.455	11902.15
957.751	10628.73
958.046	9606.98
958.342	8963.50
958.637	8514.93
958.933	8397.12
959.228	8583.87
959.523	9028.19
959.818	9862.99
960.114	11010.62
960.409	12494.61
960.704	14352.86
960.999	16426.96
961.294	18715.30
961.588	21373.67
961.883	24083.14
962.178	26943.55
962.473	29827.32
962.767	33028.36
963.062	36156.99
963.356	39256.20
963.651	42313.91
963.945	45131.71
964.239	47832.72
964.534	49913.22
964.828	51754.83
965.122	53160.63
965.416	54672.61
965.710	55703.27
966.004	56491.31
966.298	57069.76
966.592	57748.28
966.886	58328.28
967.180	58599.69
967.473	58542.60
967.767	58328.14
968.061	58051.80
968.354	57589.37
968.648	56694.11
968.941	55939.38
969.234	54806.22
969.528	53857.57
969.821	52729.38
970.114	51272.78
970.407	49700.79
970.700	47946.66
970.993	46054.90
971.286	43723.61
971.579	41496.68
971.872	39287.66
972.165	37206.32
972.457	35086.10
972.750	33205.19
973.043	31118.98
973.335	29301.17
973.628	27609.02
973.920	25702.04
974.213	23991.13
974.505	22397.08
974.797	21064.56
975.089	19715.02
975.382	18676.67
975.674	17851.44
975.966	17088.81
976.258	16264.76
976.550	15600.72
976.841	14947.46
977.133	14357.73
977.425	13791.13
977.717	13205.98
978.008	12758.58
978.300	12292.63
978.591	11847.58
978.883	11455.90
979.174	11089.46
979.465	10699.12
979.757	10323.40
980.048	9960.15
980.339	9586.24
980.630	9209.47
980.921	8869.53
981.212	8477.78
981.503	8125.03
981.794	7711.33
982.085	7310.83
982.376	6918.37
982.666	6491.11
982.957	6080.39
983.248	5716.64
983.538	5364.86
983.828	5008.43
984.119	4683.60
984.409	4406.77
984.700	4122.32
984.990	3867.02
985.280	3653.07
985.570	3437.51
985.860	3263.72
986.150	3109.14
986.440	2977.89
986.730	2871.27
987.020	2764.65
987.309	2689.37
987.599	2623.03
987.889	2549.53
988.178	2502.93
988.468	2478.85
988.757	2437.01
989.047	2408.86
989.336	2414.39
989.625	2397.56
989.915	2383.12
990.204	2361.72
990.493	2345.78
990.782	2307.69
991.071	2274.50
991.360	2229.87
991.649	2195.89
991.938	2140.37
992.226	2079.23
992.515	2018.87
992.804	1959.86
993.092	1893.65
993.381	1823.80
993.669	1757.73
993.958	1683.72
994.246	1621.11
994.534	1554.30
994.823	1482.09
995.111	1414.69
995.399	1344.58
995.687	1275.98
995.975	1218.23
996.263	1160.28
996.551	1101.43
996.839	1053.17
997.126	997.09
997.414	944.44
997.702	905.20
997.989	864.01
998.277	828.10
998.564	794.57
998.852	767.65
999.139	749.45
999.426	729.14
999.713	710.43
1000.001	687.44
1000.288	670.65
1000.575	650.90
1000.862	637.46
1001.149	621.48
1001.436	612.63
1001.722	604.11
1002.009	589.57
1002.296	576.56
1002.582	565.65
1002.869	552.63
1003.156	546.49
1003.442	538.75
1003.728	528.21
1004.015	522.03
1004.301	513.78
1004.587	515.37
1004.873	511.08
1005.160	501.17
1005.446	488.80
1005.732	487.53
1006.017	484.25
1006.303	475.18
1006.589	466.52
1006.875	454.76
1007.161	449.79
1007.446	441.95
1007.732	432.61
1008.017	427.38
1008.303	421.87
1008.588	416.69
1008.873	411.19
1009.159	406.19
1009.444	402.26
1009.729	397.94
1010.014	393.98
1010.299	390.10
1010.584	378.50
1010.869	368.30
1011.154	360.99
1011.439	356.23
1011.723	355.03
1012.008	350.71
1012.293	345.60
1012.577	341.86
1012.862	344.80
1013.146	348.35
1013.430	343.48
1013.715	333.48
1013.999	333.23
1014.283	334.17
1014.567	334.99
1014.851	332.01
1015.135	325.87
1015.419	321.88
1015.703	318.65
1015.987	318.95
1016.271	318.67
1016.555	319.63
1016.838	318.32
1017.122	314.16
1017.405	312.88
1017.689	312.89
1017.972	311.41
1018.256	304.09
1018.539	300.02
1018.822	300.97
1019.105	305.83
1019.388	309.47
1019.671	310.23
1019.954	308.79
1020.237	312.65
1020.520	313.39
1020.803	312.29
1021.086	311.88
1021.368	312.82
1021.651	311.35
1021.934	311.54
1022.216	312.51
