339.735	68.86
340.108	57.77
340.482	37.82
340.855	20.37
341.228	-2.02
341.602	-14.20
341.975	-27.57
342.348	-31.52
342.721	-31.69
343.094	-24.58
343.468	-21.78
343.841	-15.49
344.214	-0.26
344.587	14.59
344.960	22.63
345.333	26.78
345.706	29.04
346.079	40.72
346.452	50.53
346.824	53.66
347.197	55.46
347.570	67.50
347.943	82.06
348.316	89.41
348.688	95.43
349.061	108.51
349.434	123.24
349.806	134.71
350.179	140.30
350.552	145.17
350.924	155.11
351.297	155.30
351.669	155.18
352.042	153.89
352.414	154.64
352.787	156.77
353.159	155.83
353.531	152.32
353.904	158.47
354.276	162.60
354.648	160.12
355.020	161.46
355.393	170.01
355.765	172.66
356.137	178.62
356.509	172.70
356.881	167.07
357.253	168.71
357.625	169.76
357.997	160.86
358.369	158.71
358.741	167.43
359.113	167.98
359.485	168.69
359.857	171.12
360.229	164.83
360.600	162.34
360.972	155.35
361.344	142.07
361.716	142.69
362.087	139.86
362.459	133.01
362.831	135.62
363.202	133.37
363.574	139.89
363.945	140.43
364.317	136.97
364.688	135.23
365.060	136.36
365.431	138.64
365.803	139.37
366.174	136.19
366.545	132.98
366.917	136.76
367.288	144.71
367.659	149.01
368.030	150.66
368.402	149.01
368.773	152.86
369.144	156.67
369.515	154.04
369.886	149.51
370.257	145.64
370.628	140.52
370.999	141.60
371.370	139.75
371.741	137.22
372.112	138.64
372.483	136.56
372.853	142.46
373.224	144.54
373.595	142.78
373.966	146.74
374.336	155.76
374.707	172.67
375.078	178.84
375.448	172.74
375.819	175.71
376.190	187.99
376.560	186.85
376.931	180.05
377.301	163.51
377.671	171.36
378.042	177.15
378.412	169.23
378.783	160.20
379.153	158.04
379.523	160.41
379.893	155.22
380.264	149.41
380.634	143.80
381.004	148.52
381.374	150.12
381.744	149.10
382.114	149.05
382.484	157.87
382.854	158.59
383.224	160.83
383.594	160.85
383.964	164.25
384.334	164.06
384.704	157.85
385.074	154.11
385.444	153.91
385.814	153.77
386.183	154.90
386.553	145.68
386.923	149.11
387.292	154.87
387.662	153.74
388.032	149.76
388.401	150.91
388.771	152.95
389.140	157.87
389.510	154.95
389.879	157.59
390.248	154.99
390.618	158.88
390.987	158.53
391.356	162.67
391.726	165.27
392.095	165.53
392.464	165.31
392.833	167.97
393.203	162.42
393.572	165.22
393.941	155.27
394.310	158.68
394.679	158.74
395.048	160.84
395.417	159.64
395.786	188.71
396.155	187.81
396.524	190.78
396.893	183.23
397.261	181.70
397.630	176.03
397.999	176.46
398.368	167.15
398.736	166.07
399.105	161.93
399.474	168.73
399.842	168.37
400.211	169.87
400.579	169.99
400.948	156.58
401.317	155.07
401.685	162.50
402.053	160.40
402.422	159.01
402.790	161.05
403.158	162.13
403.527	155.92
403.895	157.40
404.263	150.23
404.632	144.15
405.000	144.11
405.368	145.29
405.736	147.03
406.104	154.09
406.472	152.08
406.840	165.95
407.208	168.84
407.576	169.27
407.944	163.74
408.312	162.44
408.680	163.34
409.048	163.06
409.415	152.53
409.783	155.10
410.151	153.49
410.519	155.21
410.886	151.16
411.254	143.61
411.622	146.14
411.989	147.59
412.357	147.26
412.724	154.27
413.092	153.71
413.459	153.77
413.827	153.78
414.194	153.88
414.561	153.95
414.929	153.41
415.296	148.27
415.663	148.53
416.030	148.34
416.398	153.22
416.765	147.29
417.132	141.83
417.499	141.57
417.866	144.01
418.233	136.57
418.600	139.65
418.967	139.26
419.334	144.51
419.701	146.22
420.068	141.58
420.435	137.20
420.802	146.60
421.168	150.39
421.535	148.52
421.902	146.76
422.269	153.82
422.635	163.99
423.002	168.24
423.369	160.50
423.735	157.43
424.102	157.42
424.468	162.57
424.835	163.98
425.201	158.58
425.567	162.94
425.934	165.46
426.300	167.88
426.667	166.59
427.033	168.53
427.399	166.52
427.765	166.55
428.131	162.38
428.498	168.67
428.864	166.61
429.230	167.81
429.596	166.29
429.962	162.84
430.328	166.36
430.694	173.60
431.060	169.00
431.426	174.51
431.792	176.54
432.157	173.14
432.523	178.60
432.889	175.01
433.255	169.05
433.620	170.45
433.986	166.50
434.352	162.26
434.717	159.18
435.083	158.97
435.448	168.31
435.814	165.48
436.179	162.75
436.545	162.16
436.910	165.90
437.276	169.36
437.641	166.59
438.006	163.25
438.372	167.27
438.737	174.43
439.102	177.53
439.467	182.62
439.832	183.35
440.197	182.65
440.563	174.08
440.928	174.86
441.293	168.44
441.658	169.29
442.023	164.97
442.387	169.57
442.752	176.17
443.117	185.61
443.482	184.39
443.847	192.39
444.212	197.54
444.576	202.92
444.941	199.68
445.306	196.80
445.670	196.47
446.035	198.33
446.399	196.31
446.764	193.73
447.128	196.86
447.493	200.67
447.857	199.59
448.222	201.05
448.586	196.69
448.950	196.68
449.315	198.85
449.679	193.80
450.043	188.74
450.407	198.54
450.772	196.66
451.136	200.87
451.500	210.83
451.864	212.66
452.228	215.22
452.592	222.29
452.956	220.86
453.320	225.34
453.684	225.62
454.047	223.19
454.411	220.54
454.775	220.78
455.139	216.22
455.503	223.09
455.866	223.07
456.230	224.48
456.594	221.13
456.957	223.10
457.321	225.03
457.684	228.37
458.048	219.00
458.411	212.02
458.775	214.98
459.138	219.03
459.501	213.75
459.865	218.97
460.228	219.55
460.591	220.66
460.955	222.82
461.318	217.95
461.681	214.87
462.044	216.26
462.407	205.54
462.770	201.02
463.133	197.98
463.496	197.81
463.859	200.32
464.222	196.46
464.585	198.33
464.948	204.69
465.311	204.87
465.674	213.86
466.036	213.53
466.399	212.13
466.762	217.08
467.124	214.94
467.487	207.33
467.850	203.71
468.212	193.84
468.575	193.70
468.937	194.51
469.300	187.33
469.662	184.08
470.024	193.87
470.387	199.13
470.749	200.31
471.111	199.45
471.474	197.44
471.836	201.31
472.198	205.77
472.560	195.78
472.922	191.84
473.284	189.33
473.646	185.28
474.008	183.92
474.370	189.46
474.732	189.01
475.094	194.58
475.456	198.25
475.818	198.68
476.180	199.80
476.542	201.55
476.903	192.75
477.265	192.06
477.627	191.47
477.988	193.26
478.350	189.44
478.711	191.22
479.073	192.81
479.435	194.44
479.796	188.99
480.157	183.18
480.519	180.81
480.880	186.09
481.241	182.78
481.603	177.47
481.964	176.92
482.325	181.30
482.686	182.87
483.048	180.82
483.409	184.35
483.770	185.10
484.131	190.43
484.492	196.34
484.853	197.04
485.214	206.66
485.575	210.05
485.936	206.37
486.296	214.56
486.657	217.28
487.018	221.60
487.379	223.38
487.739	220.96
488.100	221.30
488.461	226.26
488.821	223.42
489.182	225.46
489.542	222.34
489.903	226.25
490.263	225.51
490.624	228.10
490.984	228.93
491.345	226.19
491.705	222.97
492.065	222.44
492.425	223.85
492.786	224.39
493.146	221.18
493.506	218.45
493.866	221.47
494.226	218.25
494.586	221.26
494.946	220.61
495.306	230.38
495.666	235.35
496.026	243.19
496.386	243.10
496.746	242.53
497.106	240.40
497.465	231.81
497.825	221.44
498.185	218.71
498.544	208.24
498.904	208.90
499.264	210.27
499.623	208.97
499.983	214.87
500.342	217.71
500.702	223.28
501.061	234.10
501.420	235.94
501.780	240.30
502.139	240.99
502.498	242.74
502.858	246.85
503.217	243.04
503.576	241.14
503.935	239.42
504.294	238.42
504.653	241.84
505.012	243.61
505.371	241.14
505.730	245.17
506.089	240.83
506.448	243.38
506.807	245.96
507.166	241.91
507.524	244.93
507.883	251.28
508.242	251.90
508.601	255.13
508.959	255.45
509.318	254.23
509.676	262.28
510.035	248.56
510.393	246.54
510.752	247.37
511.110	253.49
511.469	255.37
511.827	254.34
512.185	253.77
512.544	256.99
512.902	252.11
513.260	251.99
513.618	245.56
513.976	240.95
514.334	243.87
514.692	243.86
515.050	253.44
515.408	261.03
515.766	263.59
516.124	264.78
516.482	267.06
516.840	266.06
517.198	263.41
517.556	261.94
517.913	264.20
518.271	265.84
518.629	272.96
518.986	274.24
519.344	280.34
519.701	282.99
520.059	282.87
520.416	284.02
520.774	280.58
521.131	279.63
521.489	280.48
521.846	280.43
522.203	284.95
522.561	294.82
522.918	291.59
523.275	293.11
523.632	294.69
523.989	300.11
524.346	301.07
524.703	298.51
525.060	293.20
525.417	296.31
525.774	298.74
526.131	297.53
526.488	299.15
526.845	294.75
527.202	297.55
527.559	294.42
527.915	290.39
528.272	290.32
528.629	294.08
528.985	293.08
529.342	298.77
529.698	296.45
530.055	297.99
530.411	306.87
530.768	303.42
531.124	310.34
531.480	313.90
531.837	309.42
532.193	308.43
532.549	310.90
532.906	308.64
533.262	313.89
533.618	308.08
533.974	302.95
534.330	304.04
534.686	301.55
535.042	295.08
535.398	295.31
535.754	289.99
536.110	292.06
536.466	296.57
536.821	303.89
537.177	311.42
537.533	317.40
537.889	314.39
538.244	317.64
538.600	317.18
538.955	310.66
539.311	299.89
539.667	298.48
540.022	297.01
540.377	298.08
540.733	294.77
541.088	299.07
541.444	308.03
541.799	316.78
542.154	316.46
542.509	318.76
542.864	321.21
543.220	323.30
543.575	321.17
543.930	317.55
544.285	312.41
544.640	308.39
544.995	305.39
545.350	299.08
545.705	300.47
546.059	307.70
546.414	305.69
546.769	307.38
547.124	315.23
547.478	321.48
547.833	324.07
548.188	322.94
548.542	318.38
548.897	318.16
549.251	317.77
549.606	315.11
549.960	314.74
550.315	315.22
550.669	316.11
551.023	312.03
551.378	314.56
551.732	318.65
552.086	317.75
552.440	315.48
552.794	313.97
553.148	312.55
553.502	308.90
553.856	309.93
554.210	315.11
554.564	316.75
554.918	316.85
555.272	344.17
555.626	348.39
555.980	349.31
556.334	350.78
556.687	345.94
557.041	345.03
557.395	346.24
557.748	321.91
558.102	324.39
558.455	327.55
558.809	334.30
559.162	344.34
559.516	350.68
559.869	356.12
560.222	358.71
560.576	358.43
560.929	364.69
561.282	360.82
561.635	358.00
561.988	354.26
562.342	351.98
562.695	350.76
563.048	350.50
563.401	348.77
563.754	353.15
564.107	353.90
564.459	360.29
564.812	355.49
565.165	354.73
565.518	354.67
565.871	347.26
566.223	342.69
566.576	348.42
566.929	344.26
567.281	345.34
567.634	349.13
567.986	350.26
568.339	354.83
568.691	356.81
569.044	353.47
569.396	356.75
569.748	359.13
570.100	360.20
570.453	363.94
570.805	368.24
571.157	370.15
571.509	371.94
571.861	375.65
572.213	375.59
572.565	374.01
572.917	372.23
573.269	374.28
573.621	374.06
573.973	375.15
574.325	373.99
574.677	378.09
575.028	383.22
575.380	380.94
575.732	380.12
576.083	373.32
576.435	377.97
576.786	372.84
577.138	363.52
577.489	360.99
577.841	363.22
578.192	363.82
578.543	370.10
578.895	365.27
579.246	367.24
579.597	372.83
579.948	375.62
580.300	370.96
580.651	368.47
581.002	366.77
581.353	364.80
581.704	366.97
582.055	369.38
582.406	369.85
582.757	372.95
583.107	381.11
583.458	382.52
583.809	384.42
584.160	378.97
584.510	376.91
584.861	369.50
585.212	368.13
585.562	362.12
585.913	360.32
586.263	360.51
586.614	363.46
586.964	368.98
587.315	368.93
587.665	371.94
588.015	367.90
588.365	362.57
588.716	362.27
589.066	356.64
589.416	352.52
589.766	356.35
590.116	353.96
590.466	355.75
590.816	357.45
591.166	359.13
591.516	373.45
591.866	374.47
592.216	375.10
592.566	378.37
592.915	382.38
593.265	383.36
593.615	377.40
593.964	369.93
594.314	366.03
594.663	364.03
595.013	367.58
595.362	369.55
595.712	369.46
596.061	365.71
596.411	364.98
596.760	367.51
597.109	370.58
597.458	367.37
597.808	365.26
598.157	364.33
598.506	376.52
598.855	383.19
599.204	379.41
599.553	380.59
599.902	375.40
600.251	380.62
600.600	381.10
600.949	369.21
601.297	359.90
601.646	363.38
601.995	362.62
602.344	364.03
602.692	364.17
603.041	361.09
603.389	359.29
603.738	359.51
604.086	358.42
604.435	350.62
604.783	346.61
605.132	337.33
605.480	342.79
605.828	351.39
606.177	355.20
606.525	363.82
606.873	373.51
607.221	377.04
607.569	379.61
607.917	381.82
608.265	374.13
608.613	372.87
608.961	367.31
609.309	363.54
609.657	361.96
610.005	362.77
610.352	365.64
610.700	374.13
611.048	374.38
611.395	370.25
611.743	369.92
612.091	377.95
612.438	383.09
612.786	380.57
613.133	377.92
613.480	370.99
613.828	373.22
614.175	370.86
614.522	366.72
614.870	367.04
615.217	365.72
615.564	369.62
615.911	373.35
616.258	376.45
616.605	380.89
616.952	381.16
617.299	380.96
617.646	378.82
617.993	374.23
618.340	376.49
618.687	378.64
619.033	374.31
619.380	371.12
619.727	367.33
620.073	370.73
620.420	375.68
620.767	376.34
621.113	380.33
621.459	379.46
621.806	380.64
622.152	385.28
622.499	385.03
622.845	384.91
623.191	381.59
623.537	373.74
623.884	372.45
624.230	374.29
624.576	371.32
624.922	363.16
625.268	360.32
625.614	358.30
625.960	355.27
626.306	355.58
626.652	351.28
626.998	352.29
627.343	359.22
627.689	360.26
628.035	364.15
628.380	375.69
628.726	380.00
629.072	382.24
629.417	378.01
629.763	372.23
630.108	374.37
630.453	372.68
630.799	371.42
631.144	365.72
631.489	364.51
631.835	363.75
632.180	358.91
632.525	352.56
632.870	344.30
633.215	338.35
633.560	332.64
633.905	333.20
634.250	337.57
634.595	337.90
634.940	340.00
635.285	339.08
635.630	341.39
635.974	354.34
636.319	356.30
636.664	351.31
637.008	351.01
637.353	350.61
637.698	355.04
638.042	350.75
638.387	337.76
638.731	334.29
639.075	337.67
639.420	336.95
639.764	336.05
640.108	331.29
640.452	338.23
640.797	343.71
641.141	334.18
641.485	331.27
641.829	334.35
642.173	336.02
642.517	332.44
642.861	323.01
643.205	319.44
643.549	322.33
643.892	320.20
644.236	316.80
644.580	312.81
644.923	314.36
645.267	311.00
645.611	304.22
645.954	302.29
646.298	300.90
646.641	302.35
646.985	309.83
647.328	307.20
647.671	307.98
648.015	313.61
648.358	310.18
648.701	311.82
649.044	312.07
649.387	304.09
649.731	302.43
650.074	297.95
650.417	294.93
650.760	301.92
651.102	302.21
651.445	298.50
651.788	299.05
652.131	302.25
652.474	305.64
652.816	304.11
653.159	300.74
653.502	297.91
653.844	297.42
654.187	298.46
654.529	293.00
654.872	290.69
655.214	292.43
655.557	290.31
655.899	282.71
656.241	279.29
656.583	277.43
656.926	281.38
657.268	283.65
657.610	287.61
657.952	287.06
658.294	294.09
658.636	293.05
658.978	289.76
659.320	287.36
659.662	284.50
660.004	277.15
660.345	269.73
660.687	265.83
661.029	273.40
661.371	274.36
661.712	270.91
662.054	276.38
662.395	281.13
662.737	287.68
663.078	292.47
663.420	290.81
663.761	291.73
664.102	289.21
664.444	287.90
664.785	287.75
665.126	289.75
665.467	285.30
665.808	279.16
666.149	281.43
666.490	286.10
666.831	287.88
667.172	281.47
667.513	279.99
667.854	278.75
668.195	283.05
668.535	278.27
668.876	271.86
669.217	266.81
669.557	267.81
669.898	263.60
670.239	260.27
670.579	264.56
670.920	269.66
671.260	279.98
671.600	281.48
671.941	280.68
672.281	282.57
672.621	281.57
672.961	275.25
673.302	270.08
673.642	255.48
673.982	253.60
674.322	259.89
674.662	261.65
675.002	262.18
675.342	265.45
675.682	270.02
676.021	286.29
676.361	282.15
676.701	275.67
677.041	275.47
677.380	270.70
677.720	270.26
678.059	261.20
678.399	249.01
678.738	250.87
679.078	248.40
679.417	244.77
679.756	248.25
680.096	246.32
680.435	250.91
680.774	246.41
681.113	244.15
681.453	243.20
681.792	248.75
682.131	245.05
682.470	241.20
682.809	243.72
683.148	245.67
683.486	245.63
683.825	249.29
684.164	244.48
684.503	244.27
684.841	245.46
685.180	239.08
685.519	235.40
685.857	231.22
686.196	227.34
686.534	226.43
686.873	225.75
687.211	223.16
687.549	220.40
687.888	219.83
688.226	217.84
688.564	220.95
688.902	217.38
689.240	213.05
689.578	214.64
689.917	217.32
690.255	220.37
690.592	223.27
690.930	230.96
691.268	250.22
691.606	253.02
691.944	253.69
692.282	254.71
692.619	250.38
692.957	251.10
693.294	242.75
693.632	225.97
693.970	229.18
694.307	235.80
694.644	244.29
694.982	246.30
695.319	245.21
695.656	245.06
695.994	242.13
696.331	236.88
696.668	228.58
697.005	224.19
697.342	217.20
697.679	214.44
698.016	216.88
698.353	221.98
698.690	220.36
699.027	214.77
699.364	205.82
699.700	212.02
700.037	213.41
700.374	207.02
700.710	204.48
701.047	206.53
701.384	207.79
701.720	208.64
702.057	205.72
702.393	206.97
702.729	208.43
703.066	209.97
703.402	208.30
703.738	214.64
704.074	216.54
704.410	214.38
704.747	216.59
705.083	220.04
705.419	217.97
705.755	214.89
706.091	210.43
706.426	209.02
706.762	209.11
707.098	201.07
707.434	196.07
707.769	195.14
708.105	205.35
708.441	203.86
708.776	203.33
709.112	203.41
709.447	206.61
709.783	211.47
710.118	210.56
710.453	201.50
710.789	201.18
711.124	205.65
711.459	207.33
711.794	207.68
712.129	200.54
712.464	202.19
712.799	211.55
713.134	212.29
713.469	207.49
713.804	206.25
714.139	205.89
714.474	208.23
714.809	204.98
715.143	200.02
715.478	198.26
715.813	198.09
716.147	193.79
716.482	195.50
716.816	200.84
717.151	201.18
717.485	200.71
717.819	202.56
718.154	203.58
718.488	210.05
718.822	207.09
719.156	202.94
719.491	204.04
719.825	198.98
720.159	195.20
720.493	190.70
720.827	183.86
721.161	184.13
721.494	187.28
721.828	185.02
722.162	186.70
722.496	192.31
722.829	194.03
723.163	194.37
723.497	195.47
723.830	194.23
724.164	194.42
724.497	194.58
724.830	194.33
725.164	194.41
725.497	199.26
725.830	201.03
726.164	204.16
726.497	210.98
726.830	212.54
727.163	213.01
727.496	213.53
727.829	213.88
728.162	205.22
728.495	198.18
728.828	191.31
729.160	192.57
729.493	189.91
729.826	191.97
730.159	191.55
730.491	196.22
730.824	200.47
731.156	202.20
731.489	198.21
731.821	194.93
732.154	192.66
732.486	189.76
732.818	186.78
733.151	186.89
733.483	189.21
733.815	191.45
734.147	193.99
734.479	196.20
734.811	201.29
735.143	204.14
735.475	202.70
735.807	202.47
736.139	203.50
736.471	204.08
736.803	205.00
737.134	202.62
737.466	205.69
737.798	202.75
738.129	197.40
738.461	195.06
738.792	193.94
739.124	189.67
739.455	189.52
739.786	184.70
740.118	187.31
740.449	191.44
740.780	191.59
741.111	194.44
741.442	202.23
741.773	205.92
742.104	205.11
742.435	208.56
742.766	211.25
743.097	215.06
743.428	214.86
743.759	206.94
744.090	205.10
744.420	207.14
744.751	199.86
745.081	193.18
745.412	192.18
745.743	191.58
746.073	192.33
746.403	192.52
746.734	187.46
747.064	191.12
747.394	195.05
747.725	192.86
748.055	190.30
748.385	191.40
748.715	192.21
749.045	191.10
749.375	193.37
749.705	191.99
750.035	188.95
750.365	191.10
750.695	190.89
751.024	187.77
751.354	196.75
751.684	202.75
752.013	203.93
752.343	208.44
752.673	210.39
753.002	211.43
753.331	214.03
753.661	212.84
753.990	207.48
754.320	203.99
754.649	204.90
754.978	207.16
755.307	205.60
755.636	204.47
755.965	201.64
756.294	199.92
756.623	201.07
756.952	198.08
757.281	194.28
757.610	196.21
757.939	200.62
758.267	207.51
758.596	213.94
758.925	210.67
759.253	210.21
759.582	212.86
759.910	209.77
760.239	205.93
760.567	197.61
760.896	191.12
761.224	190.78
761.552	189.83
761.881	188.67
762.209	188.60
762.537	186.57
762.865	187.36
763.193	185.16
763.521	186.72
763.849	189.87
764.177	194.22
764.505	199.54
764.832	206.87
765.160	212.33
765.488	216.21
765.815	216.61
766.143	216.80
766.471	213.13
766.798	205.84
767.126	197.61
767.453	191.05
767.780	187.50
768.108	188.76
768.435	192.76
768.762	191.14
769.089	188.34
769.417	187.57
769.744	192.60
770.071	197.27
770.398	198.70
770.725	195.77
771.052	198.37
771.378	201.08
771.705	203.50
772.032	204.31
772.359	203.46
772.685	205.30
773.012	201.37
773.338	199.24
773.665	198.33
773.991	198.76
774.318	199.65
774.644	206.50
774.971	200.22
775.297	205.49
775.623	214.22
775.949	212.87
776.275	208.98
776.601	199.74
776.927	187.83
777.253	191.14
777.579	185.75
777.905	182.56
778.231	187.70
778.557	190.06
778.883	197.28
779.208	201.99
779.534	201.55
779.860	204.76
780.185	206.97
780.511	207.86
780.836	210.42
781.162	208.00
781.487	204.78
781.812	206.48
782.138	205.61
782.463	199.93
782.788	197.79
783.113	198.69
783.438	199.92
783.763	201.95
784.088	200.48
784.413	205.74
784.738	210.90
785.063	209.77
785.388	208.18
785.712	209.44
786.037	210.45
786.362	210.17
786.686	209.15
787.011	212.93
787.335	214.36
787.660	211.01
787.984	211.73
788.308	210.74
788.633	214.90
788.957	212.40
789.281	206.66
789.605	206.83
789.930	208.07
790.254	209.42
790.578	212.06
790.902	210.41
791.225	207.69
791.549	205.48
791.873	203.00
792.197	203.72
792.521	201.12
792.844	199.10
793.168	197.13
793.492	199.56
793.815	200.87
794.139	201.04
794.462	199.78
794.785	205.16
795.109	206.05
795.432	204.51
795.755	206.99
796.078	204.34
796.401	205.40
796.725	209.80
797.048	211.67
797.371	217.32
797.694	219.81
798.016	218.29
798.339	220.17
798.662	224.28
798.985	222.02
799.308	215.53
799.630	211.78
799.953	213.86
800.275	214.35
800.598	215.62
800.920	211.96
801.243	212.75
801.565	214.80
801.887	217.84
802.210	215.08
802.532	215.69
802.854	214.87
803.176	216.91
803.498	215.91
803.820	217.24
804.142	222.00
804.464	225.79
804.786	227.84
805.108	231.42
805.429	229.04
805.751	231.59
806.073	232.72
806.394	229.02
806.716	227.80
807.038	227.38
807.359	223.21
807.680	222.83
808.002	225.20
808.323	225.48
808.644	224.44
808.966	225.99
809.287	229.47
809.608	233.37
809.929	240.77
810.250	242.96
810.571	249.01
810.892	251.22
811.213	250.66
811.534	251.15
811.854	251.82
812.175	256.05
812.496	254.68
812.816	249.65
813.137	252.49
813.458	254.21
813.778	253.16
814.098	258.69
814.419	254.29
814.739	255.79
815.059	263.37
815.380	266.63
815.700	272.40
816.020	280.11
816.340	283.11
816.660	289.62
816.980	293.99
817.300	295.46
817.620	301.86
817.940	309.12
818.260	313.29
818.579	313.23
818.899	315.13
819.219	317.32
819.538	319.90
819.858	316.69
820.177	316.73
820.497	314.79
820.816	319.42
821.135	325.17
821.455	325.57
821.774	329.83
822.093	332.77
822.412	333.21
822.731	338.89
823.050	341.61
823.369	343.97
823.688	346.82
824.007	350.57
824.326	353.12
824.645	356.53
824.963	353.52
825.282	354.01
825.601	356.61
825.919	365.64
826.238	360.31
826.556	357.04
826.875	351.86
827.193	350.92
827.511	346.94
827.830	338.34
828.148	321.98
828.466	319.12
828.784	320.09
829.102	324.14
829.420	329.35
829.738	333.73
830.056	342.31
830.374	355.21
830.692	362.92
831.010	369.34
831.327	371.46
831.645	372.34
831.963	369.19
832.280	365.19
832.598	361.88
832.915	355.80
833.233	353.50
833.550	347.29
833.867	345.76
834.185	345.24
834.502	340.27
834.819	335.03
835.136	330.00
835.453	325.86
835.770	323.78
836.087	318.77
836.404	308.45
836.721	304.47
837.038	299.76
837.355	293.26
837.671	288.23
837.988	279.44
838.305	278.86
838.621	281.77
838.938	287.92
839.254	296.70
839.571	307.93
839.887	324.02
840.203	345.02
840.520	367.85
840.836	398.09
841.152	429.71
841.468	465.18
841.784	508.79
842.100	559.62
842.416	607.52
842.732	655.29
843.048	702.36
843.364	752.41
843.679	810.20
843.995	868.86
844.311	923.22
844.626	981.96
844.942	1043.87
845.257	1100.47
845.573	1161.37
845.888	1212.60
846.203	1260.42
846.519	1313.98
846.834	1352.49
847.149	1392.45
847.464	1434.93
847.779	1471.60
848.094	1498.61
848.409	1529.18
848.724	1556.83
849.039	1574.01
849.354	1587.09
849.669	1593.88
849.983	1610.66
850.298	1616.03
850.613	1601.06
850.927	1602.25
851.242	1602.72
851.556	1601.96
851.871	1601.99
852.185	1610.44
852.499	1612.66
852.814	1633.22
853.128	1648.75
853.442	1655.88
853.756	1672.22
854.070	1690.80
854.384	1701.42
854.698	1716.15
855.012	1732.00
855.326	1750.89
855.640	1771.76
855.953	1790.13
856.267	1791.14
856.581	1794.98
856.894	1791.36
857.208	1763.01
857.521	1726.01
857.835	1682.31
858.148	1625.98
858.461	1567.99
858.775	1497.67
859.088	1426.30
859.401	1364.47
859.714	1300.60
860.027	1234.17
860.340	1178.55
860.653	1141.73
860.966	1113.96
861.279	1101.83
861.592	1105.03
861.904	1131.09
862.217	1191.52
862.530	1278.87
862.842	1386.37
863.155	1513.76
863.467	1680.06
863.780	1861.94
864.092	2070.62
864.405	2286.21
864.717	2548.33
865.029	2815.14
865.341	3084.15
865.653	3374.16
865.966	3671.30
866.278	3963.01
866.589	4269.62
866.901	4554.91
867.213	4845.50
867.525	5111.18
867.837	5350.44
868.149	5594.53
868.460	5807.81
868.772	6013.99
869.083	6228.64
869.395	6436.91
869.706	6637.18
870.018	6833.45
870.329	6985.15
870.640	7190.25
870.952	7375.86
871.263	7568.14
871.574	7735.35
871.885	7941.03
872.196	8142.39
872.507	8297.88
872.818	8464.36
873.129	8660.86
873.440	8800.19
873.750	8855.85
874.061	8931.35
874.372	9031.46
874.682	9071.57
874.993	8999.51
875.303	8984.95
875.614	8945.15
875.924	8852.54
876.235	8736.60
876.545	8588.98
876.855	8424.40
877.165	8290.52
877.475	8072.96
877.786	7805.90
878.096	7498.08
878.406	7218.91
878.715	6925.10
879.025	6618.23
879.335	6286.92
879.645	6018.88
879.955	5742.03
880.264	5496.62
880.574	5237.83
880.883	5026.21
881.193	4817.84
881.502	4646.07
881.812	4533.33
882.121	4433.88
882.430	4347.42
882.740	4323.01
883.049	4348.76
883.358	4381.58
883.667	4451.04
883.976	4556.06
884.285	4685.66
884.594	4833.29
884.903	5024.59
885.212	5239.40
885.520	5483.79
885.829	5773.71
886.138	6098.19
886.446	6456.13
886.755	6890.67
887.063	7386.00
887.372	7915.51
887.680	8519.37
887.988	9197.60
888.297	9859.92
888.605	10685.70
888.913	11621.30
889.221	12596.36
889.529	13717.75
889.837	14953.82
890.145	16257.64
890.453	17713.30
890.761	19275.67
891.069	20934.30
891.377	22645.16
891.684	24293.20
891.992	26083.41
892.299	27717.12
892.607	29342.20
892.914	30985.60
893.222	32472.34
893.529	33955.13
893.837	35645.57
894.144	36785.68
894.451	37837.11
894.758	39014.06
895.065	39866.11
895.372	40647.70
895.679	41358.15
895.986	41645.39
896.293	42133.13
896.600	42312.29
896.907	42224.08
897.213	41742.56
897.520	41437.73
897.827	40955.74
898.133	40281.08
898.440	39500.63
898.746	38652.07
899.053	37501.52
899.359	36482.24
899.665	35503.81
899.972	34285.54
900.278	33038.13
900.584	31574.92
900.890	30323.82
901.196	28976.84
901.502	27686.10
901.808	26276.41
902.114	24938.21
902.419	23848.18
902.725	22840.18
903.031	21771.80
903.337	20987.93
903.642	20266.42
903.948	19634.19
904.253	19143.77
904.559	18912.70
904.864	18786.36
905.169	18802.63
905.475	18933.62
905.780	19190.21
906.085	19486.67
906.390	20070.94
906.695	20411.82
907.000	21061.67
907.305	21575.83
907.610	22085.45
907.915	22706.92
908.219	23230.33
908.524	23615.30
908.829	24097.33
909.133	24224.31
909.438	24316.86
909.743	24507.11
910.047	24431.45
910.351	24270.92
910.656	24100.27
910.960	23762.22
911.264	23293.45
911.568	22633.13
911.873	21948.01
912.177	21214.56
912.481	20427.76
912.785	19539.68
913.088	18566.83
913.392	17673.70
913.696	16869.33
914.000	15905.84
914.304	15090.00
914.607	14294.03
914.911	13661.48
915.214	12995.15
915.518	12355.75
915.821	11809.39
916.124	11394.60
916.428	10947.50
916.731	10559.56
917.034	10283.68
917.337	10001.91
917.640	9780.81
917.943	9581.91
918.246	9403.53
918.549	9355.92
918.852	9341.94
919.155	9420.95
919.458	9569.71
919.760	9882.12
920.063	10337.73
920.366	10904.65
920.668	11589.80
920.971	12465.64
921.273	13411.58
921.576	14543.66
921.878	15783.95
922.180	17132.58
922.482	18676.80
922.784	20403.14
923.087	22221.04
923.389	24154.74
923.691	26348.09
923.992	28650.78
924.294	31019.84
924.596	33568.88
924.898	36107.36
925.200	38635.96
925.501	40836.29
925.803	43150.71
926.104	44899.85
926.406	46887.36
926.707	48258.86
927.009	49327.46
927.310	50296.54
927.611	51133.55
927.912	51878.57
928.214	52021.61
928.515	52513.71
928.816	52776.70
929.117	52642.80
929.418	52791.48
929.719	52862.87
930.019	52748.22
930.320	52651.27
930.621	52402.29
930.922	52065.53
931.222	51593.47
931.523	51079.38
931.823	50929.55
932.124	50194.89
932.424	49862.91
932.724	49485.88
933.025	49504.62
933.325	49587.89
933.625	49589.78
933.925	49790.29
934.225	49945.01
934.525	50065.52
934.825	50566.82
935.125	50577.34
935.425	50341.87
935.724	50493.37
936.024	50217.45
936.324	49952.25
936.623	49317.40
936.923	49280.38
937.222	48782.39
937.522	48287.05
937.821	47773.86
938.120	47329.15
938.420	46870.82
938.719	46486.23
939.018	45539.58
939.317	44828.07
939.616	44077.33
939.915	43038.55
940.214	42240.99
940.513	41481.15
940.812	40785.60
941.111	40551.53
941.409	40362.77
941.708	40305.02
942.006	40503.19
942.305	40913.85
942.603	41424.64
942.902	42044.32
943.200	42590.70
943.499	43419.28
943.797	44328.04
944.095	45474.36
944.393	46765.62
944.691	47971.90
944.989	48997.39
945.287	50194.04
945.585	51188.24
945.883	51936.53
946.181	53089.42
946.479	53813.95
946.776	54526.26
947.074	55550.82
947.371	56291.31
947.669	57231.49
947.966	57978.10
948.264	58570.59
948.561	58927.94
948.858	59711.61
949.156	60015.05
949.453	60428.98
949.750	60308.80
950.047	60715.88
950.344	60290.24
950.641	60389.37
950.938	60177.08
951.235	59896.40
951.532	59585.07
951.828	58897.34
952.125	58247.33
952.422	57304.27
952.718	56276.01
953.015	54857.48
953.311	53406.21
953.607	51562.01
953.904	49258.02
954.200	46967.83
954.496	44587.12
954.792	41818.19
955.089	39273.97
955.385	36431.63
955.681	33821.13
955.976	31062.25
956.272	28394.03
956.568	25797.21
956.864	23179.95
957.160	20845.44
957.455	18591.57
957.751	16535.50
958.046	14608.64
958.342	12946.70
958.637	11523.52
958.933	10296.35
959.228	9381.74
959.523	8716.75
959.818	8414.29
960.114	8352.77
960.409	8546.16
960.704	9030.91
960.999	9966.98
961.294	11160.30
961.588	12705.99
961.883	14532.82
962.178	16666.35
962.473	19070.68
962.767	21686.88
963.062	24293.05
963.356	27114.30
963.651	30095.22
963.945	33069.78
964.239	36288.53
964.534	39443.42
964.828	42461.75
965.122	45357.03
965.416	47628.45
965.710	49881.91
966.004	51837.59
966.298	52903.21
966.592	54187.28
966.886	55073.36
967.180	56077.52
967.473	56932.61
967.767	57383.73
968.061	57617.65
968.354	58080.27
968.648	57821.77
968.941	57698.59
969.234	57325.48
969.528	56883.77
969.821	55870.65
970.114	54981.17
970.407	54155.08
970.700	53089.66
970.993	51941.20
971.286	50714.18
971.579	48951.27
971.872	47078.85
972.165	45188.69
972.457	43034.74
972.750	40649.97
973.043	38534.37
973.335	36433.60
973.628	34433.21
973.920	32626.13
974.213	30592.40
974.505	28828.39
974.797	26971.25
975.089	25195.96
975.382	23565.38
975.674	21991.59
975.966	20566.65
976.258	19299.28
976.550	18299.29
976.841	17539.26
977.133	16763.83
977.425	16005.34
977.717	15268.09
978.008	14669.95
978.300	14139.67
978.591	13489.73
978.883	12998.26
979.174	12542.37
979.465	12122.72
979.757	11666.22
980.048	11288.45
980.339	10920.11
980.630	10558.44
980.921	10184.36
981.212	9815.18
981.503	9486.41
981.794	9106.23
982.085	8741.60
982.376	8355.48
982.666	7967.38
982.957	7618.55
983.248	7189.67
983.538	6766.78
983.828	6361.14
984.119	5973.24
984.409	5589.73
984.700	5240.58
984.990	4925.64
985.280	4601.58
985.570	4307.21
985.860	4043.36
986.150	3789.04
986.440	3595.90
986.730	3379.23
987.020	3206.79
987.309	3052.05
987.599	2931.24
987.889	2827.22
988.178	2734.38
988.468	2650.39
988.757	2585.05
989.047	2518.54
989.336	2483.19
989.625	2440.15
989.915	2407.90
990.204	2385.18
990.493	2378.99
990.782	2375.67
991.071	2354.47
991.360	2332.43
991.649	2308.94
991.938	2278.54
992.226	2245.64
992.515	2207.05
992.804	2171.29
993.092	2113.46
993.381	2057.37
993.669	1990.86
993.958	1930.39
994.246	1867.21
994.534	1802.51
994.823	1739.61
995.111	1667.30
995.399	1599.06
995.687	1533.37
995.975	1462.41
996.263	1391.09
996.551	1324.10
996.839	1256.64
997.126	1198.19
997.414	1149.07
997.702	1087.03
997.989	1034.49
998.277	978.28
998.564	930.62
998.852	883.89
999.139	853.06
999.426	815.60
999.713	782.13
1000.001	757.52
1000.288	742.47
1000.575	720.19
1000.862	705.44
1001.149	680.70
1001.436	657.19
1001.722	641.97
1002.009	631.49
1002.296	613.64
1002.582	606.99
1002.869	596.53
1003.156	583.45
1003.442	569.90
1003.728	559.15
1004.015	546.02
1004.301	540.92
1004.587	531.63
1004.873	522.13
1005.160	516.92
1005.446	509.45
1005.732	508.14
1006.017	507.63
1006.303	494.66
1006.589	484.50
1006.875	483.11
1007.161	476.40
1007.446	469.36
1007.732	461.40
1008.017	449.28
1008.303	443.99
1008.588	437.82
1008.873	428.28
1009.159	420.88
1009.444	417.05
1009.729	411.59
1010.014	406.92
1010.299	402.48
1010.584	396.38
1010.869	393.28
1011.154	389.20
1011.439	383.63
1011.723	375.55
1012.008	363.64
1012.293	357.04
1012.577	352.22
1012.862	351.32
1013.146	345.26
1013.430	341.55
1013.715	338.94
1013.999	343.85
1014.283	343.44
1014.567	339.74
1014.851	330.19
1015.135	329.89
1015.419	330.42
1015.703	332.88
1015.987	327.35
1016.271	321.58
1016.555	318.07
1016.838	316.97
1017.122	315.58
1017.405	315.88
1017.689	315.73
1017.972	316.30
1018.256	310.85
1018.539	310.89
1018.822	309.99
1019.105	307.28
1019.388	301.25
1019.671	296.26
1019.954	297.61
1020.237	302.59
1020.520	306.37
1020.803	305.48
1021.086	306.32
1021.368	309.33
1021.651	309.03
1021.934	310.06
1022.216	308.29
