339.735	37.94
340.108	20.36
340.482	-2.16
340.855	-14.48
341.228	-27.89
341.602	-31.84
341.975	-31.89
342.348	-24.70
342.721	-21.99
343.094	-15.58
343.468	-0.10
343.841	14.79
344.214	22.99
344.587	27.01
344.960	29.50
345.333	41.11
345.706	51.31
346.079	54.09
346.452	56.02
346.824	68.01
347.197	83.13
347.570	90.26
347.943	96.45
348.316	109.87
348.688	124.97
349.061	135.88
349.434	141.43
349.806	146.54
350.179	156.74
350.552	156.95
350.924	156.40
351.297	155.15
351.669	155.79
352.042	158.41
352.414	157.67
352.787	154.31
353.159	160.74
353.531	165.23
353.904	161.63
354.276	163.16
354.648	171.53
355.020	174.98
355.393	180.83
355.765	174.75
356.137	168.82
356.509	169.45
356.881	170.86
357.253	162.54
357.625	159.90
357.997	169.20
358.369	169.93
358.741	169.98
359.113	172.64
359.485	166.52
359.857	164.04
360.229	156.23
360.600	143.70
360.972	145.17
361.344	141.02
361.716	133.90
362.087	137.11
362.459	135.21
362.831	140.93
363.202	141.89
363.574	138.38
363.945	136.29
364.317	137.94
364.688	140.10
365.060	140.49
365.431	137.07
365.803	134.65
366.174	138.45
366.545	145.94
366.917	149.66
367.288	152.85
367.659	150.86
368.030	155.28
368.402	158.25
368.773	155.41
369.144	150.91
369.515	147.06
369.886	141.17
370.257	143.54
370.628	141.13
370.999	138.18
371.370	140.48
371.741	138.68
372.112	143.94
372.483	145.70
372.853	144.38
373.224	148.68
373.595	157.27
373.966	174.56
374.336	181.65
374.707	173.87
375.078	176.88
375.448	189.56
375.819	188.18
376.190	182.18
376.560	164.96
376.931	173.87
377.301	178.42
377.671	169.97
378.042	162.10
378.412	159.66
378.783	162.57
379.153	156.75
379.523	150.41
379.893	145.72
380.264	150.43
380.634	151.22
381.004	150.64
381.374	151.20
381.744	159.06
382.114	160.31
382.484	162.49
382.854	162.31
383.224	166.27
383.594	166.64
383.964	159.78
384.334	155.59
384.704	155.80
385.074	155.42
385.444	156.24
385.814	147.77
386.183	150.54
386.553	156.21
386.923	155.53
387.292	151.75
387.662	152.01
388.032	154.82
388.401	159.30
388.771	156.41
389.140	159.94
389.510	157.12
389.879	160.74
390.248	160.58
390.618	164.26
390.987	167.45
391.356	167.16
391.726	167.49
392.095	168.56
392.464	164.12
392.833	166.05
393.203	157.34
393.572	160.13
393.941	160.78
394.310	162.88
394.679	162.25
395.048	190.42
395.417	189.34
395.786	192.22
396.155	184.41
396.524	183.87
396.893	177.93
397.261	178.55
397.630	169.72
397.999	167.93
398.368	164.21
398.736	170.53
399.105	169.85
399.474	171.35
399.842	171.70
400.211	157.77
400.579	157.34
400.948	163.84
401.317	161.93
401.685	160.47
402.053	162.78
402.422	163.29
402.790	156.62
403.158	157.97
403.527	151.92
403.895	145.91
404.263	145.83
404.632	146.19
405.000	149.10
405.368	155.20
405.736	154.40
406.104	168.13
406.472	169.69
406.840	170.19
407.208	165.71
407.576	163.91
407.944	164.69
408.312	164.12
408.680	154.06
409.048	156.18
409.415	154.42
409.783	156.20
410.151	152.21
410.519	145.04
410.886	146.78
411.254	148.92
411.622	147.84
411.989	155.16
412.357	155.51
412.724	155.66
413.092	154.81
413.459	155.86
413.827	156.04
414.194	154.27
414.561	149.48
414.929	150.53
415.296	149.54
415.663	154.28
416.030	148.70
416.398	142.70
416.765	143.51
417.132	144.16
417.499	137.62
417.866	140.71
418.233	141.04
418.600	145.58
418.967	147.48
419.334	143.06
419.701	138.65
420.068	148.47
420.435	152.40
420.802	149.63
421.168	148.52
421.535	155.58
421.902	166.36
422.269	169.28
422.635	162.23
423.002	159.59
423.369	159.25
423.735	163.60
424.102	165.77
424.468	160.94
424.835	164.71
425.201	167.27
425.567	169.42
425.934	168.15
426.300	169.36
426.667	167.16
427.033	167.68
427.399	163.98
427.765	169.97
428.131	168.04
428.498	168.36
428.864	168.39
429.230	164.63
429.596	167.88
429.962	175.27
430.328	170.50
430.694	177.20
431.060	178.54
431.426	175.26
431.792	180.41
432.157	175.47
432.523	171.26
432.889	173.22
433.255	167.35
433.620	163.59
433.986	161.48
434.352	161.03
434.717	170.02
435.083	166.60
435.448	163.79
435.814	163.77
436.179	168.43
436.545	171.15
436.910	166.85
437.276	164.61
437.641	170.14
438.006	175.94
438.372	179.62
438.737	183.62
439.102	185.27
439.467	184.01
439.832	175.31
440.197	176.16
440.563	170.94
440.928	171.00
441.293	167.26
441.658	171.51
442.023	178.47
442.387	187.60
442.752	186.78
443.117	194.74
443.482	199.74
443.847	204.55
444.212	202.01
444.576	198.70
444.941	199.27
445.306	200.84
445.670	198.59
446.035	195.40
446.399	198.27
446.764	202.83
447.128	202.95
447.493	203.44
447.857	199.38
448.222	198.92
448.586	201.23
448.950	195.64
449.315	192.25
449.679	199.92
450.043	200.31
450.407	205.03
450.772	213.62
451.136	215.20
451.500	217.81
451.864	224.02
452.228	222.51
452.592	228.46
452.956	227.98
453.320	225.15
453.684	222.46
454.047	222.76
454.411	219.55
454.775	225.19
455.139	223.75
455.503	226.37
455.866	222.96
456.230	225.79
456.594	227.83
456.957	230.11
457.321	220.51
457.684	215.70
458.048	217.89
458.411	219.82
458.775	215.31
459.138	221.15
459.501	221.63
459.865	223.49
460.228	224.71
460.591	219.69
460.955	216.66
461.318	218.45
461.681	207.92
462.044	202.29
462.407	199.99
462.770	200.64
463.133	202.11
463.496	199.01
463.859	200.33
464.222	206.97
464.585	207.63
464.948	216.55
465.311	215.03
465.674	214.01
466.036	219.28
466.399	216.04
466.762	208.71
467.124	204.47
467.487	197.07
467.850	195.78
468.212	195.67
468.575	188.75
468.937	186.85
469.300	195.58
469.662	201.35
470.024	201.74
470.387	201.05
470.749	199.88
471.111	203.48
471.474	206.55
471.836	196.43
472.198	193.25
472.560	191.38
472.922	186.93
473.284	185.99
473.646	191.87
474.008	191.88
474.370	195.73
474.732	199.39
475.094	199.59
475.456	202.67
475.818	202.83
476.180	194.64
476.542	195.09
476.903	193.04
477.265	194.31
477.627	190.39
477.988	193.95
478.350	194.82
478.711	196.38
479.073	190.33
479.435	183.72
479.796	183.30
480.157	188.02
480.519	184.11
480.880	178.88
481.241	179.24
481.603	183.16
481.964	185.42
482.325	182.52
482.686	186.78
483.048	187.12
483.409	193.44
483.770	198.21
484.131	199.73
484.492	207.92
484.853	212.28
485.214	208.38
485.575	216.66
485.936	220.11
486.296	224.36
486.657	224.90
487.018	222.69
487.379	224.34
487.739	228.08
488.100	225.13
488.461	227.01
488.821	224.61
489.182	228.71
489.542	228.18
489.903	230.86
490.263	230.67
490.624	227.18
490.984	225.32
491.345	225.06
491.705	226.77
492.065	226.06
492.425	223.63
492.786	220.90
493.146	223.82
493.506	220.73
493.866	222.93
494.226	224.23
494.586	234.24
494.946	238.21
495.306	245.02
495.666	244.70
496.026	244.51
496.386	241.70
496.746	233.10
497.106	224.76
497.465	218.97
497.825	210.22
498.185	211.16
498.544	212.38
498.904	211.01
499.264	217.30
499.623	220.10
499.983	226.68
500.342	236.71
500.702	238.92
501.061	242.03
501.420	242.64
501.780	245.80
502.139	248.91
502.498	244.76
502.858	242.89
503.217	242.34
503.576	241.06
503.935	243.57
504.294	246.82
504.653	244.49
505.012	247.19
505.371	242.94
505.730	245.41
506.089	247.52
506.448	244.65
506.807	247.13
507.166	253.18
507.524	252.96
507.883	256.84
508.242	257.77
508.601	257.16
508.959	263.09
509.318	251.53
509.676	249.40
510.035	249.54
510.393	256.04
510.752	256.87
511.110	257.67
511.469	256.59
511.827	259.57
512.185	255.22
512.544	254.29
512.902	247.73
513.260	243.73
513.618	245.67
513.976	247.24
514.334	257.93
514.692	264.77
515.050	266.85
515.408	267.66
515.766	268.59
516.124	266.57
516.482	265.26
516.840	264.79
517.198	267.34
517.556	268.97
517.913	275.82
518.271	277.46
518.629	283.85
518.986	285.87
519.344	286.72
519.701	286.27
520.059	283.85
520.416	282.29
520.774	282.80
521.131	285.17
521.489	289.50
521.846	298.28
522.203	294.97
522.561	296.56
522.918	297.98
523.275	302.71
523.632	305.39
523.989	300.95
524.346	296.69
524.703	299.31
525.060	302.81
525.417	301.26
525.774	301.70
526.131	298.97
526.488	299.91
526.845	295.94
527.202	294.06
527.559	293.75
527.915	296.35
528.272	295.70
528.629	301.47
528.985	298.76
529.342	302.56
529.698	309.94
530.055	307.20
530.411	313.14
530.768	317.35
531.124	312.10
531.480	312.17
531.837	314.65
532.193	313.28
532.549	315.59
532.906	310.48
533.262	306.05
533.618	307.40
533.974	303.33
534.330	298.68
534.686	296.58
535.042	294.37
535.398	296.07
535.754	300.99
536.110	306.44
536.466	315.32
536.821	319.41
537.177	318.70
537.533	321.60
537.889	320.09
538.244	312.13
538.600	301.95
538.955	301.83
539.311	300.31
539.667	303.09
540.022	298.21
540.377	303.12
540.733	312.45
541.088	319.64
541.444	320.64
541.799	322.09
542.154	323.92
542.509	325.88
542.864	322.80
543.220	320.86
543.575	314.58
543.930	311.13
544.285	306.24
544.640	303.76
544.995	304.67
545.350	310.74
545.705	310.23
546.059	311.78
546.414	319.61
546.769	323.13
547.124	326.81
547.478	324.95
547.833	322.61
548.188	322.38
548.542	319.31
548.897	315.93
549.251	318.40
549.606	318.05
549.960	319.02
550.315	316.55
550.669	318.36
551.023	321.40
551.378	321.09
551.732	318.57
552.086	317.68
552.440	313.80
552.794	312.07
553.148	314.36
553.502	318.45
553.856	318.07
554.210	323.65
554.564	348.72
554.918	352.19
555.272	353.15
555.626	353.53
555.980	348.59
556.334	348.07
556.687	346.15
557.041	325.33
557.395	325.29
557.748	330.06
558.102	339.55
558.455	348.01
558.809	354.76
559.162	358.56
559.516	361.11
559.869	364.02
560.222	368.92
560.576	365.12
560.929	361.20
561.282	358.79
561.635	356.30
561.988	353.35
562.342	353.78
562.695	355.03
563.048	355.61
563.401	358.48
563.754	362.21
564.107	358.33
564.459	359.28
564.812	357.31
565.165	350.13
565.518	347.55
565.871	351.65
566.223	348.86
566.576	349.08
566.929	351.78
567.281	355.83
567.634	358.56
567.986	360.68
568.339	357.43
568.691	359.97
569.044	362.59
569.396	363.85
569.748	368.15
570.100	373.10
570.453	373.87
570.805	376.03
571.157	378.42
571.509	379.09
571.861	376.69
572.213	378.03
572.565	378.30
572.917	376.62
573.269	378.25
573.621	378.92
573.973	382.16
574.325	385.12
574.677	385.53
575.028	383.51
575.380	380.43
575.732	380.64
576.083	375.23
576.435	367.65
576.786	365.34
577.138	367.52
577.489	369.74
577.841	373.19
578.192	368.40
578.543	373.02
578.895	378.24
579.246	378.61
579.597	371.99
579.948	369.90
580.300	368.99
580.651	368.67
581.002	370.59
581.353	372.49
581.704	375.34
582.055	377.62
582.406	386.77
582.757	387.19
583.107	385.54
583.458	382.86
583.809	379.71
584.160	374.11
584.510	371.99
584.861	366.44
585.212	364.15
585.562	365.53
585.913	368.40
586.263	373.09
586.614	374.66
586.964	374.99
587.315	370.52
587.665	366.14
588.015	366.18
588.365	359.90
588.716	357.87
589.066	360.47
589.416	356.54
589.766	359.39
590.116	358.44
590.466	365.56
590.816	377.24
591.166	377.48
591.516	378.23
591.866	382.55
592.216	386.48
592.566	385.72
592.915	380.03
593.265	372.38
593.615	370.84
593.964	368.88
594.314	370.11
594.663	372.26
595.013	373.51
595.362	369.75
595.712	367.62
596.061	372.61
596.411	373.73
596.760	371.82
597.109	367.34
597.458	369.41
597.808	381.10
598.157	386.52
598.506	383.03
598.855	383.39
599.204	381.76
599.553	385.22
599.902	383.63
600.251	372.11
600.600	363.48
600.949	366.97
601.297	365.28
601.646	369.20
601.995	368.21
602.344	365.03
602.692	363.94
603.041	364.57
603.389	359.85
603.738	353.16
604.086	349.48
604.435	343.65
604.783	346.76
605.132	355.66
605.480	360.54
605.828	371.05
606.177	378.70
606.525	381.02
606.873	385.30
607.221	383.72
607.569	378.95
607.917	376.81
608.265	370.85
608.613	368.32
608.961	366.38
609.309	365.81
609.657	370.29
610.005	377.19
610.352	377.98
610.700	374.15
611.048	375.19
611.395	383.14
611.743	386.20
612.091	384.08
612.438	380.97
612.786	376.55
613.133	376.65
613.480	374.87
613.828	370.39
614.175	371.00
614.522	369.72
614.870	375.28
615.217	376.90
615.564	381.14
615.911	385.68
616.258	385.47
616.605	383.67
616.952	381.10
617.299	378.29
617.646	381.48
617.993	379.58
618.340	377.17
618.687	374.11
619.033	370.87
619.380	374.95
619.727	378.99
620.073	380.45
620.420	383.65
620.767	382.49
621.113	386.15
621.459	390.18
621.806	390.29
622.152	389.86
622.499	383.75
622.845	377.27
623.191	375.19
623.537	379.32
623.884	371.31
624.230	367.87
624.576	364.66
624.922	360.63
625.268	357.50
625.614	359.29
625.960	355.92
626.306	357.59
626.652	362.29
626.998	364.07
627.343	371.08
627.689	378.60
628.035	384.35
628.380	384.41
628.726	381.70
629.072	377.02
629.417	378.25
629.763	374.54
630.108	374.82
630.453	369.49
630.799	367.30
631.144	367.59
631.489	362.63
631.835	354.21
632.180	345.64
632.525	340.89
632.870	336.30
633.215	337.78
633.560	341.42
633.905	341.91
634.250	342.59
634.595	343.46
634.940	347.52
635.285	358.40
635.630	359.13
635.974	355.05
636.319	352.19
636.664	354.88
637.008	357.79
637.353	351.93
637.698	339.89
638.042	337.07
638.387	340.64
638.731	340.96
639.075	337.86
639.420	335.22
639.764	343.71
640.108	345.59
640.452	336.27
640.797	336.15
641.141	338.02
641.485	339.32
641.829	333.68
642.173	325.53
642.517	323.45
642.861	325.64
643.205	322.79
643.549	319.41
643.892	314.65
644.236	314.98
644.580	311.44
644.923	307.05
645.267	307.11
645.611	303.87
645.954	306.87
646.298	312.43
646.641	308.25
646.985	314.21
647.328	316.74
647.671	314.00
648.015	315.34
648.358	312.80
648.701	306.57
649.044	304.08
649.387	299.93
649.731	299.70
650.074	304.76
650.417	303.99
650.760	300.99
651.102	301.64
651.445	305.82
651.788	308.10
652.131	306.42
652.474	302.70
652.816	300.29
653.159	300.49
653.502	299.45
653.844	295.35
654.187	295.74
654.529	295.59
654.872	292.14
655.214	285.04
655.557	281.48
655.899	280.50
656.241	283.85
656.583	286.81
656.926	290.43
657.268	292.64
657.610	297.45
657.952	294.51
658.294	292.81
658.636	292.13
658.978	286.69
659.320	278.85
659.662	271.71
660.004	271.04
660.345	275.92
660.687	275.86
661.029	274.84
661.371	281.11
661.712	286.06
662.054	292.72
662.395	295.26
662.737	293.80
663.078	293.31
663.420	292.68
663.761	291.24
664.102	290.43
664.444	291.19
664.785	287.17
665.126	283.29
665.467	286.38
665.808	289.58
666.149	289.46
666.490	284.19
666.831	281.82
667.172	283.33
667.513	283.36
667.854	280.37
668.195	274.24
668.535	269.92
668.876	269.06
669.217	264.70
669.557	263.81
669.898	266.98
670.239	275.53
670.579	283.45
670.920	284.05
671.260	283.75
671.600	284.80
671.941	283.29
672.281	276.83
672.621	268.39
672.961	257.53
673.302	258.49
673.642	264.38
673.982	264.68
674.322	265.52
674.662	267.21
675.002	277.59
675.342	288.69
675.682	283.50
676.021	279.91
676.361	276.61
676.701	274.42
677.041	271.38
677.380	259.67
677.720	253.15
678.059	252.30
678.399	248.13
678.738	247.53
679.078	248.37
679.417	251.83
679.756	252.29
680.096	248.25
680.435	246.32
680.774	247.47
681.113	250.30
681.453	247.32
681.792	245.28
682.131	246.85
682.470	248.63
682.809	249.32
683.148	249.25
683.486	245.35
683.825	246.76
684.164	246.70
684.503	240.14
684.841	236.64
685.180	232.12
685.519	229.28
685.857	228.24
686.196	227.34
686.534	224.39
686.873	221.61
687.211	221.79
687.549	221.42
687.888	222.28
688.226	217.62
688.564	215.42
688.902	217.43
689.240	220.60
689.578	223.04
689.917	225.80
690.255	238.29
690.592	252.72
690.930	255.95
691.268	256.63
691.606	255.98
691.944	254.70
692.282	252.16
692.619	240.21
692.957	228.96
693.294	232.00
693.632	240.35
693.970	248.20
694.307	247.54
694.644	247.65
694.982	246.49
695.319	243.14
695.656	236.96
695.994	229.25
696.331	224.89
696.668	218.98
697.005	216.51
697.342	219.59
697.679	223.01
698.016	221.93
698.353	214.07
698.690	209.83
699.027	215.20
699.364	214.22
699.700	207.90
700.037	207.44
700.374	209.16
700.710	209.48
701.047	209.50
701.384	207.83
701.720	209.06
702.057	211.48
702.393	210.27
702.729	210.91
703.066	217.27
703.402	217.49
703.738	217.03
704.074	220.79
704.410	222.73
704.747	218.91
705.083	214.90
705.419	210.55
705.755	211.30
706.091	209.14
706.426	202.64
706.762	196.63
707.098	201.24
707.434	207.71
707.769	205.07
708.105	205.11
708.441	205.19
708.776	209.63
709.112	214.14
709.447	209.25
709.783	203.42
710.118	204.62
710.453	208.50
710.789	209.54
711.124	207.46
711.459	202.12
711.794	207.29
712.129	214.34
712.464	212.86
712.799	209.39
713.134	208.30
713.469	208.49
713.804	209.04
714.139	206.02
714.474	201.64
714.809	201.59
715.143	199.58
715.478	196.48
715.813	199.88
716.147	202.70
716.482	202.81
716.816	203.92
717.151	203.61
717.485	208.14
717.819	212.79
718.154	207.95
718.488	205.53
718.822	205.60
719.156	200.28
719.491	196.02
719.825	190.27
720.159	185.98
720.493	186.88
720.827	188.82
721.161	187.33
721.494	190.14
721.828	195.01
722.162	196.35
722.496	196.91
722.829	196.32
723.163	196.17
723.497	196.25
723.830	196.27
724.164	195.91
724.497	197.76
724.830	202.23
725.164	204.32
725.497	208.55
725.830	213.12
726.164	214.17
726.497	214.57
726.830	217.59
727.163	212.84
727.496	205.94
727.829	197.87
728.162	193.95
728.495	193.42
728.828	193.25
729.160	192.98
729.493	194.46
729.826	198.87
730.159	203.40
730.491	203.21
730.824	199.27
731.156	196.14
731.489	194.10
731.821	190.60
732.154	188.34
732.486	188.16
732.818	191.41
733.151	194.19
733.483	196.20
733.815	199.73
734.147	204.32
734.479	206.07
734.811	204.78
735.143	205.54
735.475	205.11
735.807	206.43
736.139	204.83
736.471	206.06
736.803	206.75
737.134	203.08
737.466	198.09
737.798	197.20
738.129	194.43
738.461	192.09
738.792	189.81
739.124	187.30
739.455	190.21
739.786	193.05
740.118	193.63
740.449	198.95
740.780	205.54
741.111	207.29
741.442	208.56
741.773	211.11
742.104	214.36
742.435	217.68
742.766	213.97
743.097	207.09
743.428	208.54
743.759	207.67
744.090	199.31
744.420	195.42
744.751	193.61
745.081	193.83
745.412	196.10
745.743	191.55
746.073	190.46
746.403	194.68
746.734	196.12
747.064	193.96
747.394	193.03
747.725	193.94
748.055	192.93
748.385	193.15
748.715	195.40
749.045	192.26
749.375	190.60
749.705	193.19
750.035	191.00
750.365	191.83
750.695	201.19
751.024	204.58
751.354	208.18
751.684	212.28
752.013	213.05
752.343	214.52
752.673	216.61
753.002	215.00
753.331	208.21
753.661	206.40
753.990	208.47
754.320	207.88
754.649	208.53
754.978	205.01
755.307	202.86
755.636	202.52
755.965	202.67
756.294	198.37
756.623	196.42
756.952	199.56
757.281	204.21
757.610	211.94
757.939	214.82
758.267	211.12
758.596	214.02
758.925	215.00
759.253	211.03
759.582	204.82
759.910	196.48
760.239	193.42
760.567	192.48
760.896	191.30
761.224	190.81
761.552	188.92
761.881	188.69
762.209	187.81
762.537	186.93
762.865	189.87
763.193	193.01
763.521	198.15
763.849	203.34
764.177	210.92
764.505	216.77
764.832	217.54
765.160	218.33
765.488	218.18
765.815	213.03
766.143	205.88
766.471	197.79
766.798	191.45
767.126	190.15
767.453	194.00
767.780	194.30
768.108	192.39
768.435	189.83
768.762	191.18
769.089	196.28
769.417	200.70
769.744	198.93
770.071	198.60
770.398	200.57
770.725	203.01
771.052	206.00
771.378	205.19
771.705	205.65
772.032	205.66
772.359	203.00
772.685	199.85
773.012	201.05
773.338	199.32
773.665	206.23
773.991	204.58
774.318	202.23
774.644	211.15
774.971	216.88
775.297	212.88
775.623	209.90
775.949	195.67
776.275	191.80
776.601	192.47
776.927	185.33
777.253	186.68
777.579	190.01
777.905	194.34
778.231	201.37
778.557	202.43
778.883	204.61
779.208	207.88
779.534	208.72
779.860	212.67
780.185	213.34
780.511	208.51
780.836	208.29
781.162	208.66
781.487	205.40
781.812	201.21
782.138	200.34
782.463	200.33
782.788	203.46
783.113	202.50
783.438	203.61
783.763	209.47
784.088	213.97
784.413	210.91
784.738	210.22
785.063	212.55
785.388	211.68
785.712	210.66
786.037	212.06
786.362	216.49
786.686	216.01
787.011	214.43
787.335	212.88
787.660	215.20
787.984	216.86
788.308	212.30
788.633	208.19
788.957	210.17
789.281	210.29
789.605	211.64
789.930	212.95
790.254	210.64
790.578	208.77
790.902	205.70
791.225	205.12
791.549	204.52
791.873	202.82
792.197	200.41
792.521	199.59
792.844	201.16
793.168	203.17
793.492	201.74
793.815	204.01
794.139	208.67
794.462	206.73
794.785	208.38
795.109	207.51
795.432	205.88
795.755	209.10
796.078	211.86
796.401	216.54
796.725	221.56
797.048	221.05
797.371	220.87
797.694	225.02
798.016	226.96
798.339	223.49
798.662	215.06
798.985	215.91
799.308	216.75
799.630	218.55
799.953	215.78
800.275	214.36
800.598	214.68
800.920	218.62
801.243	217.89
801.565	218.85
801.887	217.65
802.210	219.90
802.532	219.21
802.854	218.16
803.176	220.35
803.498	226.43
803.820	227.83
804.142	232.17
804.464	231.38
804.786	230.50
805.108	233.81
805.429	234.04
805.751	229.82
806.073	229.93
806.394	227.79
806.716	224.60
807.038	227.47
807.359	229.13
807.680	226.39
808.002	225.62
808.323	230.08
808.644	232.10
808.966	240.03
809.287	243.27
809.608	248.76
809.929	253.30
810.250	253.83
810.571	252.87
810.892	253.97
811.213	254.66
811.534	259.88
811.854	255.20
812.175	252.63
812.496	257.67
812.816	255.57
813.137	259.65
813.458	258.77
813.778	255.43
814.098	262.43
814.419	268.63
814.739	270.80
815.059	278.76
815.380	282.16
815.700	287.92
816.020	294.47
816.340	295.71
816.660	300.72
816.980	307.11
817.300	314.69
817.620	316.46
817.940	317.61
818.260	319.44
818.579	322.55
818.899	320.91
819.219	321.44
819.538	318.52
819.858	317.85
820.177	325.40
820.497	329.53
820.816	330.67
821.135	336.84
821.455	335.44
821.774	340.66
822.093	344.67
822.412	346.48
822.731	348.70
823.050	353.71
823.369	353.37
823.688	359.58
824.007	356.72
824.326	357.19
824.645	355.47
824.963	366.16
825.282	365.57
825.601	363.56
825.919	357.90
826.238	352.61
826.556	352.32
826.875	349.24
827.193	333.46
827.511	323.59
827.830	322.80
828.148	323.90
828.466	330.86
828.784	333.16
829.102	340.12
829.420	348.02
829.738	362.45
830.056	367.45
830.374	376.12
830.692	375.54
831.010	375.08
831.327	370.78
831.645	368.44
831.963	362.55
832.280	359.52
832.598	355.22
832.915	350.36
833.233	349.69
833.550	346.78
833.867	339.95
834.185	335.63
834.502	330.99
834.819	327.57
835.136	326.56
835.453	317.29
835.770	309.83
836.087	306.61
836.404	299.35
836.721	294.91
837.038	285.27
837.355	280.14
837.671	284.00
837.988	286.41
838.305	295.06
838.621	305.25
838.938	316.42
839.254	335.08
839.571	354.67
839.887	381.95
840.203	415.71
840.520	444.22
840.836	485.78
841.152	531.53
841.468	582.62
841.784	631.13
842.100	679.88
842.416	726.45
842.732	781.57
843.048	841.65
843.364	897.88
843.679	957.43
843.995	1019.10
844.311	1078.73
844.626	1139.96
844.942	1196.37
845.257	1244.10
845.573	1298.54
845.888	1347.27
846.203	1382.17
846.519	1424.23
846.834	1466.97
847.149	1497.62
847.464	1532.89
847.779	1554.01
848.094	1577.36
848.409	1595.12
848.724	1612.38
849.039	1618.14
849.354	1623.76
849.669	1625.83
849.983	1622.45
850.298	1621.24
850.613	1620.08
850.927	1615.16
851.242	1615.32
851.556	1624.34
851.871	1639.26
852.185	1654.35
852.499	1671.04
852.814	1677.72
853.128	1699.42
853.442	1710.39
853.756	1720.06
854.070	1742.15
854.384	1756.36
854.698	1777.82
855.012	1794.19
855.326	1808.22
855.640	1812.74
855.953	1806.00
856.267	1798.91
856.581	1767.93
856.894	1734.72
857.208	1681.07
857.521	1633.09
857.835	1557.54
858.148	1491.18
858.461	1423.94
858.775	1357.34
859.088	1279.55
859.401	1225.78
859.714	1176.34
860.027	1134.26
860.340	1115.61
860.653	1110.07
860.966	1129.29
861.279	1158.40
861.592	1239.28
861.904	1333.93
862.217	1446.45
862.530	1593.38
862.842	1764.66
863.155	1963.01
863.467	2179.06
863.780	2425.85
864.092	2668.51
864.405	2954.20
864.717	3236.30
865.029	3522.09
865.341	3816.71
865.653	4115.37
865.966	4425.33
866.278	4704.47
866.589	4978.39
866.901	5257.57
867.213	5510.93
867.525	5750.78
867.837	5945.74
868.149	6138.95
868.460	6388.87
868.772	6563.36
869.083	6785.12
869.395	6972.93
869.706	7179.27
870.018	7335.29
870.329	7526.58
870.640	7689.18
870.952	7836.58
871.263	8072.96
871.574	8300.49
871.885	8448.53
872.196	8659.69
872.507	8795.60
872.818	8907.37
873.129	8989.58
873.440	9138.91
873.750	9166.96
874.061	9151.74
874.372	9089.53
874.682	9040.76
874.993	9028.17
875.303	8920.82
875.614	8763.93
875.924	8585.26
876.235	8444.69
876.545	8251.69
876.855	8011.06
877.165	7739.13
877.475	7418.12
877.786	7208.33
878.096	6813.00
878.406	6526.57
878.715	6217.04
879.025	5946.03
879.335	5688.62
879.645	5414.76
879.955	5195.73
880.264	4981.63
880.574	4787.85
880.883	4625.28
881.193	4503.37
881.502	4436.34
881.812	4375.63
882.121	4355.87
882.430	4393.71
882.740	4450.11
883.049	4565.66
883.358	4641.50
883.667	4780.88
883.976	4968.95
884.285	5167.30
884.594	5385.07
884.903	5664.94
885.212	5972.69
885.520	6338.38
885.829	6688.56
886.138	7174.12
886.446	7682.87
886.755	8212.37
887.063	8836.96
887.372	9593.29
887.680	10323.42
887.988	11209.42
888.297	12131.89
888.605	13117.12
888.913	14378.69
889.221	15646.61
889.529	17025.29
889.837	18594.55
890.145	20284.16
890.453	21856.27
890.761	23565.63
891.069	25271.74
891.377	27050.30
891.684	28836.16
891.992	30478.65
892.299	32029.44
892.607	33599.56
892.914	35135.14
893.222	36395.19
893.529	37721.95
893.837	38909.68
894.144	39793.64
894.451	40924.73
894.758	41564.53
895.065	41944.18
895.372	42415.23
895.679	42739.06
895.986	42568.69
896.293	42464.74
896.600	42129.59
896.907	41693.19
897.213	41136.55
897.520	40262.36
897.827	39539.36
898.133	38580.89
898.440	37569.33
898.746	36435.76
899.053	35334.51
899.359	34064.68
899.665	32747.78
899.972	31427.91
900.278	30036.85
900.584	28655.34
900.890	27295.80
901.196	25975.40
901.502	24602.95
901.808	23578.42
902.114	22557.33
902.419	21656.65
902.725	20780.42
903.031	20107.30
903.337	19601.33
903.642	19224.78
903.948	18977.08
904.253	18966.40
904.559	19065.13
904.864	19265.15
905.169	19463.64
905.475	20005.11
905.780	20483.18
906.085	21006.57
906.390	21565.16
906.695	22073.15
907.000	22636.65
907.305	23168.54
907.610	23688.06
907.915	23925.44
908.219	24404.17
908.524	24615.62
908.829	24715.14
909.133	24713.48
909.438	24684.14
909.743	24489.82
910.047	24286.35
910.351	23751.75
910.656	23247.24
910.960	22539.47
911.264	21831.25
911.568	21111.72
911.873	20193.08
912.177	19172.50
912.481	18266.08
912.785	17471.39
913.088	16572.10
913.392	15632.95
913.696	14862.25
914.000	14125.31
914.304	13457.97
914.607	12829.02
914.911	12197.24
915.214	11728.83
915.518	11289.03
915.821	10890.22
916.124	10500.73
916.428	10266.49
916.731	9971.18
917.034	9777.98
917.337	9588.58
917.640	9496.95
917.943	9449.31
918.246	9477.50
918.549	9552.57
918.852	9824.38
919.155	10176.63
919.458	10722.33
919.760	11314.60
920.063	12084.07
920.366	12955.67
920.668	13985.88
920.971	15278.97
921.273	16567.28
921.576	18086.88
921.878	19683.95
922.180	21417.60
922.482	23343.24
922.784	25463.00
923.087	27704.71
923.389	30023.33
923.691	32540.94
923.992	35053.42
924.294	37663.67
924.596	40156.67
924.898	42481.09
925.200	44570.14
925.501	46517.69
925.803	48088.81
926.104	49440.20
926.406	50477.99
926.707	51260.63
927.009	52057.43
927.310	52470.65
927.611	52675.62
927.912	53183.73
928.214	53369.80
928.515	53328.41
928.816	53388.60
929.117	53156.46
929.418	53052.08
929.719	53074.71
930.019	52673.18
930.320	52342.20
930.621	51824.33
930.922	51500.10
931.222	50871.64
931.523	50425.99
931.823	50380.88
932.124	50183.29
932.424	49774.05
932.724	49790.30
933.025	50009.39
933.325	50399.64
933.625	50585.81
933.925	50834.93
934.225	50878.94
934.525	51012.31
934.825	50899.33
935.125	51057.95
935.425	50722.44
935.724	49957.84
936.024	49742.29
936.324	49434.90
936.623	48955.35
936.923	48630.14
937.222	47801.92
937.522	47343.97
937.821	47122.81
938.120	46452.82
938.420	45515.85
938.719	44960.97
939.018	44132.72
939.317	43163.41
939.616	42399.26
939.915	41609.77
940.214	41011.86
940.513	40860.96
940.812	40580.36
941.111	40904.30
941.409	41070.93
941.708	41449.86
942.006	42033.04
942.305	42685.08
942.603	43370.67
942.902	44328.74
943.200	45223.18
943.499	46648.09
943.797	47980.31
944.095	49152.36
944.393	50069.76
944.691	51324.81
944.989	52086.65
945.287	53112.22
945.585	53924.34
945.883	54745.89
946.181	55694.11
946.479	56463.44
946.776	57371.09
947.074	58020.43
947.371	58607.82
947.669	59445.55
947.966	60068.93
948.264	60512.08
948.561	60712.26
948.858	60947.56
949.156	61015.70
949.453	61044.77
949.750	60947.70
950.047	60846.79
950.344	60636.28
950.641	59992.39
950.938	59760.73
951.235	59195.64
951.532	58350.49
951.828	57576.52
952.125	56110.55
952.422	54598.97
952.718	52852.03
953.015	50884.61
953.311	48389.58
953.607	46082.77
953.904	43411.25
954.200	40919.09
954.496	38219.60
954.792	35304.53
955.089	32533.74
955.385	29989.78
955.681	27139.07
955.976	24657.34
956.272	22134.97
956.568	19751.73
956.864	17559.52
957.160	15632.30
957.455	13775.05
957.751	12246.31
958.046	10900.18
958.342	9826.06
958.637	9061.13
958.933	8606.43
959.228	8399.05
959.523	8485.82
959.818	8847.07
960.114	9579.22
960.409	10637.71
960.704	12077.01
960.999	13833.54
961.294	15851.84
961.588	18143.13
961.883	20707.10
962.178	23354.35
962.473	26068.20
962.767	29122.70
963.062	32078.67
963.356	35186.28
963.651	38545.07
963.945	41530.81
964.239	44492.38
964.534	47042.48
964.828	49439.31
965.122	51471.98
965.416	53038.76
965.710	54353.39
966.004	55217.55
966.298	56291.86
966.592	57150.92
966.886	57651.39
967.180	58211.36
967.473	58478.80
967.767	58346.54
968.061	58295.16
968.354	58166.76
968.648	57703.04
968.941	56811.90
969.234	56187.37
969.528	55091.77
969.821	54235.71
970.114	53007.69
970.407	51688.64
970.700	50153.00
970.993	48505.02
971.286	46665.62
971.579	44329.60
971.872	42058.00
972.165	39889.46
972.457	37713.97
972.750	35666.23
973.043	33747.22
973.335	31701.39
973.628	29869.48
973.920	28145.82
974.213	26075.71
974.505	24451.44
974.797	22756.52
975.089	21422.94
975.382	20033.01
975.674	18985.41
975.966	18019.62
976.258	17219.04
976.550	16379.44
976.841	15667.40
977.133	15134.39
977.425	14459.01
977.717	13887.38
978.008	13344.65
978.300	12805.27
978.591	12445.41
978.883	12061.14
979.174	11570.20
979.465	11170.70
979.757	10811.79
980.048	10444.31
980.339	10068.51
980.630	9684.13
980.921	9356.50
981.212	8999.27
981.503	8622.87
981.794	8255.38
982.085	7826.24
982.376	7434.86
982.666	7006.26
982.957	6603.93
983.248	6182.61
983.538	5793.11
983.828	5427.58
984.119	5101.10
984.409	4781.90
984.700	4473.95
984.990	4202.29
985.280	3916.20
985.570	3707.15
985.860	3499.72
986.150	3310.77
986.440	3139.40
986.730	3023.58
987.020	2900.06
987.309	2808.65
987.599	2698.49
987.889	2627.32
988.178	2572.86
988.468	2515.77
988.757	2477.59
989.047	2441.40
989.336	2420.08
989.625	2410.29
989.915	2405.34
990.204	2388.89
990.493	2372.03
990.782	2350.77
991.071	2316.20
991.360	2286.06
991.649	2249.46
991.938	2205.77
992.226	2159.43
992.515	2098.37
992.804	2035.40
993.092	1978.79
993.381	1921.95
993.669	1845.63
993.958	1779.55
994.246	1710.99
994.534	1635.04
994.823	1574.09
995.111	1506.23
995.399	1433.22
995.687	1371.49
995.975	1294.75
996.263	1226.13
996.551	1173.48
996.839	1119.55
997.126	1067.57
997.414	1008.43
997.702	959.72
997.989	916.12
998.277	870.52
998.564	840.08
998.852	802.24
999.139	774.13
999.426	757.47
999.713	739.16
1000.001	715.41
1000.288	698.79
1000.575	672.00
1000.862	656.88
1001.149	639.27
1001.436	628.54
1001.722	611.75
1002.009	610.87
1002.296	594.73
1002.582	579.36
1002.869	570.71
1003.156	555.00
1003.442	547.88
1003.728	543.74
1004.015	529.27
1004.301	521.73
1004.587	519.55
1004.873	513.32
1005.160	514.90
1005.446	504.51
1005.732	491.42
1006.017	488.26
1006.303	483.97
1006.589	477.68
1006.875	470.51
1007.161	458.72
1007.446	449.33
1007.732	444.78
1008.017	436.94
1008.303	426.28
1008.588	422.38
1008.873	418.45
1009.159	412.13
1009.444	407.82
1009.729	402.96
1010.014	398.23
1010.299	394.47
1010.584	391.93
1010.869	382.18
1011.154	371.15
1011.439	362.74
1011.723	356.27
1012.008	355.86
1012.293	352.12
1012.577	345.24
1012.862	343.54
1013.146	342.00
1013.430	349.05
1013.715	345.10
1013.999	336.91
1014.283	331.98
1014.567	334.46
1014.851	334.60
1015.135	332.96
1015.419	325.59
1015.703	323.78
1015.987	320.03
1016.271	318.33
1016.555	317.55
1016.838	320.19
1017.122	319.09
1017.405	316.71
1017.689	312.54
1017.972	314.28
1018.256	312.37
1018.539	306.05
1018.822	301.26
1019.105	299.65
1019.388	302.69
1019.671	308.06
1019.954	310.55
1020.237	309.79
1020.520	309.08
1020.803	310.80
1021.086	311.21
1021.368	311.01
1021.651	311.02
1021.934	309.96
1022.216	310.84
