339.735	58.12
340.108	38.03
340.482	20.53
340.855	-1.91
341.228	-14.03
341.602	-27.52
341.975	-31.39
342.348	-31.65
342.721	-24.42
343.094	-21.83
343.468	-15.64
343.841	-0.39
344.214	14.52
344.587	22.48
344.960	26.71
345.333	28.86
345.706	40.38
346.079	50.66
346.452	53.50
346.824	55.25
347.197	67.21
347.570	81.79
347.943	89.05
348.316	95.06
348.688	108.24
349.061	123.29
349.434	134.72
349.806	139.13
350.179	144.19
350.552	154.18
350.924	154.98
351.297	154.96
351.669	153.17
352.042	153.63
352.414	155.72
352.787	155.94
353.159	152.30
353.531	158.63
353.904	163.03
354.276	159.42
354.648	160.98
355.020	168.56
355.393	172.44
355.765	178.39
356.137	172.68
356.509	166.56
356.881	167.69
357.253	169.48
357.625	160.46
357.997	157.75
358.369	167.49
358.741	167.56
359.113	168.53
359.485	170.34
359.857	164.12
360.229	162.09
360.600	155.17
360.972	141.81
361.344	143.25
361.716	139.62
362.087	132.45
362.459	134.56
362.831	133.48
363.202	139.40
363.574	139.94
363.945	136.90
364.317	134.33
364.688	135.89
365.060	138.20
365.431	138.44
365.803	136.07
366.174	132.71
366.545	136.50
366.917	143.67
367.288	148.18
367.659	150.49
368.030	148.98
368.402	152.50
368.773	155.55
369.144	154.01
369.515	149.60
369.886	145.70
370.257	139.64
370.628	141.25
370.999	140.04
371.370	136.69
371.741	138.26
372.112	136.80
372.483	142.10
372.853	143.90
373.224	142.24
373.595	146.53
373.966	154.49
374.336	172.97
374.707	178.41
375.078	171.95
375.448	174.25
375.819	185.72
376.190	186.01
376.560	179.87
376.931	162.81
377.301	170.51
377.671	175.50
378.042	168.84
378.412	159.71
378.783	157.60
379.153	159.94
379.523	155.72
379.893	147.95
380.264	143.63
380.634	149.01
381.004	149.95
381.374	148.60
381.744	149.12
382.114	156.73
382.484	157.36
382.854	161.16
383.224	160.90
383.594	164.21
383.964	164.43
384.334	157.24
384.704	153.32
385.074	153.48
385.444	153.39
385.814	154.35
386.183	146.06
386.553	148.83
386.923	154.39
387.292	153.71
387.662	149.45
388.032	150.13
388.401	152.22
388.771	157.24
389.140	154.09
389.510	157.37
389.879	154.72
390.248	159.05
390.618	158.05
390.987	161.51
391.356	165.08
391.726	165.59
392.095	165.31
392.464	167.28
392.833	161.58
393.203	164.79
393.572	155.66
393.941	158.37
394.310	158.03
394.679	160.78
395.048	159.79
395.417	187.35
395.786	186.75
396.155	190.08
396.524	182.78
396.893	181.39
397.261	176.03
397.630	176.39
397.999	166.81
398.368	165.80
398.736	161.23
399.105	168.62
399.474	168.46
399.842	169.06
400.211	168.82
400.579	156.59
400.948	155.36
401.317	162.11
401.685	159.29
402.053	159.02
402.422	159.83
402.790	161.69
403.158	155.06
403.527	156.63
403.895	150.23
404.263	143.98
404.632	143.56
405.000	144.70
405.368	147.53
405.736	153.35
406.104	152.56
406.472	165.80
406.840	168.44
407.208	168.71
407.576	163.82
407.944	162.11
408.312	163.18
408.680	161.89
409.048	151.69
409.415	155.12
409.783	152.90
410.151	153.87
410.519	149.78
410.886	143.04
411.254	145.03
411.622	147.00
411.989	146.59
412.357	153.79
412.724	154.19
413.092	153.15
413.459	153.02
413.827	153.78
414.194	154.00
414.561	153.75
414.929	147.54
415.296	148.92
415.663	147.56
416.030	152.88
416.398	146.67
416.765	141.36
417.132	141.06
417.499	143.31
417.866	136.66
418.233	138.63
418.600	139.10
418.967	143.71
419.334	145.83
419.701	141.42
420.068	136.74
420.435	146.62
420.802	150.01
421.168	148.09
421.535	146.86
421.902	153.44
422.269	163.55
422.635	167.70
423.002	159.68
423.369	157.15
423.735	156.56
424.102	161.47
424.468	163.64
424.835	158.28
425.201	162.17
425.567	164.29
425.934	167.89
426.300	166.17
426.667	167.90
427.033	165.30
427.399	165.86
427.765	162.30
428.131	168.00
428.498	166.09
428.864	166.89
429.230	165.84
429.596	162.36
429.962	165.22
430.328	172.98
430.694	168.79
431.060	174.19
431.426	177.13
431.792	172.06
432.157	178.11
432.523	174.98
432.889	169.43
433.255	170.70
433.620	165.39
433.986	161.74
434.352	158.94
434.717	158.45
435.083	167.26
435.448	165.15
435.814	162.41
436.179	161.69
436.545	166.59
436.910	168.57
437.276	166.14
437.641	162.97
438.006	167.00
438.372	174.43
438.737	177.15
439.102	181.41
439.467	182.59
439.832	182.49
440.197	173.14
440.563	174.65
440.928	167.52
441.293	169.07
441.658	164.98
442.023	169.34
442.387	175.76
442.752	184.85
443.117	184.55
443.482	191.33
443.847	197.09
444.212	201.57
444.576	199.27
444.941	196.88
445.306	196.38
445.670	198.31
446.035	195.18
446.399	192.65
446.764	196.05
447.128	200.20
447.493	199.06
447.857	200.96
448.222	196.80
448.586	196.02
448.950	199.40
449.315	193.61
449.679	188.53
450.043	198.12
450.407	196.71
450.772	201.16
451.136	210.79
451.500	212.29
451.864	214.75
452.228	221.13
452.592	221.05
452.956	224.03
453.320	226.01
453.684	222.27
454.047	220.37
454.411	219.97
454.775	216.58
455.139	221.92
455.503	222.40
455.866	223.89
456.230	220.89
456.594	223.98
456.957	224.73
457.321	228.10
457.684	219.23
458.048	212.60
458.411	214.90
458.775	217.90
459.138	212.93
459.501	219.11
459.865	217.76
460.228	220.03
460.591	222.47
460.955	217.57
461.318	214.42
461.681	216.07
462.044	205.44
462.407	200.18
462.770	196.50
463.133	197.68
463.496	200.16
463.859	196.19
464.222	197.85
464.585	204.28
464.948	205.21
465.311	213.06
465.674	213.03
466.036	211.71
466.399	216.73
466.762	214.28
467.124	207.56
467.487	203.42
467.850	193.13
468.212	193.37
468.575	193.62
468.937	186.42
469.300	183.60
469.662	193.77
470.024	198.92
470.387	199.32
470.749	199.09
471.111	198.27
471.474	201.16
471.836	204.01
472.198	194.05
472.560	191.52
472.922	188.86
473.284	185.26
473.646	183.58
474.008	187.81
474.370	189.54
474.732	193.62
475.094	196.32
475.456	197.81
475.818	198.97
476.180	199.94
476.542	191.89
476.903	192.79
477.265	191.19
477.627	192.40
477.988	187.68
478.350	190.84
478.711	193.06
479.073	194.48
479.435	188.73
479.796	182.09
480.157	179.21
480.519	185.94
480.880	182.00
481.241	176.60
481.603	176.79
481.964	181.03
482.325	182.84
482.686	180.91
483.048	182.85
483.409	184.18
483.770	190.21
484.131	194.98
484.492	197.59
484.853	205.17
485.214	210.09
485.575	205.61
485.936	213.73
486.296	216.19
486.657	221.27
487.018	222.25
487.379	220.00
487.739	220.15
488.100	225.33
488.461	223.01
488.821	224.90
489.182	221.45
489.542	225.42
489.903	225.62
490.263	227.45
490.624	228.28
490.984	224.98
491.345	222.36
491.705	222.27
492.065	223.11
492.425	223.80
492.786	219.71
493.146	218.46
493.506	221.70
493.866	218.43
494.226	220.09
494.586	220.70
494.946	230.69
495.306	235.00
495.666	241.60
496.026	241.28
496.386	241.59
496.746	238.71
497.106	231.36
497.465	221.51
497.825	217.49
498.185	207.15
498.544	207.86
498.904	209.99
499.264	208.65
499.623	214.86
499.983	215.69
500.342	223.41
500.702	233.34
501.061	236.46
501.420	238.85
501.780	240.67
502.139	242.41
502.498	245.74
502.858	242.26
503.217	240.86
503.576	238.96
503.935	238.41
504.294	239.84
504.653	242.66
505.012	240.55
505.371	244.08
505.730	239.76
506.089	242.32
506.448	245.79
506.807	241.99
507.166	244.09
507.524	250.13
507.883	250.44
508.242	254.45
508.601	255.25
508.959	253.64
509.318	260.87
509.676	248.06
510.035	245.46
510.393	245.55
510.752	252.68
511.110	253.77
511.469	254.34
511.827	252.91
512.185	256.67
512.544	251.37
512.902	252.94
513.260	245.77
513.618	240.79
513.976	243.22
514.334	244.48
514.692	253.04
515.050	260.76
515.408	264.09
515.766	263.15
516.124	265.04
516.482	264.88
516.840	262.09
517.198	261.41
517.556	263.46
517.913	265.58
518.271	271.74
518.629	273.91
518.986	279.98
519.344	282.06
519.701	282.01
520.059	284.01
520.416	279.71
520.774	279.42
521.131	280.25
521.489	280.08
521.846	285.79
522.203	295.20
522.561	291.62
522.918	291.22
523.275	294.32
523.632	299.08
523.989	302.08
524.346	297.33
524.703	291.92
525.060	296.33
525.417	299.22
525.774	297.63
526.131	298.62
526.488	294.02
526.845	297.02
527.202	292.47
527.559	290.58
527.915	289.50
528.272	292.13
528.629	291.65
528.985	296.89
529.342	295.41
529.698	298.24
530.055	307.24
530.411	303.95
530.768	309.90
531.124	312.68
531.480	307.91
531.837	308.01
532.193	309.87
532.549	310.11
532.906	312.96
533.262	307.38
533.618	301.95
533.974	304.40
534.330	300.18
534.686	295.17
535.042	293.66
535.398	290.84
535.754	291.11
536.110	297.44
536.466	302.89
536.821	309.07
537.177	316.92
537.533	313.37
537.889	318.44
538.244	317.01
538.600	308.04
538.955	298.43
539.311	298.43
539.667	296.72
540.022	297.22
540.377	295.06
540.733	298.54
541.088	309.77
541.444	315.52
541.799	314.55
542.154	320.49
542.509	320.43
542.864	322.20
543.220	318.72
543.575	316.73
543.930	311.56
544.285	307.10
544.640	304.21
544.995	298.85
545.350	299.35
545.705	306.63
546.059	305.51
546.414	307.73
546.769	315.36
547.124	321.35
547.478	322.57
547.833	320.05
548.188	318.29
548.542	318.10
548.897	315.42
549.251	312.67
549.606	315.04
549.960	315.61
550.315	315.83
550.669	312.14
551.023	313.74
551.378	317.98
551.732	317.47
552.086	315.34
552.440	312.60
552.794	312.09
553.148	309.83
553.502	308.60
553.856	314.37
554.210	315.48
554.564	317.73
554.918	344.55
555.272	347.68
555.626	350.16
555.980	349.61
556.334	344.51
556.687	343.63
557.041	343.96
557.395	321.17
557.748	322.19
558.102	327.42
558.455	335.17
558.809	342.50
559.162	350.45
559.516	355.93
559.869	357.43
560.222	357.64
560.576	363.48
560.929	360.51
561.282	357.65
561.635	352.54
561.988	349.96
562.342	349.26
562.695	350.40
563.048	348.44
563.401	352.90
563.754	353.62
564.107	358.09
564.459	353.37
564.812	354.21
565.165	354.18
565.518	346.84
565.871	342.99
566.223	346.42
566.576	343.35
566.929	345.82
567.281	347.99
567.634	350.37
567.986	353.82
568.339	355.58
568.691	352.94
569.044	355.52
569.396	357.34
569.748	358.15
570.100	363.96
570.453	367.09
570.805	370.05
571.157	370.01
571.509	374.02
571.861	374.68
572.213	374.21
572.565	371.65
572.917	372.97
573.269	371.41
573.621	373.06
573.973	372.48
574.325	378.45
574.677	380.37
575.028	380.19
575.380	378.54
575.732	373.68
576.083	378.06
576.435	371.67
576.786	362.93
577.138	362.23
577.489	362.92
577.841	362.80
578.192	368.79
578.543	363.78
578.895	366.14
579.246	372.97
579.597	375.30
579.948	367.90
580.300	366.82
580.651	364.76
581.002	364.57
581.353	365.98
581.704	366.65
582.055	368.99
582.406	372.96
582.757	382.71
583.107	384.16
583.458	381.34
583.809	378.59
584.160	374.41
584.510	369.74
584.861	367.06
585.212	358.87
585.562	359.38
585.913	360.30
586.263	362.72
586.614	369.36
586.964	370.76
587.315	370.89
587.665	365.87
588.015	362.28
588.365	360.72
588.716	356.98
589.066	353.43
589.416	354.45
589.766	353.01
590.116	355.43
590.466	355.25
590.816	360.23
591.166	372.32
591.516	372.53
591.866	375.25
592.216	376.88
592.566	380.95
592.915	381.24
593.265	375.55
593.615	369.08
593.964	365.69
594.314	362.65
594.663	366.34
595.013	366.64
595.362	368.35
595.712	365.71
596.061	364.06
596.411	366.92
596.760	368.32
597.109	366.39
597.458	364.67
597.808	364.03
598.157	377.09
598.506	381.57
598.855	379.64
599.204	379.96
599.553	376.26
599.902	380.01
600.251	378.25
600.600	368.26
600.949	359.56
601.297	362.01
601.646	361.41
601.995	364.01
602.344	364.45
602.692	360.82
603.041	358.25
603.389	359.65
603.738	356.25
604.086	350.20
604.435	344.79
604.783	338.90
605.132	342.23
605.480	349.06
605.828	354.38
606.177	363.29
606.525	373.92
606.873	377.24
607.221	378.99
607.569	380.64
607.917	373.81
608.265	372.31
608.613	367.55
608.961	362.79
609.309	361.84
609.657	362.86
610.005	366.18
610.352	371.81
610.700	373.75
611.048	368.66
611.395	368.22
611.743	378.50
612.091	382.58
612.438	379.74
612.786	376.62
613.133	371.60
613.480	372.91
613.828	370.88
614.175	364.96
614.522	366.06
614.870	365.23
615.217	368.74
615.564	372.14
615.911	375.13
616.258	380.21
616.605	380.34
616.952	380.46
617.299	378.49
617.646	372.61
617.993	376.05
618.340	377.19
618.687	372.65
619.033	371.61
619.380	366.26
619.727	370.40
620.073	373.64
620.420	374.29
620.767	378.94
621.113	377.38
621.459	379.09
621.806	385.03
622.152	385.76
622.499	385.38
622.845	379.87
623.191	372.77
623.537	372.00
623.884	374.11
624.230	369.01
624.576	362.39
624.922	359.75
625.268	358.28
625.614	353.40
625.960	354.70
626.306	352.40
626.652	352.58
626.998	358.63
627.343	360.15
627.689	364.40
628.035	374.70
628.380	380.33
628.726	380.32
629.072	377.78
629.417	372.61
629.763	372.34
630.108	371.37
630.453	370.98
630.799	364.67
631.144	363.74
631.489	363.71
631.835	359.31
632.180	350.46
632.525	343.23
632.870	337.40
633.215	331.40
633.560	333.85
633.905	338.07
634.250	336.76
634.595	339.82
634.940	340.83
635.285	341.01
635.630	353.67
635.974	355.19
636.319	349.76
636.664	349.36
637.008	348.99
637.353	353.11
637.698	348.55
638.042	336.03
638.387	331.61
638.731	336.91
639.075	336.29
639.420	333.87
639.764	330.43
640.108	338.40
640.452	341.74
640.797	333.35
641.141	329.95
641.485	334.11
641.829	334.28
642.173	331.33
642.517	323.45
642.861	319.39
643.205	322.26
643.549	319.07
643.892	314.45
644.236	310.59
644.580	312.25
644.923	308.80
645.267	303.04
645.611	301.88
645.954	301.47
646.298	303.05
646.641	308.44
646.985	305.41
647.328	308.12
647.671	311.28
648.015	310.50
648.358	310.83
648.701	310.23
649.044	303.13
649.387	301.93
649.731	296.95
650.074	295.50
650.417	301.35
650.760	302.00
651.102	296.77
651.445	298.06
651.788	301.29
652.131	306.20
652.474	304.00
652.816	298.22
653.159	296.68
653.502	296.97
653.844	296.38
654.187	291.83
654.529	291.66
654.872	292.10
655.214	289.63
655.557	281.07
655.899	277.19
656.241	274.96
656.583	279.69
656.926	284.19
657.268	285.60
657.610	287.51
657.952	295.13
658.294	291.05
658.636	288.78
658.978	288.15
659.320	283.11
659.662	274.64
660.004	268.72
660.345	267.14
660.687	272.26
661.029	272.86
661.371	271.63
661.712	276.00
662.054	281.35
662.395	286.58
662.737	292.72
663.078	290.17
663.420	288.74
663.761	289.38
664.102	286.42
664.444	287.52
664.785	287.60
665.126	284.05
665.467	279.88
665.808	281.66
666.149	286.41
666.490	284.96
666.831	281.80
667.172	279.23
667.513	278.75
667.854	280.75
668.195	277.42
668.535	269.89
668.876	266.94
669.217	267.32
669.557	261.86
669.898	260.85
670.239	263.60
670.579	269.93
670.920	278.65
671.260	280.38
671.600	280.24
671.941	280.85
672.281	280.01
672.621	273.67
672.961	266.70
673.302	254.38
673.642	254.06
673.982	259.04
674.322	261.60
674.662	261.49
675.002	263.55
675.342	270.18
675.682	284.82
676.021	281.67
676.361	275.18
676.701	273.82
677.041	271.29
677.380	268.62
677.720	258.34
678.059	248.82
678.399	249.43
678.738	247.24
679.078	244.43
679.417	247.94
679.756	248.37
680.096	249.95
680.435	245.28
680.774	243.43
681.113	243.42
681.453	248.26
681.792	244.02
682.131	240.94
682.470	243.86
682.809	245.14
683.148	246.49
683.486	247.32
683.825	242.88
684.164	243.75
684.503	242.88
684.841	237.17
685.180	233.54
685.519	230.03
685.857	226.54
686.196	224.96
686.534	225.12
686.873	222.80
687.211	219.48
687.549	218.62
687.888	218.01
688.226	218.45
688.564	216.25
688.902	212.94
689.240	214.87
689.578	217.26
689.917	219.64
690.255	222.60
690.592	233.08
690.930	249.69
691.268	251.94
691.606	253.33
691.944	253.50
692.282	250.53
692.619	250.09
692.957	239.78
693.294	226.32
693.632	228.87
693.970	236.28
694.307	243.88
694.644	244.52
694.982	244.03
695.319	244.29
695.656	241.04
695.994	235.70
696.331	227.73
696.668	223.45
697.005	216.26
697.342	214.34
697.679	217.64
698.016	220.62
698.353	219.78
698.690	212.62
699.027	206.34
699.364	212.36
699.700	212.56
700.037	206.98
700.374	204.35
700.710	206.45
701.047	208.47
701.384	208.14
701.720	206.23
702.057	206.34
702.393	209.00
702.729	208.84
703.066	207.76
703.402	214.40
703.738	215.88
704.074	214.80
704.410	217.89
704.747	219.87
705.083	217.03
705.419	212.92
705.755	209.49
706.091	208.59
706.426	208.02
706.762	200.62
707.098	193.65
707.434	196.87
707.769	204.88
708.105	203.70
708.441	201.33
708.776	202.41
709.112	206.32
709.447	211.10
709.783	208.42
710.118	200.90
710.453	201.78
710.789	204.55
711.124	207.67
711.459	205.15
711.794	200.14
712.129	203.64
712.464	210.75
712.799	210.62
713.134	207.16
713.469	205.92
713.804	205.79
714.139	206.29
714.474	203.83
714.809	199.44
715.143	198.32
715.478	198.03
715.813	193.61
716.147	196.08
716.482	200.16
716.816	200.71
717.151	200.21
717.485	201.61
717.819	203.54
718.154	210.29
718.488	206.51
718.822	201.76
719.156	203.16
719.491	198.97
719.825	193.96
720.159	188.79
720.493	183.30
720.827	183.95
721.161	185.87
721.494	184.47
721.828	187.28
722.162	192.48
722.496	193.31
722.829	194.22
723.163	194.62
723.497	193.87
723.830	194.64
724.164	193.92
724.497	193.88
724.830	194.93
725.164	199.01
725.497	201.04
725.830	205.49
726.164	210.49
726.497	212.60
726.830	211.68
727.163	213.61
727.496	212.28
727.829	204.11
728.162	196.58
728.495	190.93
728.828	190.60
729.160	189.98
729.493	191.63
729.826	191.27
730.159	196.41
730.491	200.73
730.824	201.25
731.156	197.55
731.489	194.22
731.821	191.71
732.154	188.50
732.486	185.11
732.818	187.45
733.151	188.92
733.483	191.62
733.815	193.22
734.147	197.34
734.479	201.80
734.811	202.60
735.143	202.39
735.475	202.49
735.807	203.55
736.139	203.17
736.471	203.20
736.803	202.69
737.134	204.49
737.466	201.53
737.798	196.75
738.129	195.17
738.461	193.26
738.792	189.27
739.124	188.26
739.455	184.42
739.786	187.31
740.118	191.03
740.449	191.29
740.780	194.38
741.111	202.48
741.442	204.41
741.773	205.38
742.104	207.49
742.435	210.98
742.766	214.15
743.097	212.53
743.428	205.62
743.759	204.78
744.090	206.39
744.420	197.80
744.751	192.31
745.081	192.03
745.412	190.78
745.743	192.66
746.073	191.11
746.403	186.95
746.734	191.59
747.064	193.47
747.394	192.32
747.725	189.59
748.055	191.27
748.385	190.88
748.715	190.55
749.045	193.47
749.375	190.66
749.705	188.12
750.035	190.03
750.365	189.23
750.695	189.01
751.024	197.31
751.354	201.52
751.684	204.81
752.013	208.21
752.343	208.57
752.673	211.57
753.002	212.88
753.331	212.38
753.661	206.42
753.990	203.74
754.320	204.62
754.649	206.20
754.978	205.15
755.307	204.67
755.636	200.85
755.965	200.14
756.294	201.04
756.623	196.92
756.952	194.35
757.281	196.71
757.610	200.76
757.939	208.84
758.267	213.09
758.596	209.19
758.925	209.89
759.253	211.57
759.582	208.70
759.910	204.31
760.239	196.75
760.567	191.09
760.896	190.12
761.224	188.46
761.552	188.22
761.881	187.70
762.209	186.45
762.537	185.68
762.865	185.21
763.193	187.09
763.521	189.57
763.849	194.71
764.177	200.36
764.505	206.93
764.832	213.41
765.160	214.97
765.488	216.28
765.815	215.59
766.143	212.04
766.471	204.31
766.798	196.96
767.126	189.42
767.453	187.73
767.780	189.91
768.108	191.81
768.435	190.14
768.762	187.85
769.089	188.10
769.417	192.87
769.744	197.14
770.071	197.62
770.398	195.57
770.725	198.09
771.052	201.01
771.378	203.20
771.705	203.35
772.032	203.29
772.359	204.38
772.685	201.83
773.012	198.17
773.338	198.80
773.665	196.83
773.991	201.20
774.318	204.85
774.644	200.02
774.971	206.56
775.297	213.13
775.623	211.03
775.949	206.82
776.275	196.56
776.601	187.83
776.927	190.54
777.253	184.44
777.579	183.01
777.905	187.49
778.231	190.51
778.557	198.31
778.883	201.14
779.208	202.50
779.534	205.87
779.860	205.67
780.185	208.02
780.511	210.14
780.836	206.44
781.162	204.70
781.487	206.54
781.812	204.48
782.138	198.71
782.463	197.42
782.788	198.38
783.113	200.29
783.438	200.17
783.763	200.15
784.088	206.14
784.413	210.20
784.738	209.38
785.063	207.71
785.388	209.63
785.712	209.24
786.037	209.21
786.362	209.03
786.686	214.01
787.011	213.39
787.335	212.00
787.660	210.56
787.984	211.40
788.308	213.86
788.633	211.26
788.957	206.70
789.281	206.79
789.605	208.66
789.930	209.17
790.254	209.45
790.578	209.73
790.902	207.06
791.225	203.67
791.549	202.59
791.873	202.40
792.197	200.72
792.521	197.71
792.844	196.28
793.168	199.11
793.492	201.77
793.815	199.65
794.139	200.83
794.462	205.52
794.785	205.34
795.109	203.42
795.432	205.11
795.755	202.71
796.078	206.07
796.401	209.51
796.725	212.14
797.048	218.22
797.371	219.33
797.694	217.80
798.016	222.00
798.339	224.03
798.662	221.39
798.985	215.01
799.308	211.40
799.630	214.65
799.953	215.11
800.275	214.63
800.598	212.04
800.920	212.46
801.243	215.22
801.565	216.71
801.887	215.43
802.210	215.22
802.532	215.46
802.854	217.36
803.176	214.72
803.498	217.43
803.820	222.55
804.142	224.75
804.464	227.73
804.786	229.33
805.108	227.59
805.429	230.57
805.751	232.03
806.073	227.18
806.394	227.72
806.716	225.86
807.038	222.82
807.359	222.54
807.680	225.58
808.002	224.76
808.323	223.74
808.644	225.32
808.966	229.76
809.287	234.86
809.608	240.56
809.929	244.65
810.250	248.31
810.571	250.47
810.892	250.95
811.213	250.13
811.534	252.55
811.854	255.09
812.175	252.99
812.496	248.88
812.816	252.91
813.137	254.13
813.458	255.61
813.778	257.04
814.098	254.31
814.419	256.72
814.739	264.32
815.059	267.02
815.380	272.79
815.700	278.77
816.020	283.32
816.340	290.43
816.660	292.46
816.980	296.69
817.300	303.30
817.620	309.34
817.940	312.31
818.260	311.35
818.579	314.19
818.899	318.71
819.219	318.17
819.538	315.20
819.858	315.34
820.177	314.18
820.497	318.98
820.816	325.85
821.135	326.20
821.455	331.32
821.774	332.36
822.093	334.49
822.412	339.98
822.731	341.21
823.050	342.47
823.369	347.00
823.688	351.30
824.007	352.73
824.326	353.99
824.645	351.95
824.963	352.45
825.282	358.59
825.601	364.83
825.919	359.05
826.238	354.76
826.556	350.32
826.875	348.80
827.193	346.52
827.511	333.63
827.830	322.06
828.148	319.07
828.466	319.85
828.784	323.65
829.102	328.65
829.420	334.23
829.738	343.61
830.056	355.10
830.374	364.38
830.692	368.85
831.010	372.65
831.327	370.51
831.645	367.67
831.963	365.11
832.280	360.34
832.598	355.08
832.915	350.97
833.233	345.82
833.550	345.66
833.867	342.37
834.185	338.22
834.502	332.44
834.819	327.93
835.136	323.43
835.453	322.76
835.770	315.54
836.087	307.31
836.404	302.43
836.721	297.76
837.038	293.17
837.355	284.46
837.671	277.29
837.988	278.74
838.305	282.14
838.621	288.35
838.938	298.56
839.254	309.87
839.571	327.58
839.887	346.65
840.203	371.74
840.520	404.12
840.836	434.71
841.152	470.07
841.468	517.22
841.784	567.22
842.100	615.16
842.416	662.20
842.732	707.23
843.048	756.35
843.364	822.77
843.679	871.05
843.995	928.23
844.311	993.07
844.626	1057.04
844.942	1114.18
845.257	1168.05
845.573	1220.16
845.888	1272.68
846.203	1315.60
846.519	1359.15
846.834	1403.11
847.149	1444.46
847.464	1472.79
847.779	1503.29
848.094	1537.37
848.409	1559.20
848.724	1568.82
849.039	1586.17
849.354	1591.16
849.669	1608.11
849.983	1604.58
850.298	1601.31
850.613	1597.55
850.927	1597.84
851.242	1602.13
851.556	1597.10
851.871	1606.75
852.185	1616.20
852.499	1629.62
852.814	1642.31
853.128	1653.87
853.442	1671.19
853.756	1695.82
854.070	1700.70
854.384	1719.32
854.698	1736.20
855.012	1748.25
855.326	1768.56
855.640	1779.69
855.953	1785.20
856.267	1790.09
856.581	1783.16
856.894	1754.09
857.208	1717.65
857.521	1672.93
857.835	1619.66
858.148	1554.58
858.461	1490.05
858.775	1417.25
859.088	1348.33
859.401	1281.35
859.714	1220.34
860.027	1166.60
860.340	1128.37
860.653	1106.41
860.966	1095.91
861.279	1107.56
861.592	1140.66
861.904	1205.47
862.217	1297.20
862.530	1406.38
862.842	1542.68
863.155	1709.56
863.467	1902.24
863.780	2112.31
864.092	2341.27
864.405	2590.03
864.717	2853.82
865.029	3123.99
865.341	3413.89
865.653	3700.33
865.966	4008.36
866.278	4306.11
866.589	4587.36
866.901	4856.79
867.213	5137.18
867.525	5371.43
867.837	5621.92
868.149	5839.71
868.460	6041.18
868.772	6237.16
869.083	6462.92
869.395	6655.19
869.706	6823.50
870.018	7008.57
870.329	7194.71
870.640	7385.22
870.952	7560.10
871.263	7745.50
871.574	7943.00
871.885	8157.98
872.196	8326.34
872.507	8502.08
872.818	8638.59
873.129	8746.65
873.440	8893.59
873.750	8950.04
874.061	9032.83
874.372	9050.42
874.682	9035.33
874.993	8922.59
875.303	8903.46
875.614	8805.71
875.924	8678.66
876.235	8519.00
876.545	8416.76
876.855	8226.99
877.165	7996.27
877.475	7727.57
877.786	7416.54
878.096	7168.69
878.406	6836.34
878.715	6518.73
879.025	6205.13
879.335	5917.03
879.645	5667.90
879.955	5434.52
880.264	5175.18
880.574	4939.89
880.883	4774.02
881.193	4616.20
881.502	4474.36
881.812	4392.00
882.121	4328.57
882.430	4302.75
882.740	4322.44
883.049	4392.70
883.358	4458.04
883.667	4550.21
883.976	4702.43
884.285	4867.80
884.594	5066.60
884.903	5271.74
885.212	5541.77
885.520	5822.17
885.829	6130.58
886.138	6546.05
886.446	6966.83
886.755	7447.44
887.063	7967.27
887.372	8586.87
887.680	9273.47
887.988	10024.19
888.297	10884.40
888.605	11752.18
888.913	12799.02
889.221	13914.62
889.529	15164.50
889.837	16499.38
890.145	17961.33
890.453	19703.07
890.761	21238.32
891.069	22883.60
891.377	24601.94
891.684	26317.99
891.992	28027.87
892.299	29633.84
892.607	31215.51
892.914	32745.17
893.222	34213.51
893.529	35730.90
893.837	36822.87
894.144	38245.99
894.451	39010.65
894.758	39978.60
895.065	40912.16
895.372	41225.01
895.679	41822.30
895.986	42204.95
896.293	42180.23
896.600	42067.71
896.907	41707.08
897.213	41098.51
897.520	40755.30
897.827	40030.71
898.133	39367.51
898.440	38402.17
898.746	37193.19
899.053	36351.92
899.359	35291.81
899.665	33977.42
899.972	32630.28
900.278	31322.81
900.584	29939.84
900.890	28665.14
901.196	27211.01
901.502	25909.00
901.808	24603.05
902.114	23591.90
902.419	22570.50
902.725	21533.78
903.031	20702.64
903.337	20001.10
903.642	19515.53
903.948	19086.54
904.253	18853.95
904.559	18720.32
904.864	18762.95
905.169	18954.21
905.475	19234.61
905.780	19612.48
906.085	20025.48
906.390	20617.53
906.695	21110.26
907.000	21718.33
907.305	22239.29
907.610	22884.32
907.915	23288.84
908.219	23628.35
908.524	23935.02
908.829	24208.78
909.133	24382.29
909.438	24426.94
909.743	24304.84
910.047	24258.22
910.351	23939.09
910.656	23566.30
910.960	23040.28
911.264	22416.62
911.568	21783.10
911.873	21028.30
912.177	20100.42
912.481	19213.26
912.785	18336.96
913.088	17412.36
913.392	16484.84
913.696	15711.78
914.000	14879.37
914.304	14182.56
914.607	13469.43
914.911	12806.40
915.214	12228.86
915.518	11715.33
915.821	11252.92
916.124	10860.55
916.428	10472.28
916.731	10194.81
917.034	9910.25
917.337	9736.21
917.640	9527.97
917.943	9385.41
918.246	9319.29
918.549	9325.79
918.852	9415.49
919.155	9613.21
919.458	9944.28
919.760	10422.08
920.063	11006.84
920.366	11736.35
920.668	12604.67
920.971	13597.29
921.273	14789.98
921.576	16042.36
921.878	17480.68
922.180	19024.10
922.482	20719.23
922.784	22683.42
923.087	24614.85
923.389	26821.89
923.691	29150.03
923.992	31559.43
924.294	33984.08
924.596	36613.96
924.898	39110.67
925.200	41375.89
925.501	43392.99
925.803	45319.93
926.104	47093.24
926.406	48482.88
926.707	49565.69
927.009	50337.23
927.310	51192.74
927.611	51821.04
927.912	52157.51
928.214	52344.86
928.515	52568.14
928.816	52690.62
929.117	52548.09
929.418	52661.24
929.719	52444.39
930.019	52413.22
930.320	52112.27
930.621	51633.90
930.922	51429.22
931.222	50967.87
931.523	50643.57
931.823	50012.47
932.124	49942.48
932.424	49593.91
932.724	49431.25
933.025	49181.42
933.325	49366.41
933.625	49513.93
933.925	49720.26
934.225	50000.98
934.525	50339.70
934.825	50529.72
935.125	50414.33
935.425	50263.50
935.724	50010.91
936.024	49555.98
936.324	49196.33
936.623	48964.99
936.923	48510.83
937.222	48000.69
937.522	47348.20
937.821	46976.27
938.120	46571.16
938.420	46101.88
938.719	45299.13
939.018	44395.56
939.317	43575.92
939.616	42942.40
939.915	42236.30
940.214	41182.32
940.513	40696.01
940.812	40530.98
941.111	40283.23
941.409	40082.22
941.708	40546.94
942.006	40794.75
942.305	41251.94
942.603	42045.04
942.902	42681.47
943.200	43525.99
943.499	44488.12
943.797	45756.95
944.095	47093.42
944.393	48114.94
944.691	49080.93
944.989	50389.55
945.287	51278.46
945.585	52183.39
945.883	53015.53
946.181	53806.57
946.479	54785.67
946.776	55434.27
947.074	56408.15
947.371	57241.85
947.669	57906.59
947.966	58602.01
948.264	59270.03
948.561	59632.03
948.858	60057.50
949.156	60031.25
949.453	60364.69
949.750	60396.62
950.047	60225.15
950.344	60180.81
950.641	59922.31
950.938	59631.10
951.235	59139.34
951.532	58651.21
951.828	57990.47
952.125	57120.55
952.422	55859.60
952.718	54287.71
953.015	52756.16
953.311	50972.61
953.607	48652.58
953.904	46348.06
954.200	43759.11
954.496	41154.18
954.792	38506.13
955.089	35707.13
955.385	32930.26
955.681	30319.10
955.976	27603.29
956.272	25120.98
956.568	22527.95
956.864	20239.15
957.160	18027.51
957.455	16004.09
957.751	14137.36
958.046	12556.37
958.342	11121.43
958.637	9993.74
958.933	9171.31
959.228	8601.96
959.523	8318.83
959.818	8314.84
960.114	8622.64
960.409	9217.65
960.704	10172.84
960.999	11474.78
961.294	13085.94
961.588	15053.60
961.883	17218.98
962.178	19654.56
962.473	22259.71
962.767	24948.28
963.062	27884.24
963.356	30801.47
963.651	33995.23
963.945	36954.34
964.239	40018.98
964.534	42938.34
964.828	45911.40
965.122	48206.53
965.416	50486.24
965.710	52101.75
966.004	53415.10
966.298	54358.30
966.592	55444.68
966.886	56097.49
967.180	56442.11
967.473	57206.17
967.767	57598.44
968.061	57742.83
968.354	57953.61
968.648	57485.92
968.941	57053.88
969.234	56476.83
969.528	55557.30
969.821	54742.91
970.114	53698.76
970.407	52615.67
970.700	51457.80
970.993	50040.68
971.286	48496.25
971.579	46571.17
971.872	44415.23
972.165	42161.49
972.457	40077.91
972.750	37802.51
973.043	35881.40
973.335	33881.77
973.628	31957.43
973.920	30073.64
974.213	28292.41
974.505	26371.45
974.797	24745.68
975.089	23031.01
975.382	21448.38
975.674	20220.68
975.966	19061.76
976.258	18048.71
976.550	17256.49
976.841	16461.60
977.133	15730.02
977.425	15138.76
977.717	14509.40
978.008	13878.40
978.300	13338.86
978.591	12781.36
978.883	12376.41
979.174	11966.92
979.465	11578.04
979.757	11211.84
980.048	10811.85
980.339	10426.23
980.630	10021.77
980.921	9670.54
981.212	9348.58
981.503	9005.33
981.794	8633.89
982.085	8234.73
982.376	7890.67
982.666	7486.15
982.957	7057.18
983.248	6631.15
983.538	6256.23
983.828	5861.86
984.119	5487.75
984.409	5147.35
984.700	4804.81
984.990	4529.42
985.280	4234.60
985.570	3957.71
985.860	3728.63
986.150	3515.39
986.440	3317.41
986.730	3151.24
987.020	3009.49
987.309	2901.74
987.599	2800.14
987.889	2693.26
988.178	2627.39
988.468	2562.46
988.757	2487.21
989.047	2453.70
989.336	2426.03
989.625	2387.59
989.915	2385.56
990.204	2373.58
990.493	2367.87
990.782	2351.32
991.071	2323.34
991.360	2299.80
991.649	2271.93
991.938	2221.08
992.226	2187.93
992.515	2147.49
992.804	2098.97
993.092	2034.23
993.381	1972.16
993.669	1915.23
993.958	1839.99
994.246	1780.22
994.534	1710.66
994.823	1634.93
995.111	1576.39
995.399	1513.37
995.687	1436.46
995.975	1373.79
996.263	1300.06
996.551	1232.76
996.839	1179.65
997.126	1122.13
997.414	1070.70
997.702	1016.53
997.989	962.40
998.277	914.50
998.564	872.12
998.852	844.75
999.139	804.47
999.426	772.53
999.713	751.23
1000.001	735.12
1000.288	709.23
1000.575	697.39
1000.862	668.12
1001.149	653.80
1001.436	634.74
1001.722	625.32
1002.009	606.29
1002.296	605.07
1002.582	592.60
1002.869	576.35
1003.156	568.32
1003.442	557.25
1003.728	541.49
1004.015	539.21
1004.301	528.20
1004.587	519.07
1004.873	514.52
1005.160	506.55
1005.446	508.41
1005.732	504.76
1006.017	487.07
1006.303	482.51
1006.589	481.02
1006.875	473.79
1007.161	466.31
1007.446	457.17
1007.732	446.74
1008.017	439.97
1008.303	433.40
1008.588	424.39
1008.873	418.59
1009.159	415.42
1009.444	409.84
1009.729	403.89
1010.014	400.34
1010.299	395.73
1010.584	390.88
1010.869	389.59
1011.154	382.05
1011.439	370.54
1011.723	360.91
1012.008	353.72
1012.293	351.60
1012.577	349.84
1012.862	342.15
1013.146	339.00
1013.430	337.30
1013.715	342.29
1013.999	341.79
1014.283	337.06
1014.567	327.45
1014.851	331.18
1015.135	329.33
1015.419	332.81
1015.703	321.41
1015.987	320.91
1016.271	316.59
1016.555	314.99
1016.838	314.62
1017.122	314.43
1017.405	315.29
1017.689	315.01
1017.972	308.88
1018.256	309.60
1018.539	308.57
1018.822	305.81
1019.105	297.99
1019.388	294.65
1019.671	298.65
1019.954	303.05
1020.237	307.60
1020.520	305.79
1020.803	304.66
1021.086	309.62
1021.368	310.44
1021.651	310.05
1021.934	309.59
1022.216	309.66
