339.735	88.23
340.108	72.14
340.482	54.39
340.855	42.47
341.228	28.05
341.602	13.52
341.975	-4.67
342.348	-16.4
342.721	-20.92
343.094	-17.58
343.468	-17.37
343.841	-17.9
344.214	-12.85
344.587	-3.91
344.96	-0.26
345.333	4.8
345.706	9.86
346.079	17.18
346.452	22.13
346.824	32.46
347.197	31.6
347.57	39.67
347.943	46.23
348.316	56.89
348.688	68.4
349.061	76.36
349.434	79.7
349.806	96.06
350.179	106.82
350.552	117.15
350.924	118.22
351.297	122.85
351.669	129.09
352.042	129.2
352.414	130.71
352.787	132.21
353.159	134.69
353.531	141.15
353.904	138.02
354.276	142.54
354.648	139.96
355.02	145.02
355.393	146.63
355.765	147.6
356.137	148.46
356.509	150.29
356.881	150.4
357.253	152.55
357.625	144.8
357.997	140.71
358.369	139.32
358.741	136.52
359.113	141.15
359.485	152.12
359.857	158.04
360.229	161.05
360.6	169.23
360.972	169.66
361.344	169.23
361.716	166.11
362.087	150.51
362.459	152.55
362.831	147.92
363.202	138.45
363.574	137.92
363.945	137.38
364.317	138.78
364.688	141.15
365.06	133.61
365.431	137.06
365.803	141.25
366.174	144.05
366.545	144.16
366.917	142.22
367.288	142.54
367.659	141.68
368.03	138.45
368.402	135.55
368.773	132.11
369.144	136.41
369.515	136.73
369.886	138.45
370.257	139.1
370.628	138.56
370.999	138.13
371.37	133.29
371.741	131.78
372.112	131.89
372.483	128.99
372.853	131.57
373.224	133.18
373.595	137.16
373.966	140.71
374.336	140.82
374.707	144.91
375.078	144.27
375.448	160.52
375.819	164.93
376.19	165.14
376.56	166.43
376.931	168.16
377.301	164.39
377.671	167.08
378.042	151.48
378.412	145.34
378.783	138.67
379.153	144.05
379.523	141.25
379.893	142.97
380.264	137.06
380.634	133.07
381.004	133.61
381.374	141.79
381.744	135.66
382.114	134.9
382.484	131.78
382.854	137.16
383.224	148.79
383.594	154.92
383.964	155.03
384.334	159.33
384.704	166.97
385.074	162.24
385.444	155.78
385.814	152.55
386.183	150.51
386.553	148.57
386.923	146.96
387.292	135.76
387.662	144.91
388.032	145.34
388.401	140.71
388.771	142.76
389.14	143.3
389.51	142.87
389.879	146.74
390.248	146.42
390.618	155.03
390.987	155.56
391.356	150.83
391.726	152.77
392.095	152.44
392.464	153.95
392.833	159.65
393.203	156.75
393.572	155.89
393.941	158.9
394.31	154.92
394.679	150.4
395.048	151.58
395.417	142.11
395.786	146.2
396.155	143.19
396.524	175.26
396.893	177.84
397.261	181.5
397.63	180.1
397.999	179.02
398.368	177.73
398.736	180.21
399.105	163.1
399.474	167.51
399.842	167.94
400.211	168.26
400.579	173.43
400.948	172.57
401.317	172.14
401.685	150.72
402.053	136.95
402.422	137.81
402.79	136.84
403.158	133.72
403.527	131.68
403.895	135.01
404.263	142.65
404.632	151.58
405	153.41
405.368	153.74
405.736	158.69
406.104	159.87
406.472	161.27
406.84	167.72
407.208	168.91
407.576	173.21
407.944	179.88
408.312	178.92
408.68	177.19
409.048	173
409.415	160.62
409.783	156.21
410.151	154.6
410.519	150.83
410.886	147.82
411.254	148.57
411.622	144.16
411.989	144.37
412.357	149
412.724	139.32
413.092	136.63
413.459	136.84
413.827	135.23
414.194	142.44
414.561	148.25
414.929	141.47
415.296	148.14
415.663	147.71
416.03	147.28
416.398	148.57
416.765	142.01
417.132	135.23
417.499	142.33
417.866	138.89
418.233	138.35
418.6	140.07
418.967	141.25
419.334	150.61
419.701	155.56
420.068	158.9
420.435	162.45
420.802	162.24
421.168	160.3
421.535	164.71
421.902	161.16
422.269	157.18
422.635	149.75
423.002	144.91
423.369	146.85
423.735	150.4
424.102	141.25
424.468	137.38
424.835	139.42
425.201	142.11
425.567	143.62
425.934	139.53
426.3	137.06
426.667	137.7
427.033	145.56
427.399	143.19
427.765	143.62
428.131	139.96
428.498	139.53
428.864	139.85
429.23	144.48
429.596	144.48
429.962	153.09
430.328	156.21
430.694	164.6
431.06	172.46
431.426	170.42
431.792	175.69
432.157	168.05
432.523	164.17
432.889	167.51
433.255	164.39
433.62	159.87
433.986	159.12
434.352	155.89
434.717	156.1
435.083	153.2
435.448	147.39
435.814	152.98
436.179	158.58
436.545	160.84
436.91	152.77
437.276	157.18
437.641	160.08
438.006	157.5
438.372	157.93
438.737	153.74
439.102	152.44
439.467	164.93
439.832	161.59
440.197	164.28
440.563	165.03
440.928	158.79
441.293	160.52
441.658	169.34
442.023	166.11
442.387	168.48
442.752	163.53
443.117	174.5
443.482	183.97
443.847	183.22
444.212	179.99
444.576	181.39
444.941	187.42
445.306	196.89
445.67	184.3
446.035	180.1
446.399	184.84
446.764	183.65
447.128	175.8
447.493	169.12
447.857	170.85
448.222	177.73
448.586	178.81
448.95	177.73
449.315	176.76
449.679	183.01
450.043	184.73
450.407	186.02
450.772	191.83
451.136	187.2
451.5	188.6
451.864	195.17
452.228	199.36
452.592	198.07
452.956	197.64
453.32	194.52
453.684	202.16
454.047	207.97
454.411	206.36
454.775	202.7
455.139	208.72
455.503	205.5
455.866	203.99
456.23	203.13
456.594	194.52
456.957	190.54
457.321	193.66
457.684	193.77
458.048	197.96
458.411	198.93
458.775	191.18
459.138	190.32
459.501	190.22
459.865	191.51
460.228	194.95
460.591	191.72
460.955	189.14
461.318	195.17
461.681	200.01
462.044	201.08
462.407	196.78
462.77	193.87
463.133	187.53
463.496	183.65
463.859	185.8
464.222	181.39
464.585	186.77
464.948	182.14
465.311	177.95
465.674	182.36
466.036	187.2
466.399	189.35
466.762	193.34
467.124	187.2
467.487	192.69
467.85	197.1
468.212	193.55
468.575	193.55
468.937	182.68
469.3	177.84
469.662	179.88
470.024	177.3
470.387	170.85
470.749	184.4
471.111	181.07
471.474	185.37
471.836	185.27
472.198	187.42
472.56	191.18
472.922	195.92
473.284	183.33
473.646	185.16
474.008	189.68
474.37	190.11
474.732	180.64
475.094	177.73
475.456	179.99
475.818	181.07
476.18	179.02
476.542	171.6
476.903	169.88
477.265	173.54
477.627	172.14
477.988	175.69
478.35	175.69
478.711	176.76
479.073	175.04
479.435	182.36
479.796	189.79
480.157	194.2
480.519	185.05
480.88	186.13
481.241	189.35
481.603	193.87
481.964	193.66
482.325	187.85
482.686	186.45
483.048	188.82
483.409	186.02
483.77	183.11
484.131	187.42
484.492	185.7
484.853	185.91
485.214	189.89
485.575	191.83
485.936	194.63
486.296	193.55
486.657	195.81
487.018	195.7
487.379	197.32
487.739	193.34
488.1	189.35
488.461	186.23
488.821	194.84
489.182	189.57
489.542	186.23
489.903	192.69
490.263	191.08
490.624	194.09
490.984	196.24
491.345	185.05
491.705	186.34
492.065	187.53
492.425	181.28
492.786	183.65
493.146	185.7
493.506	192.15
493.866	197.32
494.226	199.79
494.586	199.58
494.946	202.91
495.306	203.56
495.666	204.74
496.026	207.22
496.386	217.33
496.746	215.61
497.106	215.61
497.465	214.75
497.825	214.86
498.185	210.88
498.544	204.53
498.904	196.56
499.264	194.3
499.623	196.67
499.983	195.6
500.342	196.35
500.702	203.13
501.061	202.38
501.42	206.36
501.78	209.37
502.139	214.97
502.498	218.73
502.858	217.44
503.217	212.6
503.576	225.3
503.935	222.5
504.294	223.36
504.653	221.64
505.012	217.55
505.371	222.07
505.73	218.84
506.089	203.99
506.448	207.65
506.807	204.53
507.166	200.87
507.524	207.22
507.883	205.6
508.242	214.64
508.601	213.35
508.959	211.2
509.318	218.09
509.676	216.15
510.035	209.48
510.393	208.83
510.752	207.22
511.11	212.17
511.469	219.59
511.827	223.04
512.185	228.42
512.544	234.55
512.902	236.49
513.26	235.73
513.618	237.46
513.976	235.84
514.334	225.19
514.692	226.8
515.05	224.44
515.408	220.02
515.766	218.95
516.124	219.49
516.482	216.37
516.84	217.01
517.198	215.93
517.556	214
517.913	218.52
518.271	222.18
518.629	220.56
518.986	221.1
519.344	226.8
519.701	228.53
520.059	237.89
520.416	238.96
520.774	241.65
521.131	248.54
521.489	252.31
521.846	253.71
522.203	253.17
522.561	250.8
522.918	250.05
523.275	247.36
523.632	250.15
523.989	249.4
524.346	250.15
524.703	255.21
525.06	256.83
525.417	260.06
525.774	266.3
526.131	265.11
526.488	267.37
526.845	263.71
527.202	259.73
527.559	255.64
527.915	257.04
528.272	252.31
528.629	248.76
528.985	248
529.342	252.2
529.698	255
530.055	261.24
530.411	262.31
530.768	262.1
531.124	264.79
531.48	266.62
531.837	267.26
532.193	269.31
532.549	265.54
532.906	257.8
533.262	256.5
533.618	256.29
533.974	251.34
534.33	251.45
534.686	248.11
535.042	252.31
535.398	262.1
535.754	265.65
536.11	261.13
536.466	261.56
536.821	259.84
537.177	259.95
537.533	256.83
537.889	255.54
538.244	254.67
538.6	252.95
538.955	255.43
539.311	260.49
539.667	265.33
540.022	268.23
540.377	267.05
540.733	269.85
541.088	272.54
541.444	268.99
541.799	271.03
542.154	265.11
542.509	262.31
542.864	260.92
543.22	259.95
543.575	263.71
543.93	266.08
544.285	264.68
544.64	267.26
544.995	267.26
545.35	266.83
545.705	260.38
546.059	260.59
546.414	260.81
546.769	255.54
547.124	259.19
547.478	259.41
547.833	263.07
548.188	271.03
548.542	272.86
548.897	272.54
549.251	275.77
549.606	275.23
549.96	273.72
550.315	274.26
550.669	272.75
551.023	268.13
551.378	271.89
551.732	271.25
552.086	277.38
552.44	277.92
552.794	276.63
553.148	273.83
553.502	278.89
553.856	277.38
554.21	276.63
554.564	271.03
554.918	273.61
555.272	274.15
555.626	275.98
555.98	307.19
556.334	308.26
556.687	304.82
557.041	301.7
557.395	303.96
557.748	306
558.102	307.19
558.455	275.55
558.809	272.75
559.162	278.13
559.516	282.98
559.869	285.24
560.222	283.73
560.576	283.08
560.929	285.02
561.282	290.72
561.635	296.32
561.988	293.41
562.342	293.09
562.695	293.84
563.048	296.1
563.401	295.24
563.754	290.19
564.107	289.97
564.459	292.98
564.812	290.94
565.165	297.29
565.518	300.3
565.871	297.93
566.223	304.39
566.576	302.35
566.929	301.59
567.281	303.31
567.634	299.55
567.986	300.95
568.339	311.28
568.691	316.87
569.044	316.44
569.396	317.73
569.748	315.91
570.1	317.95
570.453	323.11
570.805	321.07
571.157	323.33
571.509	332.8
571.861	328.82
572.213	330.76
572.565	332.26
572.917	329.89
573.269	332.15
573.621	322.68
573.973	316.12
574.325	320.96
574.677	327.85
575.028	331.72
575.38	331.62
575.732	325.37
576.083	328.17
576.435	334.09
576.786	334.31
577.138	327.74
577.489	318.92
577.841	315.47
578.192	311.06
578.543	311.82
578.895	306.87
579.246	307.73
579.597	310.85
579.948	323.76
580.3	323.87
580.651	329.14
581.002	326.02
581.353	328.82
581.704	329.89
582.055	327.31
582.406	315.8
582.757	314.08
583.107	315.58
583.458	313.21
583.809	309.34
584.16	305.68
584.51	305.79
584.861	309.66
585.212	307.83
585.562	311.28
585.913	316.44
586.263	317.2
586.614	320.64
586.964	321.61
587.315	315.26
587.665	318.06
588.015	304.28
588.365	306.44
588.716	299.55
589.066	298.79
589.416	298.36
589.766	296
590.116	297.07
590.466	312.57
590.816	314.29
591.166	319.24
591.516	315.47
591.866	319.03
592.216	327.1
592.566	326.02
592.915	324.51
593.265	316.44
593.615	317.52
593.964	319.67
594.314	309.99
594.663	307.3
595.013	304.82
595.362	295.89
595.712	293.74
596.061	293.84
596.411	299.12
596.76	305.25
597.109	307.19
597.458	311.49
597.808	317.95
598.157	319.03
598.506	318.49
598.855	307.4
599.204	310.85
599.553	319.89
599.902	314.61
600.251	315.8
600.6	314.29
600.949	318.7
601.297	326.45
601.646	323.01
601.995	311.92
602.344	318.06
602.692	312.68
603.041	319.89
603.389	319.03
603.738	317.41
604.086	320.42
604.435	319.89
604.783	314.4
605.132	319.99
605.48	316.44
605.828	313.43
606.177	315.69
606.525	312.89
606.873	314.61
607.221	321.5
607.569	316.66
607.917	318.38
608.265	315.8
608.613	317.84
608.961	318.92
609.309	323.87
609.657	320.53
610.005	318.06
610.352	317.73
610.7	315.58
611.048	315.69
611.395	305.57
611.743	301.59
612.091	303.31
612.438	307.3
612.786	310.42
613.133	311.82
613.48	309.02
613.828	311.6
614.175	310.09
614.522	310.42
614.87	313.21
615.217	315.8
615.564	320.32
615.911	313.11
616.258	316.66
616.605	313.43
616.952	314.51
617.299	317.52
617.646	313.43
617.993	314.08
618.34	319.13
618.687	322.04
619.033	344.74
619.38	339.69
619.727	333.02
620.073	327.42
620.42	323.76
620.767	332.37
621.113	332.48
621.459	312.68
621.806	315.37
622.152	312.03
622.499	316.55
622.845	323.87
623.191	317.09
623.537	321.5
623.884	321.61
624.23	320.53
624.576	322.04
624.922	318.7
625.268	316.44
625.614	319.99
625.96	315.47
626.306	313.65
626.652	313.43
626.998	313.86
627.343	316.55
627.689	315.04
628.035	317.84
628.38	316.98
628.726	312.35
629.072	317.41
629.417	319.13
629.763	325.27
630.108	322.79
630.453	316.55
630.799	313.75
631.144	319.03
631.489	314.72
631.835	315.04
632.18	311.82
632.525	306.97
632.87	304.5
633.215	301.27
633.56	299.44
633.905	297.18
634.25	296.1
634.595	284.59
634.94	285.77
635.285	283.73
635.63	284.38
635.974	283.73
636.319	281.79
636.664	281.15
637.008	284.38
637.353	282.01
637.698	284.05
638.042	281.68
638.387	279.1
638.731	279.96
639.075	277.38
639.42	278.89
639.764	280.5
640.108	277.06
640.452	279.64
640.797	276.63
641.141	280.29
641.485	281.68
641.829	276.63
642.173	272.22
642.517	274.26
642.861	271.14
643.205	277.92
643.549	267.8
643.892	265.97
644.236	269.2
644.58	277.49
644.923	271.68
645.267	272.22
645.611	266.19
645.954	265.33
646.298	263.28
646.641	254.78
646.985	246.71
647.328	241.55
647.671	240.9
648.015	243.91
648.358	242.62
648.701	243.7
649.044	251.77
649.387	255.43
649.731	266.51
650.074	269.42
650.417	266.83
650.76	267.26
651.102	264.9
651.445	266.62
651.788	266.4
652.131	262.31
652.474	261.99
652.816	264.9
653.159	271.35
653.502	269.96
653.844	261.02
654.187	260.49
654.529	255.21
654.872	250.69
655.214	248.11
655.557	245.1
655.899	249.62
656.241	255.1
656.583	253.6
656.926	259.19
657.268	264.25
657.61	260.27
657.952	262.21
658.294	267.7
658.636	266.62
658.978	267.26
659.32	257.04
659.662	255.75
660.004	261.56
660.345	252.74
660.687	244.77
661.029	244.67
661.371	238.96
661.712	238.64
662.054	237.89
662.395	238.43
662.737	236.7
663.078	232.08
663.42	234.87
663.761	233.58
664.102	241.01
664.444	235.52
664.785	229.6
665.126	229.71
665.467	225.3
665.808	218.19
666.149	226.8
666.49	221.64
666.831	220.67
667.172	227.45
667.513	235.95
667.854	243.91
668.195	242.62
668.535	236.92
668.876	237.56
669.217	239.72
669.557	228.85
669.898	221.85
670.239	221.32
670.579	231.22
670.92	231.22
671.26	232.18
671.6	237.03
671.941	261.67
672.281	260.38
672.621	252.85
672.961	244.13
673.302	242.08
673.642	243.59
673.982	238.43
674.322	218.3
674.662	221.1
675.002	222.07
675.342	224.76
675.682	225.4
676.021	218.84
676.361	216.58
676.701	247.46
677.041	254.35
677.38	253.92
677.72	254.24
678.059	250.37
678.399	250.91
678.738	252.09
679.078	218.95
679.417	209.91
679.756	212.06
680.096	206.68
680.435	206.14
680.774	211.74
681.113	210.23
681.453	210.66
681.792	211.09
682.131	216.47
682.47	218.3
682.809	220.88
683.148	218.95
683.486	222.82
683.825	229.28
684.164	229.6
684.503	216.26
684.841	217.55
685.18	214.86
685.519	212.71
685.857	207.54
686.196	200.12
686.534	197.1
686.873	198.5
687.211	197.53
687.549	203.67
687.888	205.5
688.226	210.12
688.564	210.23
688.902	212.28
689.24	225.83
689.578	223.68
689.917	221.64
690.255	220.24
690.592	218.3
690.93	221.1
691.268	220.99
691.606	215.5
691.944	235.09
692.282	230.78
692.619	230.46
692.957	231.43
693.294	226.91
693.632	225.51
693.97	222.5
694.307	202.91
694.644	203.88
694.982	216.9
695.319	217.66
695.656	215.83
695.994	220.24
696.331	224.44
696.668	229.39
697.005	230.03
697.342	214.64
697.679	215.29
698.016	217.33
698.353	211.74
698.69	207.11
699.027	206.68
699.364	201.41
699.7	200.98
700.037	199.25
700.374	199.47
700.71	197.32
701.047	196.24
701.384	189.57
701.72	192.37
702.057	195.6
702.393	194.3
702.729	195.17
703.066	197.64
703.402	196.24
703.738	199.25
704.074	193.66
704.41	198.72
704.747	197.21
705.083	189.46
705.419	185.59
705.755	185.27
706.091	180.42
706.426	187.31
706.762	179.02
707.098	177.3
707.434	184.3
707.769	192.37
708.105	191.51
708.441	195.92
708.776	199.9
709.112	200.65
709.447	205.17
709.783	203.56
710.118	199.25
710.453	198.07
710.789	195.92
711.124	191.94
711.459	196.24
711.794	191.51
712.129	192.8
712.464	191.18
712.799	192.15
713.134	190.65
713.469	195.38
713.804	189.79
714.139	185.16
714.474	178.49
714.809	176.66
715.143	178.7
715.478	182.14
715.813	176.76
716.147	179.02
716.482	186.02
716.816	190.86
717.151	193.77
717.485	196.89
717.819	196.03
718.154	199.04
718.488	195.7
718.822	196.03
719.156	191.18
719.491	197.96
719.825	195.92
720.159	191.51
720.493	188.17
720.827	190.75
721.161	181.61
721.494	183.01
721.828	183.54
722.162	181.39
722.496	182.68
722.829	184.51
723.163	186.34
723.497	194.3
723.83	201.41
724.164	194.41
724.497	199.25
724.83	197.53
725.164	197.86
725.497	198.18
725.83	197.21
726.164	192.37
726.497	195.17
726.83	193.44
727.163	203.02
727.496	201.95
727.829	198.72
728.162	198.18
728.495	193.87
728.828	190.43
729.16	186.66
729.493	176.76
729.826	178.49
730.159	182.79
730.491	185.48
730.824	190.43
731.156	187.96
731.489	186.56
731.821	191.51
732.154	192.04
732.486	194.41
732.818	191.94
733.151	191.18
733.483	191.51
733.815	198.18
734.147	196.13
734.479	197.1
734.811	190.22
735.143	188.06
735.475	184.08
735.807	192.58
736.139	190.54
736.471	181.07
736.803	179.67
737.134	178.06
737.466	180.32
737.798	187.31
738.129	187.74
738.461	183.33
738.792	196.03
739.124	192.15
739.455	187.85
739.786	183.97
740.118	178.38
740.449	171.49
740.78	176.55
741.111	178.81
741.442	177.95
741.773	184.62
742.104	188.82
742.435	197.21
742.766	197.43
743.097	197
743.428	198.93
743.759	196.67
744.09	199.79
744.42	201.51
744.751	193.87
745.081	197.96
745.412	197.32
745.743	190.43
746.073	194.09
746.403	193.44
746.734	189.57
747.064	192.26
747.394	187.53
747.725	187.09
748.055	185.16
748.385	190.43
748.715	186.66
749.045	183.97
749.375	185.59
749.705	184.08
750.035	185.91
750.365	186.13
750.695	179.13
751.024	180.96
751.354	183.87
751.684	180.42
752.013	182.58
752.343	185.05
752.673	186.56
753.002	188.39
753.331	183.65
753.661	185.37
753.99	188.39
754.32	191.29
754.649	183.11
754.978	183.54
755.307	186.34
755.636	187.42
755.965	182.14
756.294	182.47
756.623	180.21
756.952	182.36
757.281	181.61
757.61	178.27
757.939	181.39
758.267	190.86
758.596	194.3
758.925	191.18
759.253	202.91
759.582	209.37
759.91	205.71
760.239	205.17
760.567	202.16
760.896	196.35
761.224	203.88
761.552	193.87
761.881	187.53
762.209	193.23
762.537	200.44
762.865	199.47
763.193	200.33
763.521	200.33
763.849	202.91
764.177	205.6
764.505	208.94
764.832	201.08
765.16	200.87
765.488	205.82
765.815	200.98
766.143	201.84
766.471	196.24
766.798	193.01
767.126	196.56
767.453	200.01
767.78	195.06
768.108	199.04
768.435	191.94
768.762	196.56
769.089	205.07
769.417	201.62
769.744	200.44
770.071	200.12
770.398	201.3
770.725	203.02
771.052	202.7
771.378	190.43
771.705	188.17
772.032	189.14
772.359	192.91
772.685	189.03
773.012	194.63
773.338	194.84
773.665	195.92
773.991	197.64
774.318	201.19
774.644	197.96
774.971	199.25
775.297	196.78
775.623	198.72
775.949	203.02
776.275	204.53
776.601	198.93
776.927	191.18
777.253	184.73
777.579	184.94
777.905	181.82
778.231	173.64
778.557	174.72
778.883	177.09
779.208	182.04
779.534	187.2
779.86	188.92
780.185	188.49
780.511	192.58
780.836	192.04
781.162	187.2
781.487	190.54
781.812	191.61
782.138	186.13
782.463	183.11
782.788	190.86
783.113	190.43
783.438	193.01
783.763	194.63
784.088	192.91
784.413	200.01
784.738	207.54
785.063	198.07
785.388	196.78
785.712	193.55
786.037	191.4
786.362	192.37
786.686	192.26
787.011	189.68
787.335	194.95
787.66	203.02
787.984	210.23
788.308	217.23
788.633	219.49
788.957	219.7
789.281	218.52
789.605	215.5
789.93	210.98
790.254	206.36
790.578	194.09
790.902	192.69
791.225	193.66
791.549	198.39
791.873	203.67
792.197	202.48
792.521	205.71
792.844	210.23
793.168	211.74
793.492	203.88
793.815	197.43
794.139	192.48
794.462	194.74
794.785	192.8
795.109	195.81
795.432	193.87
795.755	198.29
796.078	200.76
796.401	211.31
796.725	214.32
797.048	210.98
797.371	213.35
797.694	207.43
798.016	209.05
798.339	202.48
798.662	198.5
798.985	192.69
799.308	189.79
799.63	187.96
799.953	188.28
800.275	186.56
800.598	190.75
800.92	185.05
801.243	191.08
801.565	197.96
801.887	199.36
802.21	211.95
802.532	208.29
802.854	210.98
803.176	216.47
803.498	210.23
803.82	209.91
804.142	211.95
804.464	208.62
804.786	215.18
805.108	222.18
805.429	218.62
805.751	223.68
806.073	223.57
806.394	217.23
806.716	220.13
807.038	221.85
807.359	213.35
807.68	211.41
808.002	207.11
808.323	213.03
808.644	216.04
808.966	212.28
809.287	207.97
809.608	214.64
809.929	227.23
810.25	229.49
810.571	227.56
810.892	226.27
811.213	227.34
811.534	228.96
811.854	223.57
812.175	214.54
812.496	218.19
812.816	216.37
813.137	222.28
813.458	221.53
813.778	218.09
814.098	227.34
814.419	230.14
814.739	236.7
815.059	235.95
815.38	236.6
815.7	241.55
816.02	249.4
816.34	247.25
816.66	252.52
816.98	255.64
817.3	271.03
817.62	278.67
817.94	285.88
818.26	289.86
818.579	301.05
818.899	310.95
819.219	308.26
819.538	303.31
819.858	304.5
820.177	306.76
820.497	312.46
820.816	316.23
821.135	318.06
821.455	323.22
821.774	331.19
822.093	338.07
822.412	339.36
822.731	344.64
823.05	341.19
823.369	337.86
823.688	340.98
824.007	334.41
824.326	327.96
824.645	327.63
824.963	318.49
825.282	321.18
825.601	321.72
825.919	310.95
826.238	310.85
826.556	331.4
826.875	328.39
827.193	324.73
827.511	315.47
827.83	309.99
828.148	316.01
828.466	316.01
828.784	297.83
829.102	296.86
829.42	305.14
829.738	316.01
830.056	321.39
830.374	324.08
830.692	330
831.01	335.17
831.327	342.59
831.645	349.48
831.963	354.75
832.28	358.09
832.598	367.56
832.915	375.84
833.233	384.56
833.55	391.66
833.867	394.68
834.185	399.09
834.502	403.93
834.819	405.01
835.136	401.56
835.453	402.75
835.77	406.3
836.087	405.65
836.404	404.04
836.721	409.1
837.038	414.15
837.355	425.99
837.671	431.05
837.988	435.89
838.305	447.73
838.621	463.65
838.938	475.81
839.254	499.49
839.571	526.28
839.887	556.74
840.203	589.34
840.52	632.5
840.836	677.8
841.152	734.83
841.468	791.87
841.784	861.17
842.1	939.29
842.416	1037.22
842.732	1125.89
843.048	1221.88
843.364	1316.69
843.679	1412.03
843.995	1493.6
844.311	1577.43
844.626	1648.45
844.942	1722.06
845.257	1784.9
845.573	1838.81
845.888	1895.52
846.203	1959.23
846.519	2006.47
846.834	2045.64
847.149	2090.52
847.464	2122.37
847.779	2152.82
848.094	2175.85
848.409	2184.03
848.724	2188.66
849.039	2181.34
849.354	2157.99
849.669	2141.2
849.983	2129.69
850.298	2096.11
850.613	2056.19
850.927	2021.43
851.242	1984.52
851.556	1955.25
851.871	1927.16
852.185	1886.38
852.499	1855.71
852.814	1846.24
853.128	1865.18
853.442	1883.47
853.756	1887.56
854.07	1901.01
854.384	1928.56
854.698	1973.11
855.012	2012.71
855.326	2025.09
855.64	2062.97
855.953	2123.98
856.267	2174.77
856.581	2211.04
856.894	2231.16
857.208	2264.2
857.521	2280.34
857.835	2282.71
858.148	2270.33
858.461	2263.23
858.775	2265.28
859.088	2269.8
859.401	2253.76
859.714	2252.79
860.027	2270.55
860.34	2298.2
860.653	2339.85
860.966	2382.36
861.279	2455.1
861.592	2563.47
861.904	2678.29
862.217	2802.25
862.53	2967.22
862.842	3128.53
863.155	3339.77
863.467	3552.52
863.78	3766.77
864.092	4015.35
864.405	4287.71
864.717	4572.88
865.029	4869.57
865.341	5160.98
865.653	5465.94
865.966	5771.02
866.278	6075.99
866.589	6380.1
866.901	6648.48
867.213	6926.87
867.525	7192.02
867.837	7433.5
868.149	7655.39
868.46	7858.35
868.772	8053.34
869.083	8212.07
869.395	8368.64
869.706	8516.71
870.018	8667.26
870.329	8803.39
870.64	8945.65
870.952	9078.76
871.263	9232.32
871.574	9362.96
871.885	9483.92
872.196	9615.2
872.507	9783.72
872.818	9918.88
873.129	10024.66
873.44	10137.44
873.75	10239.67
874.061	10330.49
874.372	10370.63
874.682	10360.95
874.993	10349.11
875.303	10307.89
875.614	10249.57
875.924	10149.38
876.235	10034.02
876.545	9914.36
876.855	9766.18
877.165	9557.42
877.475	9358.55
877.786	9100.18
878.096	8820.6
878.406	8494.01
878.715	8138.46
879.025	7788.08
879.335	7453.62
879.645	7079.89
879.955	6707.77
880.264	6392.37
880.574	6069.64
880.883	5765.32
881.193	5474.98
881.502	5205.42
881.812	4963.51
882.121	4766.8
882.43	4568.58
882.74	4442.24
883.049	4364.44
883.358	4302.03
883.667	4291.7
883.976	4333.99
884.285	4430.41
884.594	4558.03
884.903	4699.65
885.212	4892.27
885.52	5150.54
885.829	5426.88
886.138	5763.06
886.446	6127
886.755	6534.2
887.063	7045.46
887.372	7598.25
887.68	8217.77
887.988	8956.84
888.297	9740.79
888.605	10651.71
888.913	11716.84
889.221	12802.74
889.529	14070.18
889.837	15415.86
890.145	16897.66
890.453	18556.7
890.761	20222.83
891.069	21940.52
891.377	23820.05
891.684	25692.05
891.992	27565.44
892.299	29344.04
892.607	31043.75
892.914	32773.59
893.222	34405.51
893.529	35928.42
893.837	37282.27
894.144	38498.92
894.451	39589.34
894.758	40443.99
895.065	41157.34
895.372	41723.8
895.679	42006.5
895.986	42315.45
896.293	42334.71
896.6	42141.65
896.907	41864.56
897.213	41401.62
897.52	40710.32
897.827	39849.76
898.133	38665.93
898.44	37555.07
898.746	36391.15
899.053	35144.58
899.359	33791.38
899.665	32427.41
899.972	31125.75
900.278	29802.24
900.584	28487.56
900.89	27186.33
901.196	25884.24
901.502	24634.66
901.808	23457.4
902.114	22327.49
902.419	21283.12
902.725	20298.38
903.031	19421.24
903.337	18668.5
903.642	18028
903.948	17500.17
904.253	17148.5
904.559	16992.68
904.864	16922.95
905.169	17039.27
905.475	17267.63
905.78	17607.57
906.085	18051.14
906.39	18584.14
906.695	19112.29
907	19738.26
907.305	20404.7
907.61	21028.62
907.915	21682.14
908.219	22331.79
908.524	22922.14
908.829	23463.96
909.133	23996.1
909.438	24366.6
909.743	24790.59
910.047	25089.43
910.351	25330.26
910.656	25517.5
910.96	25660.19
911.264	25783.09
911.568	25864.76
911.873	25882.63
912.177	25955.16
912.481	26050.18
912.785	26228.27
913.088	26424.88
913.392	26587.69
913.696	26809.05
914	27092.06
914.304	27403.06
914.607	27761.94
914.911	28063.57
915.214	28488.96
915.518	28934.36
915.821	29395.15
916.124	29848.09
916.428	30248.51
916.731	30667.54
917.034	31062.04
917.337	31253.05
917.64	31520.14
917.943	31746.99
918.246	31866.86
918.549	31950.8
918.852	31940.69
919.155	32027.85
919.458	32179.69
919.76	32363.6
920.063	32534.27
920.366	32857.64
920.668	33405.38
920.971	33999.71
921.273	34701.12
921.576	35574.81
921.878	36344.55
922.18	37478.88
922.482	38673.36
922.784	39908.41
923.087	41409.26
923.389	42933.03
923.691	44567.96
923.992	46364.95
924.294	48101.57
924.596	49940.43
924.898	51717.41
925.2	53288.31
925.501	54758.92
925.803	56110.73
926.104	57267.54
926.406	58153.29
926.707	58876
927.009	59415.88
927.31	59769.6
927.611	60039.06
927.912	60125.04
928.214	60146.13
928.515	60086.52
928.816	59821.47
929.117	59517.04
929.418	59244.68
929.719	58838.44
930.019	58345.91
930.32	57868.23
930.621	57333.83
930.922	56728.84
931.222	55965.45
931.523	55097.25
931.823	54280.16
932.124	53317.36
932.424	52392.34
932.724	51278.25
933.025	50379.48
933.325	49590.58
933.625	48844.09
933.925	48102.76
934.225	47549.21
934.525	46966.49
934.825	46597.28
935.125	46159.31
935.425	45556.68
935.724	44887.88
936.024	43962
936.324	42962.94
936.623	41979.05
936.923	40783.93
937.222	39384.13
937.522	38222.47
937.821	36969.99
938.12	35759.36
938.42	34497.63
938.719	33016.15
939.018	31828.77
939.317	30768.91
939.616	29558.93
939.915	28426.01
940.214	27565.34
940.513	26732
940.812	26163.71
941.111	25689.03
941.409	25417.96
941.708	25481.02
942.006	25822.26
942.305	26357.19
942.603	27269.62
942.902	28213.05
943.2	29353.29
943.499	30691.32
943.797	32151.93
944.095	33642.01
944.393	35191.93
944.691	36693.64
944.989	38323.41
945.287	39870.53
945.585	41214.48
945.883	42524.21
946.181	43954.25
946.479	45428.95
946.776	47015.35
947.074	48672.02
947.371	50198.05
947.669	51889.48
947.966	53477.38
948.264	54891.92
948.561	55958.89
948.858	56958.27
949.156	57666.46
949.453	58441.58
949.75	58944.87
950.047	59307.09
950.344	59636.06
950.641	59970.08
950.938	60090.39
951.235	60178.95
951.532	60034.97
951.828	59716.76
952.125	59222.62
952.422	58532.18
952.718	57727.26
953.015	56704.52
953.311	55633.04
953.607	54375.18
953.904	53028.54
954.2	51523.81
954.496	49765.02
954.792	47702.34
955.089	45477.16
955.385	42880.83
955.681	40236.3
955.976	37315.63
956.272	34514.52
956.568	31755.81
956.864	29181.44
957.16	26706.92
957.455	24473.35
957.751	22314.25
958.046	20474.54
958.342	18727.58
958.637	17231.47
958.933	15958.32
959.228	15124.99
959.523	14561.21
959.818	14383.87
960.114	14624.27
960.409	15233.46
960.704	16177.74
960.999	17437.11
961.294	18771.49
961.588	20478.95
961.883	22450.38
962.178	24641.66
962.473	27016.84
962.767	29468
963.062	32043.78
963.356	34925.81
963.651	37752.32
963.945	40522.33
964.239	43345.6
964.534	46019.84
964.828	48655.66
965.122	51079.6
965.416	53072.01
965.71	54746.11
966.004	56114.06
966.298	57077.61
966.592	57760.61
966.886	58242.71
967.18	58571.03
967.473	58793.03
967.767	58981.89
968.061	59069.92
968.354	59075.62
968.648	58922.7
968.941	58604.82
969.234	58022.86
969.528	57298.96
969.821	56403.75
970.114	55409.53
970.407	54081.51
970.7	52681.06
970.993	51125.98
971.286	49436.38
971.579	47385.96
971.872	45157.66
972.165	42643.66
972.457	40119.97
972.75	37580.78
973.043	34983.06
973.335	32420.63
973.628	30216.76
973.92	28077.67
974.213	26220.31
974.505	24483.04
974.797	22860.59
975.089	21383.2
975.382	20100.7
975.674	18866.51
975.966	17880.79
976.258	17044.76
976.55	16403.62
976.841	15884.18
977.133	15534.23
977.425	15293.07
977.717	15173.73
978.008	15067.63
978.3	15021.36
978.591	15050.73
978.883	15045.78
979.174	15039.65
979.465	15034.92
979.757	14978.85
980.048	14879.31
980.339	14705.95
980.63	14495.89
980.921	14267.11
981.212	13982.8
981.503	13639.96
981.794	13269.67
982.085	12880.98
982.376	12473.78
982.666	11991.14
982.957	11517.22
983.248	10987.56
983.538	10468.45
983.828	9920.17
984.119	9352.31
984.409	8779.5
984.7	8217.45
984.99	7634.95
985.28	7114.76
985.57	6584.77
985.86	6110.32
986.15	5669.97
986.44	5263.1
986.73	4893.78
987.02	4576
987.309	4292.99
987.599	4080.78
987.889	3888.69
988.178	3732.66
988.468	3611.27
988.757	3522.39
989.047	3440.06
989.336	3372.27
989.625	3285.53
989.915	3226.99
990.204	3187.5
990.493	3147.79
990.782	3110.88
991.071	3077.95
991.36	3039.43
991.649	3014.25
991.938	2959.69
992.226	2910.4
992.515	2862.19
992.804	2801.82
993.092	2746.19
993.381	2671.94
993.669	2584.66
993.958	2509.01
994.246	2417.87
994.534	2319.08
994.823	2224.17
995.111	2115.91
995.399	2016.37
995.687	1920.81
995.975	1824.82
996.263	1729.91
996.551	1629.94
996.839	1542.78
997.126	1455.93
997.414	1379.96
997.702	1314.96
997.989	1243.73
998.277	1181.2
998.564	1127.61
998.852	1072.19
999.139	1027.75
999.426	986.11
999.713	952.32
1000.001	932.52
1000.288	909.59
1000.575	887.1
1000.862	870.21
1001.149	852.78
1001.436	838.79
1001.722	817.91
1002.009	795.1
1002.296	773.57
1002.582	760.23
1002.869	745.6
1003.156	725.69
1003.442	712.34
1003.728	685.87
1004.015	670.59
1004.301	648.75
1004.587	630.34
1004.873	609.68
1005.16	593.76
1005.446	582.56
1005.732	576.97
1006.017	565.35
1006.303	558.57
1006.589	557.38
1006.875	551.79
1007.161	545.33
1007.446	533.28
1007.732	524.89
1008.017	514.45
1008.303	504.98
1008.588	483.13
1008.873	472.91
1009.159	456.77
1009.444	439.77
1009.729	427.17
1010.014	420.72
1010.299	420.72
1010.584	422.55
1010.869	411.79
1011.154	407.16
1011.439	404.58
1011.723	401.67
1012.008	394.25
1012.293	380.15
1012.577	370.68
1012.862	368.96
1013.146	369.17
1013.43	369.5
1013.715	368.63
1013.999	366.7
1014.283	366.27
1014.567	365.08
1014.851	360.89
1015.135	352.82
1015.419	353.25
1015.703	351.63
1015.987	345.93
1016.271	341.19
1016.555	338.5
1016.838	332.15
1017.122	337.75
1017.405	329.46
1017.689	316.87
1017.972	317.09
1018.256	317.95
1018.539	313.32
1018.822	311.39
1019.105	307.94
1019.388	301.92
1019.671	302.45
1019.954	298.04
1020.237	293.41
1020.52	291.37
1020.803	293.63
1021.086	290.94
1021.368	297.93
1021.651	301.97
1021.934	304.3
1022.216	306.49
