339.735	88.75
340.108	71.34
340.482	62.76
340.855	51.35
341.228	34.67
341.602	14.44
341.975	-8.7
342.348	-16.01
342.721	-13.97
343.094	-21.29
343.468	-25.48
343.841	-27.31
344.214	-22.36
344.587	-14.72
344.96	-11.28
345.333	-3.75
345.706	3.89
346.079	17.45
346.452	30.69
346.824	36.5
347.197	45.65
347.57	55.33
347.943	55.12
348.316	62.11
348.688	67.28
349.061	76.21
349.434	87.18
349.806	95.9
350.179	103.11
350.552	114.73
350.924	123.56
351.297	133.78
351.669	134.86
352.042	137.76
352.414	139.7
352.787	143.25
353.159	144.54
353.531	148.42
353.904	146.26
354.276	145.73
354.648	144.76
355.02	146.59
355.393	145.83
355.765	142.71
356.137	142.82
356.509	145.51
356.881	150.78
357.253	151.32
357.625	148.95
357.997	145.62
358.369	145.73
358.741	141.96
359.113	140.02
359.485	149.71
359.857	150.35
360.229	151.86
360.6	158.53
360.972	161.44
361.344	168.32
361.716	170.8
362.087	151.54
362.459	147.23
362.831	147.45
363.202	139.05
363.574	137.33
363.945	131.41
364.317	128.83
364.688	134.53
365.06	140.78
365.431	140.78
365.803	146.26
366.174	142.6
366.545	137.55
366.917	135.07
367.288	127.32
367.659	123.99
368.03	120.22
368.402	121.94
368.773	122.48
369.144	123.02
369.515	126.68
369.886	133.89
370.257	136.69
370.628	140.56
370.999	139.59
371.37	145.73
371.741	154.98
372.112	153.47
372.483	150.03
372.853	152.83
373.224	150.68
373.595	151.54
373.966	149.28
374.336	144.86
374.707	142.5
375.078	149.28
375.448	169.18
375.819	173.81
376.19	171.98
376.56	171.55
376.931	169.08
377.301	167.14
377.671	158.53
378.042	133.57
378.412	135.83
378.783	140.67
379.153	140.24
379.523	141.64
379.893	143.14
380.264	148.09
380.634	149.71
381.004	145.4
381.374	142.6
381.744	140.02
382.114	147.66
382.484	154.66
382.854	160.47
383.224	162.3
383.594	160.79
383.964	159.5
384.334	159.07
384.704	160.36
385.074	152.5
385.444	147.02
385.814	152.07
386.183	155.2
386.553	155.2
386.923	158.1
387.292	153.58
387.662	157.89
388.032	160.79
388.401	160.15
388.771	158.1
389.14	159.5
389.51	159.28
389.879	161.22
390.248	160.58
390.618	157.78
390.987	151.11
391.356	148.85
391.726	148.85
392.095	148.74
392.464	142.82
392.833	144.76
393.203	139.7
393.572	141.1
393.941	145.62
394.31	146.59
394.679	144.86
395.048	144.76
395.417	139.05
395.786	149.38
396.155	146.59
396.524	172.41
396.893	171.12
397.261	176.07
397.63	177.58
397.999	180.38
398.368	179.3
398.736	178.87
399.105	168.22
399.474	166.92
399.842	165.63
400.211	171.23
400.579	173.17
400.948	170.05
401.317	173.49
401.685	157.45
402.053	160.25
402.422	161.33
402.79	153.37
403.158	151.43
403.527	152.4
403.895	149.49
404.263	149.06
404.632	150.24
405	146.69
405.368	145.4
405.736	148.2
406.104	151.43
406.472	155.52
406.84	153.15
407.208	153.26
407.576	167.03
407.944	175.53
408.312	173.7
408.68	167.25
409.048	167.89
409.415	167.25
409.783	164.02
410.151	155.63
410.519	148.09
410.886	151.32
411.254	155.52
411.622	150.68
411.989	149.17
412.357	150.03
412.724	147.12
413.092	150.24
413.459	148.42
413.827	139.48
414.194	143.36
414.561	148.63
414.929	153.04
415.296	151.21
415.663	152.07
416.03	153.37
416.398	163.8
416.765	166.06
417.132	166.92
417.499	158.21
417.866	157.24
418.233	154.44
418.6	155.73
418.967	149.38
419.334	150.78
419.701	150.03
420.068	152.5
420.435	152.29
420.802	155.41
421.168	151.86
421.535	154.23
421.902	150.24
422.269	147.55
422.635	149.71
423.002	148.95
423.369	149.6
423.735	147.66
424.102	144.54
424.468	144.11
424.835	146.69
425.201	147.55
425.567	150.46
425.934	148.52
426.3	152.4
426.667	158.42
427.033	161.54
427.399	160.9
427.765	160.47
428.131	156.92
428.498	156.7
428.864	158.53
429.23	155.73
429.596	152.72
429.962	153.04
430.328	153.15
430.694	161.76
431.06	161.65
431.426	165.63
431.792	170.48
432.157	173.92
432.523	172.63
432.889	177.79
433.255	176.39
433.62	179.62
433.986	175.64
434.352	169.29
434.717	164.02
435.083	170.69
435.448	163.16
435.814	159.93
436.179	158.1
436.545	156.7
436.91	156.38
437.276	157.67
437.641	153.8
438.006	156.06
438.372	162.94
438.737	161.97
439.102	162.73
439.467	167.36
439.832	169.4
440.197	166.39
440.563	166.92
440.928	162.19
441.293	168.65
441.658	171.98
442.023	170.58
442.387	172.95
442.752	172.41
443.117	178.01
443.482	182.1
443.847	183.17
444.212	187.16
444.576	190.06
444.941	195.23
445.306	199.64
445.67	196.3
446.035	195.12
446.399	190.38
446.764	189.95
447.128	187.48
447.493	181.34
447.857	182.74
448.222	181.67
448.586	185.76
448.95	186.19
449.315	182.1
449.679	185.86
450.043	181.77
450.407	178.65
450.772	187.91
451.136	188.77
451.5	195.76
451.864	200.39
452.228	198.56
452.592	204.37
452.956	208.35
453.32	203.4
453.684	197.16
454.047	191.68
454.411	188.77
454.775	190.06
455.139	191.35
455.503	187.59
455.866	190.71
456.23	192.86
456.594	189.09
456.957	188.45
457.321	190.6
457.684	188.77
458.048	196.09
458.411	191.03
458.775	186.83
459.138	196.63
459.501	196.09
459.865	192.21
460.228	195.44
460.591	200.39
460.955	199.85
461.318	204.05
461.681	195.76
462.044	195.98
462.407	193.83
462.77	191.46
463.133	184.25
463.496	190.92
463.859	190.6
464.222	194.26
464.585	195.33
464.948	198.99
465.311	197.06
465.674	192
466.036	181.34
466.399	185.76
466.762	179.62
467.124	171.87
467.487	175.64
467.85	174.35
468.212	176.39
468.575	178.12
468.937	170.15
469.3	176.07
469.662	178.65
470.024	175.21
470.387	170.8
470.749	178.98
471.111	182.1
471.474	185.43
471.836	179.73
472.198	178.87
472.56	177.04
472.922	189.2
473.284	181.99
473.646	179.62
474.008	175.53
474.37	182.85
474.732	187.69
475.094	186.72
475.456	181.13
475.818	181.67
476.18	177.26
476.542	176.29
476.903	172.95
477.265	170.69
477.627	173.7
477.988	183.07
478.35	181.67
478.711	186.94
479.073	190.71
479.435	187.05
479.796	186.83
480.157	184.68
480.519	181.24
480.88	182.1
481.241	178.87
481.603	180.48
481.964	184.79
482.325	183.17
482.686	183.93
483.048	175.96
483.409	178.87
483.77	180.7
484.131	181.88
484.492	179.73
484.853	180.48
485.214	180.16
485.575	181.88
485.936	183.28
486.296	188.12
486.657	188.77
487.018	193.72
487.379	190.49
487.739	194.9
488.1	198.78
488.461	192.64
488.821	189.85
489.182	187.69
489.542	183.5
489.903	205.23
490.263	198.56
490.624	196.09
490.984	196.63
491.345	197.06
491.705	196.3
492.065	190.71
492.425	180.16
492.786	183.5
493.146	181.88
493.506	188.98
493.866	191.14
494.226	195.01
494.586	203.3
494.946	201.04
495.306	203.84
495.666	203.84
496.026	200.18
496.386	206.53
496.746	206.96
497.106	205.66
497.465	202.87
497.825	196.41
498.185	199.85
498.544	192.21
498.904	180.59
499.264	177.36
499.623	183.5
499.983	181.99
500.342	189.31
500.702	192.75
501.061	205.77
501.42	210.94
501.78	215.56
502.139	212.98
502.498	215.13
502.858	210.4
503.217	202.65
503.576	204.59
503.935	206.2
504.294	204.91
504.653	212.98
505.012	213.95
505.371	223.64
505.73	230.41
506.089	223.74
506.448	224.39
506.807	221.27
507.166	213.2
507.524	221.05
507.883	216.53
508.242	218.36
508.601	219.01
508.959	222.99
509.318	230.41
509.676	230.95
510.035	224.6
510.393	224.28
510.752	223.1
511.11	221.48
511.469	213.84
511.827	209
512.185	209.65
512.544	203.62
512.902	207.92
513.26	205.45
513.618	206.2
513.976	211.37
514.334	215.46
514.692	215.67
515.05	222.24
515.408	218.58
515.766	219.33
516.124	220.08
516.482	219.01
516.84	214.81
517.198	217.82
517.556	218.58
517.913	222.02
518.271	224.07
518.629	224.82
518.986	226.43
519.344	231.81
519.701	232.14
520.059	232.89
520.416	227.62
520.774	222.45
521.131	222.88
521.489	226.11
521.846	220.51
522.203	223.42
522.561	227.08
522.918	232.35
523.275	244.4
523.632	250.97
523.989	247.96
524.346	248.6
524.703	253.34
525.06	255.38
525.417	255.38
525.774	247.85
526.131	249.14
526.488	257.1
526.845	262.7
527.202	262.7
527.559	264.42
527.915	261.3
528.272	266.03
528.629	262.59
528.985	257.86
529.342	259.04
529.698	252.48
530.055	256.56
530.411	258.93
530.768	257.1
531.124	254.95
531.48	249.14
531.837	248.82
532.193	246.66
532.549	240.42
532.906	239.99
533.262	237.3
533.618	234.83
533.974	241.5
534.33	244.94
534.686	246.23
535.042	248.6
535.398	247.96
535.754	247.31
536.11	253.01
536.466	252.91
536.821	248.49
537.177	250.22
537.533	243.87
537.889	252.04
538.244	258.5
538.6	259.58
538.955	256.89
539.311	259.04
539.667	258.93
540.022	259.69
540.377	256.03
540.733	255.27
541.088	252.69
541.444	246.56
541.799	246.34
542.154	247.53
542.509	247.85
542.864	249.35
543.22	247.74
543.575	256.56
543.93	265.39
544.285	259.36
544.64	261.51
544.995	260.01
545.35	251.51
545.705	250.54
546.059	242.47
546.414	241.5
546.769	245.91
547.124	241.18
547.478	242.36
547.833	246.45
548.188	249.25
548.542	246.23
548.897	240.85
549.251	242.9
549.606	242.68
549.96	243.11
550.315	245.7
550.669	246.66
551.023	253.77
551.378	255.49
551.732	250.32
552.086	252.04
552.44	255.92
552.794	255.81
553.148	256.35
553.502	253.34
553.856	254.63
554.21	255.6
554.564	258.5
554.918	259.15
555.272	262.38
555.626	256.24
555.98	284.65
556.334	294.77
556.687	294.98
557.041	289.71
557.395	286.16
557.748	280.88
558.102	284.76
558.455	254.09
558.809	247.53
559.162	248.6
559.516	259.69
559.869	261.84
560.222	267.65
560.576	271.09
560.929	276.9
561.282	275.61
561.635	277.01
561.988	267.22
562.342	264.85
562.695	265.07
563.048	268.29
563.401	265.28
563.754	271.52
564.107	279.49
564.459	284.44
564.812	289.17
565.165	289.6
565.518	286.05
565.871	288.42
566.223	282.18
566.576	278.09
566.929	280.02
567.281	282.61
567.634	282.07
567.986	282.07
568.339	278.62
568.691	281.53
569.044	280.56
569.396	276.8
569.748	276.8
570.1	277.44
570.453	272.81
570.805	281.96
571.157	287.45
571.509	293.8
571.861	295.84
572.213	288.2
572.565	294.87
572.917	302.51
573.269	298.64
573.621	296.7
573.973	294.34
574.325	292.51
574.677	302.08
575.028	294.23
575.38	291.65
575.732	293.04
576.083	295.52
576.435	292.83
576.786	297.35
577.138	294.01
577.489	295.09
577.841	296.06
578.192	293.37
578.543	291.86
578.895	291.54
579.246	294.55
579.597	300.58
579.948	306.5
580.3	304.24
580.651	305.96
581.002	297.24
581.353	297.56
581.704	293.26
582.055	281.31
582.406	277.87
582.757	284.65
583.107	288.09
583.458	298.96
583.809	301.87
584.16	296.81
584.51	298.86
584.861	296.38
585.212	287.99
585.562	286.59
585.913	280.13
586.263	276.69
586.614	278.3
586.964	279.81
587.315	279.59
587.665	287.88
588.015	284.76
588.365	292.51
588.716	290.14
589.066	289.06
589.416	292.51
589.766	289.17
590.116	284.65
590.466	293.04
590.816	292.08
591.166	293.91
591.516	292.4
591.866	288.31
592.216	292.83
592.566	292.72
592.915	289.17
593.265	282.39
593.615	286.05
593.964	294.55
594.314	302.3
594.663	297.46
595.013	293.91
595.362	283.68
595.712	279.49
596.061	278.19
596.411	275.4
596.76	269.26
597.109	271.2
597.458	280.24
597.808	287.02
598.157	295.2
598.506	290.68
598.855	290.14
599.204	294.23
599.553	311.12
599.902	304.24
600.251	307.68
600.6	305.63
600.949	307.57
601.297	305.42
601.646	302.84
601.995	288.2
602.344	290.14
602.692	285.73
603.041	286.16
603.389	286.8
603.738	282.39
604.086	281.75
604.435	285.08
604.783	284.44
605.132	284.65
605.48	285.19
605.828	286.91
606.177	290.89
606.525	296.7
606.873	296.92
607.221	302.41
607.569	300.15
607.917	302.41
608.265	298.75
608.613	297.46
608.961	292.83
609.309	294.34
609.657	283.9
610.005	284.97
610.352	278.84
610.7	285.08
611.048	292.08
611.395	291.11
611.743	283.47
612.091	285.83
612.438	283.68
612.786	290.14
613.133	288.63
613.48	285.73
613.828	284.11
614.175	285.4
614.522	282.5
614.87	285.73
615.217	281.42
615.564	278.95
615.911	277.55
616.258	281.1
616.605	279.49
616.952	290.35
617.299	291.11
617.646	285.51
617.993	283.47
618.34	284.11
618.687	282.18
619.033	310.48
619.38	305.42
619.727	306.82
620.073	314.24
620.42	310.69
620.767	317.26
621.113	317.04
621.459	295.52
621.806	296.7
622.152	296.17
622.499	289.71
622.845	304.34
623.191	302.84
623.537	305.42
623.884	304.45
624.23	302.19
624.576	300.15
624.922	304.88
625.268	295.52
625.614	290.03
625.96	293.37
626.306	283.36
626.652	284.11
626.998	275.5
627.343	271.31
627.689	273.03
628.035	277.33
628.38	269.15
628.726	275.61
629.072	279.16
629.417	283.79
629.763	293.47
630.108	288.85
630.453	279.27
630.799	276.9
631.144	271.41
631.489	264.53
631.835	269.91
632.18	264.96
632.525	261.3
632.87	266.14
633.215	269.8
633.56	274.75
633.905	272.06
634.25	266.46
634.595	258.93
634.94	254.95
635.285	252.58
635.63	250.65
635.974	250.32
636.319	253.44
636.664	254.84
637.008	256.03
637.353	265.5
637.698	265.93
638.042	261.84
638.387	258.07
638.731	258.07
639.075	254.63
639.42	260.76
639.764	261.08
640.108	261.84
640.452	267.86
640.797	271.2
641.141	275.4
641.485	277.98
641.829	277.87
642.173	269.59
642.517	266.46
642.861	261.19
643.205	257.32
643.549	252.48
643.892	256.13
644.236	252.15
644.58	259.25
644.923	255.81
645.267	259.79
645.611	258.29
645.954	259.69
646.298	253.87
646.641	256.56
646.985	252.26
647.328	256.56
647.671	254.41
648.015	257.64
648.358	255.49
648.701	258.5
649.044	254.52
649.387	256.03
649.731	255.27
650.074	253.01
650.417	251.61
650.76	250.75
651.102	253.23
651.445	256.56
651.788	258.29
652.131	258.72
652.474	260.55
652.816	258.39
653.159	257.64
653.502	254.52
653.844	248.92
654.187	246.56
654.529	247.2
654.872	246.13
655.214	244.08
655.557	244.83
655.899	238.92
656.241	238.81
656.583	238.38
656.926	231.71
657.268	236.44
657.61	237.84
657.952	235.58
658.294	245.91
658.636	247.31
658.978	253.66
659.32	257.1
659.662	252.04
660.004	253.87
660.345	253.23
660.687	243.44
661.029	241.82
661.371	230.95
661.712	227.29
662.054	225.79
662.395	217.61
662.737	216.43
663.078	220.41
663.42	221.91
663.761	221.38
664.102	223.1
664.444	220.95
664.785	226.86
665.126	225.46
665.467	221.05
665.808	222.88
666.149	231.49
666.49	228.59
666.831	225.57
667.172	225.03
667.513	233
667.854	233.43
668.195	227.72
668.535	220.3
668.876	223.64
669.217	227.72
669.557	222.13
669.898	212.77
670.239	216.32
670.579	220.19
670.92	221.7
671.26	226.54
671.6	227.51
671.941	245.91
672.281	247.31
672.621	243.76
672.961	235.04
673.302	231.49
673.642	227.4
673.982	226.65
674.322	217.39
674.662	218.79
675.002	221.48
675.342	232.46
675.682	238.06
676.021	233.11
676.361	231.49
676.701	258.72
677.041	259.36
677.38	256.99
677.72	259.25
678.059	254.95
678.399	259.69
678.738	260.65
679.078	226.76
679.417	225.25
679.756	228.05
680.096	218.04
680.435	220.62
680.774	219.44
681.113	215.35
681.453	217.29
681.792	217.93
682.131	207.82
682.47	208.14
682.809	207.17
683.148	206.96
683.486	206.31
683.825	207.39
684.164	202.01
684.503	204.37
684.841	205.45
685.18	203.08
685.519	201.36
685.857	200.71
686.196	195.98
686.534	197.27
686.873	200.5
687.211	196.84
687.549	194.15
687.888	191.57
688.226	194.26
688.564	192
688.902	191.46
689.24	193.83
689.578	194.69
689.917	195.23
690.255	197.7
690.592	196.63
690.93	200.93
691.268	200.5
691.606	194.9
691.944	212.23
692.282	209
692.619	209.43
692.957	212.34
693.294	211.58
693.632	209.65
693.97	210.72
694.307	190.17
694.644	196.09
694.982	202.11
695.319	206.85
695.656	209.86
695.994	215.56
696.331	218.69
696.668	222.67
697.005	220.08
697.342	215.24
697.679	212.98
698.016	206.96
698.353	201.79
698.69	193.83
699.027	195.23
699.364	195.01
699.7	187.91
700.037	185.43
700.374	189.52
700.71	191.35
701.047	196.73
701.384	193.29
701.72	192
702.057	198.13
702.393	190.49
702.729	189.74
703.066	190.92
703.402	190.38
703.738	197.27
704.074	198.35
704.41	207.39
704.747	213.09
705.083	210.83
705.419	211.69
705.755	208.57
706.091	203.51
706.426	204.48
706.762	189.31
707.098	184.25
707.434	181.88
707.769	178.55
708.105	176.07
708.441	172.84
708.776	175.43
709.112	174.03
709.447	179.73
709.783	184.57
710.118	186.08
710.453	188.88
710.789	192.86
711.124	192.43
711.459	196.84
711.794	199.64
712.129	203.08
712.464	208.25
712.799	211.37
713.134	210.4
713.469	214.49
713.804	215.89
714.139	207.6
714.474	201.25
714.809	193.29
715.143	191.68
715.478	192.97
715.813	188.45
716.147	185.97
716.482	190.71
716.816	188.98
717.151	190.49
717.485	192.21
717.819	192.86
718.154	188.55
718.488	186.72
718.822	184.68
719.156	188.98
719.491	188.12
719.825	186.4
720.159	177.15
720.493	174.56
720.827	181.77
721.161	185.54
721.494	185.22
721.828	188.55
722.162	188.98
722.496	191.89
722.829	196.41
723.163	194.69
723.497	187.59
723.83	183.6
724.164	175.96
724.497	179.19
724.83	185.97
725.164	186.08
725.497	185.22
725.83	191.35
726.164	195.12
726.497	198.67
726.83	194.47
727.163	195.44
727.496	195.55
727.829	195.23
728.162	199.96
728.495	199.21
728.828	198.13
729.16	197.38
729.493	189.52
729.826	196.09
730.159	195.01
730.491	184.36
730.824	185.22
731.156	188.45
731.489	197.06
731.821	198.56
732.154	198.56
732.486	193.83
732.818	197.49
733.151	199.1
733.483	205.34
733.815	201.36
734.147	204.59
734.479	201.04
734.811	202.76
735.143	199.85
735.475	197.38
735.807	195.33
736.139	194.37
736.471	193.18
736.803	188.23
737.134	191.46
737.466	192.54
737.798	197.92
738.129	190.38
738.461	183.82
738.792	181.45
739.124	185.11
739.455	183.17
739.786	188.23
740.118	188.98
740.449	193.29
740.78	194.69
741.111	195.23
741.442	189.63
741.773	190.38
742.104	189.31
742.435	186.83
742.766	190.92
743.097	192.43
743.428	193.93
743.759	196.3
744.09	193.93
744.42	189.42
744.751	184.9
745.081	181.77
745.412	183.28
745.743	183.28
746.073	180.7
746.403	182.85
746.734	185.11
747.064	188.88
747.394	186.19
747.725	184.9
748.055	185.54
748.385	187.48
748.715	190.81
749.045	191.57
749.375	189.85
749.705	189.63
750.035	189.95
750.365	189.2
750.695	192.64
751.024	189.31
751.354	190.6
751.684	191.78
752.013	190.92
752.343	195.44
752.673	195.87
753.002	195.44
753.331	197.38
753.661	204.05
753.99	202.11
754.32	205.66
754.649	196.41
754.978	197.06
755.307	195.44
755.636	197.27
755.965	190.81
756.294	189.85
756.623	188.12
756.952	196.09
757.281	196.95
757.61	199.96
757.939	196.84
758.267	192.75
758.596	195.33
758.925	198.02
759.253	200.18
759.582	200.18
759.91	197.27
760.239	194.9
760.567	197.7
760.896	202.22
761.224	203.94
761.552	199.1
761.881	203.73
762.209	205.99
762.537	212.44
762.865	209.32
763.193	205.34
763.521	202.76
763.849	204.16
764.177	198.45
764.505	197.27
764.832	197.59
765.16	200.5
765.488	203.62
765.815	212.12
766.143	213.09
766.471	213.63
766.798	210.72
767.126	209.32
767.453	209.32
767.78	200.07
768.108	188.98
768.435	185.33
768.762	182.42
769.089	187.8
769.417	188.55
769.744	186.29
770.071	182.96
770.398	188.45
770.725	195.01
771.052	200.39
771.378	197.49
771.705	195.33
772.032	199.53
772.359	207.6
772.685	205.34
773.012	205.13
773.338	202.76
773.665	204.59
773.991	201.14
774.318	199.53
774.644	201.14
774.971	197.7
775.297	196.95
775.623	197.27
775.949	203.84
776.275	209.86
776.601	208.57
776.927	208.25
777.253	204.37
777.579	201.04
777.905	196.19
778.231	187.05
778.557	188.02
778.883	193.4
779.208	188.23
779.534	197.06
779.86	198.13
780.185	200.07
780.511	199.32
780.836	197.38
781.162	192.43
781.487	190.71
781.812	186.4
782.138	185.65
782.463	189.85
782.788	197.92
783.113	198.13
783.438	200.61
783.763	206.2
784.088	208.03
784.413	212.34
784.738	212.23
785.063	207.71
785.388	209.65
785.712	210.18
786.037	213.63
786.362	218.58
786.686	215.13
787.011	217.61
787.335	217.07
787.66	224.28
787.984	226.76
788.308	226.43
788.633	225.46
788.957	221.38
789.281	215.67
789.605	218.25
789.93	205.45
790.254	205.34
790.578	200.39
790.902	198.35
791.225	199.75
791.549	201.9
791.873	197.92
792.197	200.28
792.521	197.06
792.844	201.04
793.168	193.72
793.492	194.58
793.815	195.66
794.139	197.59
794.462	199.21
794.785	201.36
795.109	196.52
795.432	205.13
795.755	205.88
796.078	210.29
796.401	209.22
796.725	206.96
797.048	205.02
797.371	207.71
797.694	207.39
798.016	210.72
798.339	206.31
798.662	205.99
798.985	205.77
799.308	202.54
799.63	203.4
799.953	200.07
800.275	196.63
800.598	196.41
800.92	202.44
801.243	200.07
801.565	207.82
801.887	215.35
802.21	218.47
802.532	225.68
802.854	219.55
803.176	213.74
803.498	211.58
803.82	210.61
804.142	203.08
804.464	202.33
804.786	196.63
805.108	206.2
805.429	211.05
805.751	222.77
806.073	214.6
806.394	211.8
806.716	212.87
807.038	216.75
807.359	213.63
807.68	206.09
808.002	198.35
808.323	204.16
808.644	209.75
808.966	207.71
809.287	207.39
809.608	209
809.929	217.5
810.25	223.96
810.571	225.9
810.892	224.39
811.213	231.06
811.534	231.06
811.854	231.28
812.175	229.45
812.496	232.24
812.816	236.76
813.137	238.7
813.458	240.1
813.778	239.24
814.098	248.17
814.419	256.13
814.739	256.24
815.059	256.78
815.38	265.5
815.7	266.46
816.02	266.57
816.34	268.62
816.66	270.12
816.98	272.71
817.3	276.9
817.62	283.68
817.94	291.11
818.26	302.73
818.579	311.45
818.899	315.97
819.219	322.75
819.538	328.66
819.858	325.97
820.177	331.57
820.497	335.44
820.816	334.91
821.135	335.12
821.455	338.46
821.774	340.07
822.093	342.55
822.412	340.29
822.731	348.03
823.05	350.94
823.369	355.46
823.688	361.05
824.007	360.95
824.326	361.81
824.645	360.41
824.963	349.97
825.282	350.4
825.601	346.53
825.919	332.21
826.238	332
826.556	352.55
826.875	359.33
827.193	360.3
827.511	354.49
827.83	352.02
828.148	358.36
828.466	359.44
828.784	338.24
829.102	334.91
829.42	339.75
829.738	339.96
830.056	350.4
830.374	355.24
830.692	356.32
831.01	361.92
831.327	370.63
831.645	373
831.963	379.78
832.28	379.78
832.598	383.98
832.915	391.94
833.233	391.29
833.55	395.92
833.867	400.76
834.185	405.82
834.502	414.43
834.819	410.77
835.136	412.71
835.453	418.95
835.77	416.9
836.087	410.56
836.404	407.22
836.721	406.47
837.038	407.76
837.355	402.16
837.671	401.73
837.988	403.24
838.305	415.83
838.621	423.36
838.938	430.68
839.254	457.69
839.571	475.77
839.887	497.94
840.203	524.41
840.52	557.12
840.836	600.81
841.152	644.93
841.468	692.82
841.784	754.91
842.1	825.5
842.416	896.85
842.732	974.11
843.048	1051.38
843.364	1141.77
843.679	1225.6
843.995	1313.41
844.311	1402.19
844.626	1490
844.942	1574.37
845.257	1653.57
845.573	1720.18
845.888	1788.84
846.203	1852.76
846.519	1911.08
846.834	1970.05
847.149	2022.24
847.464	2065.29
847.779	2116.4
848.094	2154.17
848.409	2184.41
848.724	2214.87
849.039	2229.5
849.354	2240.69
849.669	2251.13
849.983	2251.88
850.298	2233.16
850.613	2217.34
850.927	2184.84
851.242	2152.77
851.556	2116.4
851.871	2092.51
852.185	2057.43
852.499	2039.57
852.814	2033.22
853.128	2053.02
853.442	2060.55
853.756	2074.11
854.07	2091.22
854.384	2112.64
854.698	2154.07
855.012	2204
855.326	2232.84
855.64	2291.49
855.953	2349.81
856.267	2398.77
856.581	2453.33
856.894	2496.38
857.208	2506.71
857.521	2511.12
857.835	2510.9
858.148	2497.02
858.461	2484.65
858.775	2463.56
859.088	2435.36
859.401	2412.12
859.714	2402.11
860.027	2392.75
860.34	2400.06
860.653	2406.09
860.966	2430.73
861.279	2487.98
861.592	2569.87
861.904	2668.98
862.217	2798.01
862.53	2960.07
862.842	3146.67
863.155	3374.05
863.467	3612.09
863.78	3882.62
864.092	4178.98
864.405	4493.42
864.717	4832.18
865.029	5178.58
865.341	5526.7
865.653	5899.68
865.966	6263.72
866.278	6641.33
866.589	6997.31
866.901	7326.92
867.213	7671.6
867.525	7984.64
867.837	8252.26
868.149	8490.95
868.46	8698.1
868.772	8916.76
869.083	9104.76
869.395	9268.11
869.706	9412.31
870.018	9567.59
870.329	9735.25
870.64	9883.97
870.952	10001.69
871.263	10129.32
871.574	10257.27
871.885	10391.14
872.196	10507.03
872.507	10616.69
872.818	10730.33
873.129	10802.75
873.44	10865.49
873.75	10912.84
874.061	10934.68
874.372	10923.7
874.682	10894.76
874.993	10832.02
875.303	10748.62
875.614	10625.51
875.924	10458.72
876.235	10290.31
876.545	10115.12
876.855	9883.75
877.165	9595.25
877.475	9346.02
877.786	9078.72
878.096	8770.52
878.406	8394.31
878.715	8024.56
879.025	7670.31
879.335	7356.62
879.645	6992.14
879.955	6648.43
880.264	6345.4
880.574	6104.89
880.883	5860.61
881.193	5637.54
881.502	5422.21
881.812	5258.53
882.121	5110.57
882.43	5013.18
882.74	4945.71
883.049	4914.5
883.358	4916.22
883.667	4944.31
883.976	5006.72
884.285	5117.24
884.594	5241.42
884.903	5386.16
885.212	5569.42
885.52	5816.06
885.829	6084.77
886.138	6410.51
886.446	6783.59
886.755	7178.52
887.063	7669.23
887.372	8221.81
887.68	8826.26
887.988	9544.03
888.297	10333.57
888.605	11242.45
888.913	12329.75
889.221	13440.4
889.529	14737.75
889.837	16118.51
890.145	17695.33
890.453	19431.52
890.761	21200.43
891.069	23051.88
891.377	25096.27
891.684	27152.82
891.992	29253.6
892.299	31313.48
892.607	33270.71
892.914	35321.45
893.222	37249.83
893.529	39085.78
893.837	40733.74
894.144	42307.33
894.451	43676.14
894.758	44867.39
895.065	45855.47
895.372	46773.18
895.679	47380.21
895.986	48008.77
896.293	48263.16
896.6	48328.8
896.907	48279.41
897.213	48025.23
897.52	47488.14
897.827	46749.72
898.133	45724.73
898.44	44733.52
898.746	43626.64
899.053	42420.54
899.359	41076.26
899.665	39656.34
899.972	38238.02
900.278	36768.17
900.584	35260.22
900.89	33754.96
901.196	32160.38
901.502	30621.44
901.808	29090.46
902.114	27684.95
902.419	26264.81
902.725	24895.46
903.031	23664.61
903.337	22585.81
903.642	21614.3
903.948	20837.78
904.253	20209.66
904.559	19855.83
904.864	19651.7
905.169	19648.25
905.475	19850.24
905.78	20213.1
906.085	20744.48
906.39	21361.52
906.695	22042.06
907	22842.47
907.305	23690.87
907.61	24531.96
907.915	25372.07
908.219	26173.13
908.524	26949.76
908.829	27617.37
909.133	28225.8
909.438	28667.87
909.743	29038.59
910.047	29240.57
910.351	29347.54
910.656	29303.31
910.96	29099.07
911.264	28839.19
911.568	28468.36
911.873	27949.03
912.177	27426.47
912.481	26813.74
912.785	26269.33
913.088	25761.73
913.392	25177.94
913.696	24609.97
914	24165.86
914.304	23722.83
914.607	23370.19
914.911	22957.07
915.214	22660.82
915.518	22435.27
915.821	22257.17
916.124	22109.96
916.428	21979.43
916.731	21891.51
917.034	21906.25
917.337	21847.5
917.64	21852.88
917.943	21931
918.246	21952.52
918.549	22010.31
918.852	22058.09
919.155	22228.55
919.458	22449.9
919.76	22748.95
920.063	23050.58
920.366	23520.74
920.668	24246.89
920.971	25025.24
921.273	25880.1
921.576	26954.17
921.878	28007.35
922.18	29398.98
922.482	30901.55
922.784	32476.54
923.087	34387.82
923.389	36407.89
923.691	38573.99
923.992	41023.1
924.294	43473.94
924.596	46030.02
924.898	48515.83
925.2	50725.83
925.501	52787.55
925.803	54672.46
926.104	56213.23
926.406	57411.05
926.707	58369.11
927.009	59132.39
927.31	59710.69
927.611	60112.4
927.912	60340.97
928.214	60490.12
928.515	60561.25
928.816	60459.02
929.117	60297.49
929.418	60136.94
929.719	59937.32
930.019	59639.67
930.32	59366.34
930.621	59022.95
930.922	58621.35
931.222	58077.91
931.523	57482.5
931.823	56873.85
932.124	56223.56
932.424	55615.35
932.724	54908.34
933.025	54398.05
933.325	54025.83
933.625	53709.88
933.925	53426.76
934.225	53208.41
934.525	52971.78
934.825	52918.19
935.125	52715.13
935.425	52334.83
935.724	51824.54
936.024	51040.38
936.324	50249.22
936.623	49415.13
936.923	48305.66
937.222	47038.12
937.522	46000.1
937.821	44883.64
938.12	43806.56
938.42	42540.41
938.719	41066.9
939.018	39874.14
939.317	38761.87
939.616	37440.2
939.915	36068.59
940.214	34963.75
940.513	33869.56
940.812	32981.34
941.111	32202.24
941.409	31604.46
941.708	31315.63
942.006	31381.71
942.305	31583.69
942.603	32182.87
942.902	32856.62
943.2	33686.84
943.499	34794.48
943.797	36055.89
944.095	37325.27
944.393	38814.6
944.691	40373.56
944.989	42036.58
945.287	43677.54
945.585	45167.84
945.883	46594.11
946.181	48218.82
946.479	49711.06
946.776	51208.57
947.074	52781.2
947.371	54197.25
947.669	55665.71
947.966	57016.87
948.264	58165.61
948.561	59027.9
948.858	59810.66
949.156	60337.31
949.453	60903.56
949.75	61220.04
950.047	61413.85
950.344	61600.88
950.641	61799.31
950.938	61840.2
951.235	61850.32
951.532	61681.37
951.828	61357.78
952.125	60896.67
952.422	60206.02
952.718	59348.58
953.015	58289.91
953.311	57125.77
953.607	55701.86
953.904	54174.11
954.2	52422.21
954.496	50329.72
954.792	47959.37
955.089	45383.28
955.385	42472.94
955.681	39527.63
955.976	36349.24
956.272	33283.84
956.568	30378.67
956.864	27628.67
957.16	24987.69
957.455	22609.27
957.751	20293.06
958.046	18267.39
958.342	16369.89
958.637	14691.16
958.933	13274.25
959.228	12216.22
959.523	11387.4
959.818	10957.49
960.114	10949.85
960.409	11343.06
960.704	12127.87
960.999	13315.14
961.294	14795.22
961.588	16751.8
961.883	19138.5
962.178	21863.64
962.473	24813.57
962.767	27890.17
963.062	31081.26
963.356	34513.94
963.651	37855.25
963.945	41028.05
964.239	44153.93
964.534	47034.03
964.828	49807.59
965.122	52279.41
965.416	54277.2
965.71	55974.34
966.004	57374.14
966.298	58415.7
966.592	59265.61
966.886	59913.54
967.18	60472.04
967.473	60979.21
967.767	61432.14
968.061	61779.94
968.354	62004.85
968.648	62063.49
968.941	61925.54
969.234	61563.53
969.528	60989.11
969.821	60264.03
970.114	59450.81
970.407	58366.74
970.7	57213.15
970.993	55919.88
971.286	54462.94
971.579	52658.31
971.872	50637.59
972.165	48270.05
972.457	45817.38
972.75	43315.32
973.043	40758.59
973.335	38148.49
973.628	35880.38
973.92	33646.06
974.213	31641.59
974.505	29750.76
974.797	27817.53
975.089	25986.1
975.382	24343.53
975.674	22697.19
975.966	21298.79
976.258	20056.1
976.55	18996.35
976.841	18170.76
977.133	17505.4
977.425	17000.17
977.717	16608.89
978.008	16248.72
978.3	16001.86
978.591	15847.55
978.883	15710.77
979.174	15572.71
979.465	15443.79
979.757	15315.84
980.048	15130.53
980.339	14898.42
980.63	14610.24
980.921	14300.21
981.212	13950.58
981.503	13530.47
981.794	13111.97
982.085	12678.94
982.376	12197.6
982.666	11670.31
982.957	11091.04
983.248	10523.93
983.538	9945.41
983.828	9363.88
984.119	8800.65
984.409	8254.63
984.7	7733.47
984.99	7249.55
985.28	6796.4
985.57	6366.06
985.86	5945.2
986.15	5554.57
986.44	5196.44
986.73	4858
987.02	4561.43
987.309	4282.93
987.599	4058.46
987.889	3857.76
988.178	3694.84
988.468	3561.19
988.757	3464.12
989.047	3375.77
989.336	3324.33
989.625	3279.89
989.915	3272.36
990.204	3272.36
990.493	3274.83
990.782	3277.42
991.071	3281.18
991.36	3273.97
991.649	3263
991.938	3229.53
992.226	3176.37
992.515	3121.16
992.804	3056.38
993.092	2990.53
993.381	2903.25
993.669	2810.6
993.958	2711.81
994.246	2618.73
994.534	2522.2
994.823	2420.19
995.111	2311.29
995.399	2215.73
995.687	2118.02
995.975	2018.15
996.263	1922.49
996.551	1818.86
996.839	1721.15
997.126	1626.99
997.414	1536.49
997.702	1456.1
997.989	1386.26
998.277	1304.26
998.564	1236.36
998.852	1169.86
999.139	1111.86
999.426	1067.09
999.713	1022.43
1000.001	989.39
1000.288	966.69
1000.575	934.94
1000.862	919.45
1001.149	894.91
1001.436	878.45
1001.722	864.67
1002.009	834.76
1002.296	812.48
1002.582	795.8
1002.869	771.81
1003.156	757.06
1003.442	732.74
1003.728	706.05
1004.015	684.64
1004.301	664.52
1004.587	650.2
1004.873	636.22
1005.16	621.47
1005.446	609.85
1005.732	599.3
1006.017	588.97
1006.303	577.57
1006.589	576.92
1006.875	570.9
1007.161	558.41
1007.446	543.78
1007.732	534.2
1008.017	532.59
1008.303	524.08
1008.588	506.33
1008.873	494.49
1009.159	496.21
1009.444	487.5
1009.729	489.11
1010.014	479.1
1010.299	467.7
1010.584	457.9
1010.869	451.99
1011.154	443.27
1011.439	440.15
1011.723	423.15
1012.008	412.06
1012.293	407.33
1012.577	407.11
1012.862	396.35
1013.146	384.19
1013.43	381.29
1013.715	374.83
1013.999	379.35
1014.283	376.55
1014.567	366.11
1014.851	362.13
1015.135	360.62
1015.419	352.45
1015.703	347.82
1015.987	346.31
1016.271	343.3
1016.555	345.77
1016.838	344.81
1017.122	342.76
1017.405	339.86
1017.689	342.33
1017.972	339.53
1018.256	335.12
1018.539	328.66
1018.822	323.39
1019.105	317.9
1019.388	318.23
1019.671	316.72
1019.954	308.33
1020.237	316.93
1020.52	320.16
1020.803	326.83
1021.086	333.29
1021.368	330.06
1021.651	330.67
1021.934	334.99
1022.216	328.85
