339.735	85.4
340.108	63.33
340.482	47.61
340.855	38.86
341.228	23.69
341.602	7.87
341.975	-11.93
342.348	-16.45
342.721	-19.14
343.094	-18.6
343.468	-18.6
343.841	-19.79
344.214	-16.88
344.587	-10.32
344.96	-5.26
345.333	2.49
345.706	9.59
346.079	14.86
346.452	22.07
346.824	27.24
347.197	34.02
347.57	33.59
347.943	41.98
348.316	52.31
348.688	61.78
349.061	70.28
349.434	84.27
349.806	98.48
350.179	114.94
350.552	121.72
350.924	127.64
351.297	138.62
351.669	145.83
352.042	148.09
352.414	146.36
352.787	148.19
353.159	153.14
353.531	155.4
353.904	154.33
354.276	156.59
354.648	151.21
355.02	153.14
355.393	150.45
355.765	145.72
356.137	148.95
356.509	143.78
356.881	154.65
357.253	159.06
357.625	154.97
357.997	156.91
358.369	158.63
358.741	159.06
359.113	163.26
359.485	164.44
359.857	163.15
360.229	166.27
360.6	166.49
360.972	168.1
361.344	165.41
361.716	166.81
362.087	149.7
362.459	143.67
362.831	142.49
363.202	144.53
363.574	148.41
363.945	139.37
364.317	133.56
364.688	132.91
365.06	137
365.431	139.26
365.803	134.2
366.174	132.48
366.545	140.77
366.917	140.77
367.288	141.09
367.659	142.38
368.03	139.58
368.402	135.82
368.773	131.94
369.144	127.1
369.515	131.73
369.886	135.07
370.257	132.7
370.628	132.27
370.999	134.96
371.37	134.42
371.741	139.37
372.112	137.76
372.483	137.43
372.853	138.94
373.224	142.27
373.595	141.41
373.966	141.41
374.336	134.1
374.707	135.17
375.078	133.88
375.448	151.85
375.819	152.93
376.19	154.76
376.56	154.11
376.931	161.97
377.301	162.08
377.671	165.95
378.042	148.84
378.412	141.74
378.783	144.53
379.153	144.21
379.523	141.2
379.893	136.36
380.264	132.81
380.634	131.73
381.004	138.4
381.374	131.3
381.744	135.93
382.114	137.43
382.484	135.28
382.854	137
383.224	142.81
383.594	148.73
383.964	154.11
384.334	151.64
384.704	163.8
385.074	165.95
385.444	164.12
385.814	164.55
386.183	152.07
386.553	149.7
386.923	149.48
387.292	133.13
387.662	143.67
388.032	140.88
388.401	137.76
388.771	141.84
389.14	147.44
389.51	148.52
389.879	150.56
390.248	141.41
390.618	143.78
390.987	136.79
391.356	131.41
391.726	131.62
392.095	133.99
392.464	141.2
392.833	145.83
393.203	144.21
393.572	147.76
393.941	150.56
394.31	150.45
394.679	149.48
395.048	143.03
395.417	141.63
395.786	150.45
396.155	146.79
396.524	177.14
396.893	175.53
397.261	178.76
397.63	180.91
397.999	177.14
398.368	172.41
398.736	176.28
399.105	157.88
399.474	157.45
399.842	155.62
400.211	158.63
400.579	163.26
400.948	167.35
401.317	170.68
401.685	160.03
402.053	162.29
402.422	160.35
402.79	154.33
403.158	149.27
403.527	145.61
403.895	143.67
404.263	140.77
404.632	138.83
405	137.11
405.368	138.72
405.736	142.71
406.104	138.94
406.472	139.69
406.84	142.71
407.208	140.55
407.576	155.51
407.944	152.5
408.312	151.85
408.68	152.07
409.048	148.52
409.415	147.44
409.783	149.48
410.151	135.5
410.519	142.38
410.886	139.69
411.254	140.55
411.622	144.97
411.989	148.52
412.357	148.3
412.724	149.27
413.092	151.74
413.459	149.27
413.827	145.93
414.194	143.35
414.561	137.43
414.929	141.2
415.296	141.2
415.663	139.8
416.03	140.88
416.398	147.44
416.765	150.45
417.132	159.17
417.499	155.94
417.866	158.52
418.233	151.74
418.6	152.28
418.967	148.09
419.334	145.18
419.701	143.89
420.068	141.63
420.435	138.08
420.802	137.86
421.168	141.52
421.535	144.43
421.902	152.28
422.269	153.14
422.635	152.82
423.002	160.35
423.369	165.09
423.735	159.49
424.102	158.85
424.468	153.36
424.835	151.42
425.201	154
425.567	147.76
425.934	146.69
426.3	151.96
426.667	151.74
427.033	152.28
427.399	149.81
427.765	149.92
428.131	152.93
428.498	151.21
428.864	152.71
429.23	144.86
429.596	142.6
429.962	141.84
430.328	147.01
430.694	142.92
431.06	146.69
431.426	148.84
431.792	157.02
432.157	157.88
432.523	159.92
432.889	153.79
433.255	154.76
433.62	155.94
433.986	150.56
434.352	148.52
434.717	151.64
435.083	152.28
435.448	150.99
435.814	152.28
436.179	154.11
436.545	161.43
436.91	166.81
437.276	164.34
437.641	163.9
438.006	167.56
438.372	166.81
438.737	165.73
439.102	164.87
439.467	162.08
439.832	155.62
440.197	153.57
440.563	155.73
440.928	163.58
441.293	165.52
441.658	165.84
442.023	168.42
442.387	176.39
442.752	184.78
443.117	185.43
443.482	182.09
443.847	175.85
444.212	177.89
444.576	179.29
444.941	183.6
445.306	183.17
445.67	179.08
446.035	176.06
446.399	178
446.764	174.99
447.128	174.88
447.493	176.06
447.857	171.44
448.222	175.74
448.586	179.19
448.95	180.48
449.315	181.55
449.679	180.15
450.043	178.76
450.407	178.43
450.772	180.26
451.136	184.67
451.5	189.84
451.864	194.25
452.228	197.16
452.592	203.83
452.956	210.39
453.32	209.42
453.684	205.77
454.047	202.86
454.411	198.88
454.775	200.71
455.139	197.91
455.503	200.82
455.866	200.38
456.23	206.84
456.594	211.68
456.957	217.6
457.321	216.74
457.684	213.19
458.048	208.89
458.411	212.11
458.775	205.44
459.138	193.93
459.501	188.98
459.865	186.29
460.228	188.33
460.591	190.27
460.955	188.98
461.318	193.82
461.681	200.28
462.044	196.83
462.407	193.17
462.77	191.88
463.133	191.24
463.496	186.83
463.859	178.76
464.222	178.22
464.585	183.92
464.948	185.64
465.311	177.46
465.674	175.2
466.036	179.19
466.399	184.57
466.762	182.74
467.124	178.65
467.487	181.66
467.85	193.61
468.212	192.42
468.575	187.26
468.937	182.84
469.3	187.15
469.662	183.17
470.024	182.52
470.387	172.94
470.749	186.72
471.111	188.22
471.474	188.76
471.836	180.37
472.198	188.55
472.56	184.89
472.922	188.76
473.284	174.88
473.646	181.98
474.008	182.41
474.37	188.98
474.732	189.84
475.094	192.42
475.456	186.61
475.818	186.18
476.18	180.05
476.542	178.43
476.903	179.19
477.265	176.5
477.627	178.32
477.988	187.58
478.35	188.66
478.711	187.47
479.073	192.1
479.435	186.61
479.796	188.55
480.157	190.05
480.519	177.89
480.88	175.74
481.241	173.37
481.603	167.13
481.964	166.27
482.325	163.15
482.686	156.16
483.048	163.37
483.409	164.77
483.77	170.79
484.131	169.18
484.492	174.24
484.853	173.8
485.214	179.72
485.575	184.24
485.936	191.13
486.296	188.22
486.657	192.1
487.018	189.3
487.379	195.76
487.739	202.43
488.1	203.83
488.461	199.09
488.821	206.73
489.182	209.85
489.542	211.68
489.903	217.06
490.263	210.82
490.624	208.78
490.984	208.67
491.345	200.71
491.705	204.69
492.065	206.52
492.425	192.85
492.786	196.51
493.146	194.25
493.506	192.21
493.866	196.4
494.226	193.17
494.586	198.13
494.946	205.87
495.306	202.54
495.666	208.78
496.026	220.51
496.386	223.2
496.746	221.8
497.106	220.94
497.465	215.56
497.825	220.51
498.185	215.88
498.544	205.55
498.904	204.04
499.264	204.8
499.623	197.48
499.983	197.8
500.342	190.48
500.702	193.82
501.061	202.32
501.42	204.9
501.78	208.56
502.139	212.87
502.498	214.91
502.858	217.06
503.217	214.59
503.576	216.74
503.935	214.27
504.294	213.73
504.653	219.11
505.012	221.8
505.371	229.98
505.73	233.53
506.089	221.91
506.448	224.49
506.807	223.09
507.166	219.86
507.524	225.14
507.883	219.11
508.242	216.63
508.601	221.48
508.959	222.34
509.318	227.18
509.676	230.84
510.035	222.34
510.393	223.09
510.752	222.01
511.11	224.17
511.469	223.09
511.827	222.45
512.185	218.25
512.544	222.88
512.902	225.03
513.26	229.22
513.618	229.55
513.976	234.5
514.334	241.17
514.692	244.94
515.05	244.07
515.408	248.59
515.766	244.07
516.124	243.54
516.482	242.35
516.84	230.3
517.198	226.64
517.556	228.69
517.913	225.46
518.271	228.79
518.629	232.99
518.986	236.43
519.344	241.92
519.701	246.77
520.059	246.44
520.416	249.67
520.774	251.28
521.131	256.02
521.489	246.33
521.846	249.46
522.203	248.59
522.561	251.72
522.918	249.13
523.275	249.13
523.632	247.52
523.989	252.47
524.346	241.82
524.703	241.71
525.06	245.58
525.417	249.24
525.774	257.85
526.131	256.13
526.488	260.32
526.845	271.09
527.202	275.17
527.559	271.09
527.915	270.55
528.272	268.72
528.629	269.58
528.985	267.64
529.342	268.29
529.698	265.81
530.055	272.59
530.411	273.56
530.768	269.04
531.124	268.93
531.48	268.18
531.837	269.69
532.193	271.62
532.549	266.78
532.906	269.58
533.262	276.14
533.618	277.76
533.974	279.05
534.33	275.82
534.686	276.25
535.042	277.97
535.398	274.1
535.754	272.38
536.11	272.48
536.466	272.05
536.821	271.95
537.177	275.39
537.533	267.96
537.889	268.07
538.244	266.14
538.6	262.05
538.955	260
539.311	264.84
539.667	266.67
540.022	275.07
540.377	274.85
540.733	277.43
541.088	278.4
541.444	280.77
541.799	281.09
542.154	279.37
542.509	280.77
542.864	284
543.22	281.74
543.575	283.46
543.93	288.09
544.285	285.29
544.64	286.9
544.995	280.88
545.35	275.6
545.705	273.67
546.059	275.28
546.414	275.5
546.769	279.59
547.124	277.43
547.478	274.1
547.833	280.12
548.188	283.46
548.542	285.18
548.897	277.76
549.251	277.11
549.606	274.96
549.96	279.05
550.315	281.85
550.669	278.3
551.023	274.96
551.378	278.51
551.732	276.14
552.086	277.97
552.44	280.45
552.794	277.22
553.148	275.17
553.502	273.67
553.856	273.56
554.21	272.59
554.564	273.02
554.918	271.09
555.272	271.73
555.626	274.64
555.98	300.89
556.334	303.69
556.687	307.89
557.041	309.72
557.395	312.62
557.748	312.73
558.102	309.72
558.455	286.37
558.809	281.95
559.162	283.35
559.516	278.4
559.869	281.42
560.222	282.38
560.576	294.33
560.929	295.84
561.282	303.37
561.635	302.62
561.988	307.46
562.342	306.49
562.695	305.74
563.048	299.06
563.401	298.42
563.754	297.56
564.107	303.58
564.459	301
564.812	301.22
565.165	300.57
565.518	306.81
565.871	314.78
566.223	314.56
566.576	309.5
566.929	312.08
567.281	310.36
567.634	313.27
567.986	311.44
568.339	302.18
568.691	310.15
569.044	312.52
569.396	307.89
569.748	305.31
570.1	307.89
570.453	304.77
570.805	309.39
571.157	309.39
571.509	307.03
571.861	315.1
572.213	322.95
572.565	321.99
572.917	328.23
573.269	328.66
573.621	322.2
573.973	322.74
574.325	323.49
574.677	316.07
575.028	317.03
575.38	320.37
575.732	315.31
576.083	321.12
576.435	320.37
576.786	316.6
577.138	324.78
577.489	322.31
577.841	311.01
578.192	315.96
578.543	312.52
578.895	318
579.246	322.52
579.597	318.43
579.948	317.79
580.3	323.06
580.651	323.81
581.002	323.49
581.353	323.71
581.704	324.14
582.055	318.43
582.406	318.54
582.757	318.86
583.107	317.03
583.458	318.76
583.809	314.67
584.16	309.72
584.51	311.22
584.861	314.99
585.212	312.62
585.562	318.65
585.913	314.56
586.263	313.16
586.614	311.01
586.964	313.7
587.315	310.58
587.665	314.67
588.015	302.51
588.365	303.8
588.716	300.25
589.066	303.48
589.416	306.06
589.766	305.2
590.116	297.99
590.466	305.63
590.816	302.83
591.166	302.83
591.516	298.63
591.866	291.53
592.216	294.54
592.566	300.46
592.915	300.46
593.265	304.66
593.615	310.58
593.964	312.3
594.314	323.92
594.663	323.49
595.013	323.28
595.362	323.71
595.712	314.99
596.061	316.07
596.411	315.74
596.76	310.04
597.109	302.83
597.458	306.38
597.808	311.44
598.157	313.38
598.506	309.29
598.855	311.22
599.204	314.45
599.553	325.11
599.902	330.59
600.251	326.4
600.6	328.23
600.949	328.01
601.297	325.32
601.646	319.51
601.995	313.27
602.344	306.81
602.692	304.44
603.041	306.38
603.389	302.4
603.738	305.09
604.086	311.65
604.435	307.57
604.783	303.48
605.132	295.62
605.48	298.31
605.828	304.55
606.177	308.96
606.525	307.89
606.873	308.32
607.221	312.41
607.569	323.49
607.917	322.2
608.265	321.02
608.613	315.31
608.961	313.16
609.309	318.43
609.657	315.85
610.005	312.73
610.352	308.53
610.7	308.75
611.048	307.03
611.395	309.5
611.743	309.93
612.091	308
612.438	311.76
612.786	312.84
613.133	311.33
613.48	314.24
613.828	310.69
614.175	310.58
614.522	308
614.87	309.72
615.217	316.28
615.564	312.95
615.911	313.16
616.258	315.42
616.605	312.08
616.952	317.36
617.299	316.71
617.646	313.81
617.993	314.78
618.34	320.05
618.687	318.43
619.033	342.97
619.38	345.77
619.727	343.08
620.073	341.79
620.42	346.52
620.767	345.55
621.113	342.54
621.459	321.34
621.806	316.28
622.152	311.55
622.499	307.46
622.845	311.22
623.191	308.32
623.537	316.28
623.884	312.62
624.23	317.36
624.576	324.78
624.922	323.81
625.268	320.59
625.614	320.37
625.96	317.14
626.306	319.29
626.652	314.02
626.998	314.02
627.343	319.29
627.689	319.83
628.035	317.79
628.38	318.33
628.726	315.1
629.072	320.37
629.417	315.1
629.763	315.74
630.108	314.56
630.453	315.96
630.799	308.53
631.144	309.72
631.489	305.31
631.835	301.32
632.18	299.71
632.525	292.5
632.87	292.07
633.215	298.85
633.56	293.68
633.905	294.97
634.25	296.05
634.595	295.51
634.94	297.02
635.285	294.76
635.63	290.46
635.974	300.79
636.319	299.71
636.664	296.27
637.008	295.08
637.353	291.75
637.698	288.09
638.042	288.95
638.387	278.51
638.731	267.32
639.075	270.55
639.42	270.55
639.764	275.39
640.108	278.83
640.452	280.77
640.797	284.64
641.141	298.2
641.485	295.94
641.829	292.18
642.173	291.21
642.517	287.66
642.861	281.31
643.205	281.42
643.549	272.38
643.892	272.16
644.236	270.22
644.58	268.61
644.923	273.02
645.267	273.88
645.611	270.01
645.954	270.33
646.298	265.17
646.641	265.38
646.985	264.31
647.328	254.19
647.671	255.48
648.015	254.73
648.358	250.85
648.701	248.49
649.044	252.15
649.387	243.75
649.731	247.73
650.074	246.12
650.417	246.01
650.76	247.41
651.102	253.54
651.445	255.05
651.788	263.66
652.131	263.12
652.474	263.01
652.816	256.77
653.159	253.44
653.502	249.78
653.844	244.61
654.187	236.86
654.529	239.34
654.872	236.43
655.214	241.49
655.557	250.96
655.899	255.91
656.241	253.22
656.583	252.9
656.926	251.18
657.268	254.84
657.61	254.19
657.952	243.64
658.294	244.72
658.636	240.42
658.978	247.2
659.32	247.95
659.662	243.54
660.004	243.86
660.345	246.01
660.687	237.94
661.029	245.26
661.371	241.49
661.712	238.16
662.054	237.51
662.395	236
662.737	236.97
663.078	239.34
663.42	236.97
663.761	232.78
664.102	228.36
664.444	228.58
664.785	230.41
665.126	235.36
665.467	237.51
665.808	236.43
666.149	247.2
666.49	255.27
666.831	250.75
667.172	251.07
667.513	247.3
667.854	245.04
668.195	244.61
668.535	243.21
668.876	235.04
669.217	240.09
669.557	236.54
669.898	234.82
670.239	230.62
670.579	230.95
670.92	223.52
671.26	229.98
671.6	230.09
671.941	247.09
672.281	243.21
672.621	243.54
672.961	239.56
673.302	239.88
673.642	237.83
673.982	239.56
674.322	222.45
674.662	223.84
675.002	226.1
675.342	229.55
675.682	232.35
676.021	230.84
676.361	222.12
676.701	261.4
677.041	259.36
677.38	254.3
677.72	253.54
678.059	254.41
678.399	254.51
678.738	256.34
679.078	217.28
679.417	222.55
679.756	224.81
680.096	223.52
680.435	221.26
680.774	217.71
681.113	214.91
681.453	215.67
681.792	211.68
682.131	210.93
682.47	205.55
682.809	203.61
683.148	204.69
683.486	211.25
683.825	209.53
684.164	205.12
684.503	207.27
684.841	212.98
685.18	206.73
685.519	210.72
685.857	209.21
686.196	211.47
686.534	217.17
686.873	219.65
687.211	217.39
687.549	224.7
687.888	221.05
688.226	216.63
688.564	215.24
688.902	206.41
689.24	204.15
689.578	203.29
689.917	200.82
690.255	194.36
690.592	199.63
690.93	193.82
691.268	200.92
691.606	201.35
691.944	220.94
692.282	218.36
692.619	220.72
692.957	217.93
693.294	226.1
693.632	219.97
693.97	221.48
694.307	200.06
694.644	204.9
694.982	214.91
695.319	220.62
695.656	220.62
695.994	218.79
696.331	215.56
696.668	221.26
697.005	222.01
697.342	215.56
697.679	213.84
698.016	206.95
698.353	212.54
698.69	209.85
699.027	205.87
699.364	204.04
699.7	198.99
700.037	194.14
700.374	195.54
700.71	194.14
701.047	197.91
701.384	195.65
701.72	193.39
702.057	198.02
702.393	195.43
702.729	194.57
703.066	197.69
703.402	197.8
703.738	196.51
704.074	192.42
704.41	191.45
704.747	197.59
705.083	200.17
705.419	196.4
705.755	195.33
706.091	196.62
706.426	199.42
706.762	195.87
707.098	193.07
707.434	186.5
707.769	193.07
708.105	197.8
708.441	198.34
708.776	206.84
709.112	209.42
709.447	204.04
709.783	204.37
710.118	195.76
710.453	191.99
710.789	190.7
711.124	178.97
711.459	184.03
711.794	188.22
712.129	191.56
712.464	195.76
712.799	189.84
713.134	196.08
713.469	208.78
713.804	208.78
714.139	209.32
714.474	211.04
714.809	209.96
715.143	207.38
715.478	208.13
715.813	194.25
716.147	188.33
716.482	180.91
716.816	173.7
717.151	174.56
717.485	182.52
717.819	175.1
718.154	179.4
718.488	176.39
718.822	185.43
719.156	186.18
719.491	184.46
719.825	179.4
720.159	179.83
720.493	174.67
720.827	181.45
721.161	174.56
721.494	176.82
721.828	177.46
722.162	181.12
722.496	180.48
722.829	183.71
723.163	183.49
723.497	183.81
723.83	182.09
724.164	183.6
724.497	186.93
724.83	188.01
725.164	193.07
725.497	183.38
725.83	183.71
726.164	189.09
726.497	187.69
726.83	177.25
727.163	185.43
727.496	187.79
727.829	192.74
728.162	194.79
728.495	192.74
728.828	192.53
729.16	195.11
729.493	186.61
729.826	178.11
730.159	183.49
730.491	183.71
730.824	186.61
731.156	179.94
731.489	180.69
731.821	183.6
732.154	188.44
732.486	181.77
732.818	177.79
733.151	168.96
733.483	176.6
733.815	176.6
734.147	169.93
734.479	166.27
734.811	170.68
735.143	179.29
735.475	188.22
735.807	190.81
736.139	187.69
736.471	195.11
736.803	194.79
737.134	190.7
737.466	182.41
737.798	181.55
738.129	181.66
738.461	179.83
738.792	176.82
739.124	184.24
739.455	190.92
739.786	196.94
740.118	191.99
740.449	186.18
740.78	192.42
741.111	198.02
741.442	192.64
741.773	185.53
742.104	180.05
742.435	188.55
742.766	189.73
743.097	191.13
743.428	185.53
743.759	184.78
744.09	187.26
744.42	189.84
744.751	180.69
745.081	184.67
745.412	180.26
745.743	180.69
746.073	181.77
746.403	181.12
746.734	182.09
747.064	183.49
747.394	181.45
747.725	180.26
748.055	181.66
748.385	184.03
748.715	184.78
749.045	183.92
749.375	189.84
749.705	190.7
750.035	193.39
750.365	188.22
750.695	185
751.024	183.06
751.354	184.03
751.684	179.19
752.013	168.64
752.343	177.68
752.673	180.15
753.002	182.74
753.331	188.01
753.661	182.52
753.99	184.57
754.32	192.74
754.649	180.58
754.978	178.54
755.307	177.03
755.636	171.55
755.965	180.69
756.294	183.49
756.623	180.58
756.952	181.55
757.281	186.5
757.61	186.72
757.939	187.36
758.267	186.93
758.596	185
758.925	194.47
759.253	206.52
759.582	207.06
759.91	207.16
760.239	210.18
760.567	212.33
760.896	210.18
761.224	207.49
761.552	197.91
761.881	190.48
762.209	191.02
762.537	186.93
762.865	179.62
763.193	182.52
763.521	180.26
763.849	182.63
764.177	191.45
764.505	192.85
764.832	193.61
765.16	198.23
765.488	200.49
765.815	202.11
766.143	197.05
766.471	190.59
766.798	188.01
767.126	187.47
767.453	177.79
767.78	176.28
768.108	172.51
768.435	176.06
768.762	178.76
769.089	182.41
769.417	185
769.744	189.52
770.071	188.44
770.398	193.61
770.725	194.25
771.052	194.25
771.378	189.19
771.705	190.59
772.032	192.74
772.359	190.92
772.685	184.89
773.012	184.78
773.338	187.26
773.665	196.3
773.991	196.51
774.318	193.28
774.644	196.51
774.971	197.8
775.297	201.46
775.623	203.51
775.949	197.37
776.275	197.91
776.601	200.28
776.927	199.31
777.253	200.28
777.579	194.14
777.905	192.53
778.231	190.05
778.557	190.16
778.883	191.13
779.208	185
779.534	183.6
779.86	188.22
780.185	186.18
780.511	184.57
780.836	183.6
781.162	185.53
781.487	192.53
781.812	190.59
782.138	190.7
782.463	191.13
782.788	190.48
783.113	197.59
783.438	195.22
783.763	197.48
784.088	199.2
784.413	195.65
784.738	201.03
785.063	199.52
785.388	199.42
785.712	202.97
786.037	200.92
786.362	206.95
786.686	208.24
787.011	200.92
787.335	211.79
787.66	215.77
787.984	215.67
788.308	213.51
788.633	209.85
788.957	210.5
789.281	212.76
789.605	205.77
789.93	194.14
790.254	196.08
790.578	194.68
790.902	202.43
791.225	201.14
791.549	201.14
791.873	207.49
792.197	209.42
792.521	204.58
792.844	206.73
793.168	197.26
793.492	198.02
793.815	193.17
794.139	190.59
794.462	186.5
794.785	183.81
795.109	183.38
795.432	181.45
795.755	187.58
796.078	197.26
796.401	195.11
796.725	198.13
797.048	204.04
797.371	203.51
797.694	207.16
798.016	198.99
798.339	189.95
798.662	192.64
798.985	196.19
799.308	192.31
799.63	193.5
799.953	195
800.275	196.94
800.598	197.8
800.92	195.33
801.243	197.37
801.565	204.9
801.887	208.56
802.21	206.52
802.532	207.92
802.854	210.93
803.176	216.85
803.498	213.84
803.82	211.47
804.142	208.89
804.464	217.17
804.786	221.26
805.108	230.3
805.429	224.06
805.751	224.6
806.073	227.5
806.394	223.95
806.716	223.09
807.038	215.34
807.359	202.32
807.68	201.46
808.002	203.61
808.323	195.65
808.644	199.63
808.966	189.84
809.287	198.99
809.608	202.32
809.929	205.77
810.25	204.58
810.571	209.75
810.892	209.21
811.213	218.14
811.534	214.05
811.854	217.71
812.175	221.8
812.496	226.75
812.816	228.47
813.137	231.59
813.458	229.01
813.778	231.59
814.098	232.88
814.419	228.36
814.739	226.32
815.059	228.04
815.38	229.55
815.7	238.59
816.02	244.51
816.34	250.75
816.66	253.44
816.98	258.82
817.3	261.08
817.62	265.17
817.94	268.5
818.26	278.3
818.579	288.41
818.899	300.79
819.219	303.69
819.538	317.03
819.858	328.12
820.177	328.33
820.497	327.69
820.816	328.12
821.135	333.82
821.455	343.08
821.774	346.52
822.093	347.81
822.412	356.53
822.731	359.65
823.05	359.86
823.369	362.02
823.688	360.19
824.007	356.1
824.326	350.82
824.645	344.48
824.963	339.96
825.282	339.63
825.601	333.28
825.919	323.28
826.238	314.88
826.556	340.82
826.875	335.22
827.193	329.63
827.511	322.95
827.83	319.08
828.148	327.8
828.466	332.75
828.784	310.36
829.102	316.82
829.42	322.2
829.738	334.15
830.056	344.26
830.374	350.72
830.692	357.39
831.01	362.34
831.327	374.5
831.645	391.18
831.963	393.44
832.28	405.81
832.598	415.61
832.915	421.85
833.233	429.81
833.55	427.77
833.867	426.58
834.185	434.44
834.502	429.81
834.819	427.01
835.136	432.29
835.453	438.31
835.77	443.15
836.087	451.44
836.404	455.96
836.721	461.45
837.038	459.73
837.355	463.39
837.671	460.7
837.988	465
838.305	472.96
838.621	481.89
838.938	497.07
839.254	531.83
839.571	563.79
839.887	608.01
840.203	652.89
840.52	705.19
840.836	761.36
841.152	830.34
841.468	896.73
841.784	966.04
842.1	1048.68
842.416	1131.33
842.732	1216.88
843.048	1300.6
843.364	1381.84
843.679	1458.68
843.995	1546.38
844.311	1607.72
844.626	1684.23
844.942	1738.9
845.257	1792.92
845.573	1842.63
845.888	1883.63
846.203	1903.43
846.519	1942.39
846.834	1955.73
847.149	1975.64
847.464	1987.48
847.779	1981.67
848.094	1983.71
848.409	1976.93
848.724	1958.21
849.039	1947.45
849.354	1918.18
849.669	1891.49
849.983	1869.64
850.298	1828.54
850.613	1796.25
850.927	1767.63
851.242	1729.53
851.556	1698
851.871	1664.75
852.185	1630.75
852.499	1615.9
852.814	1604.28
853.128	1624.51
853.442	1631.18
853.756	1645.06
854.07	1673.25
854.384	1707.69
854.698	1745.68
855.012	1790.12
855.326	1797.76
855.64	1846.4
855.953	1899.56
856.267	1948.31
856.581	1996.73
856.894	2036.66
857.208	2079.27
857.521	2111.45
857.835	2132.11
858.148	2146.85
858.461	2156.21
858.775	2161.48
859.088	2168.8
859.401	2167.73
859.714	2179.13
860.027	2199.04
860.34	2222.07
860.653	2258.55
860.966	2304.71
861.279	2372.72
861.592	2448.81
861.904	2544.26
862.217	2646.92
862.53	2779.49
862.842	2913.9
863.155	3079.19
863.467	3227.91
863.78	3407.19
864.092	3587.01
864.405	3784.04
864.717	3989.47
865.029	4209
865.341	4413.89
865.653	4662.36
865.966	4877.47
866.278	5093.66
866.589	5305.77
866.901	5498.39
867.213	5701.45
867.525	5903.54
867.837	6079.16
868.149	6255.75
868.46	6425.13
868.772	6573.85
869.083	6711.59
869.395	6817.91
869.706	6934.67
870.018	7045.29
870.329	7150.32
870.64	7273.97
870.952	7416.44
871.263	7548.91
871.574	7687.84
871.885	7835.27
872.196	7980.65
872.507	8135.61
872.818	8265.28
873.129	8392.48
873.44	8500.62
873.75	8632.45
874.061	8714.55
874.372	8769.11
874.682	8839.06
874.993	8895.34
875.303	8905.46
875.614	8928.81
875.924	8875.54
876.235	8850.68
876.545	8817.43
876.855	8721.66
877.165	8585.74
877.475	8450.8
877.786	8273.89
878.096	8087.61
878.406	7815.36
878.715	7501.24
879.025	7201.22
879.335	6890.77
879.645	6540.49
879.955	6201.52
880.264	5866.96
880.574	5554.02
880.883	5262.83
881.193	4965.18
881.502	4687.43
881.812	4431.86
882.121	4190.59
882.43	3975.8
882.74	3806.42
883.049	3678.8
883.358	3592.17
883.667	3542.02
883.976	3538.04
884.285	3582.38
884.594	3676.86
884.903	3789.64
885.212	3946
885.52	4168
885.829	4417.76
886.138	4711.75
886.446	5050.3
886.755	5417.9
887.063	5881.59
887.372	6390.91
887.68	6953.72
887.988	7618.54
888.297	8380.85
888.605	9253.68
888.913	10245.64
889.221	11290.33
889.529	12493.74
889.837	13747.62
890.145	15175.51
890.453	16691.1
890.761	18232.63
891.069	19857.23
891.377	21624.41
891.684	23384.17
891.992	25128.97
892.299	26772.94
892.607	28360.63
892.914	29912.38
893.222	31343.39
893.529	32704.67
893.837	33870.63
894.144	34944.37
894.451	35865.95
894.758	36611.91
895.065	37223.89
895.372	37746.56
895.679	37940.47
895.986	38201.54
896.293	38176.79
896.6	37938.11
896.907	37639.92
897.213	37192.69
897.52	36534.32
897.827	35740.05
898.133	34655.76
898.44	33646.05
898.746	32659.8
899.053	31535.15
899.359	30377.58
899.665	29201.4
899.972	28067.61
900.278	26955.34
900.584	25869.01
900.89	24779.56
901.196	23711.63
901.502	22698.91
901.808	21729.98
902.114	20879.21
902.419	20086.33
902.725	19323.37
903.031	18677.6
903.337	18170.43
903.642	17725.78
903.948	17413.6
904.253	17177.29
904.559	17115.52
904.864	17150.81
905.169	17307.39
905.475	17592.34
905.78	17962.63
906.085	18456.24
906.39	18994.94
906.695	19528.58
907	20147.02
907.305	20793.55
907.61	21415.22
907.915	22061.1
908.219	22655
908.524	23238.47
908.829	23800.52
909.133	24373.76
909.438	24835.84
909.743	25302.87
910.047	25647.55
910.351	26020.74
910.656	26383.82
910.96	26677.28
911.264	26986.34
911.568	27308.31
911.873	27580.24
912.177	27922.77
912.481	28257.54
912.785	28705.63
913.088	29168.25
913.392	29621.62
913.696	30062.18
914	30580.32
914.304	31134.2
914.607	31696.46
914.911	32150.58
915.214	32762.03
915.518	33318.37
915.821	33927.56
916.124	34432.47
916.428	34849.78
916.731	35306.48
917.034	35787.83
917.337	36003.69
917.64	36257.76
917.943	36469.97
918.246	36620.73
918.549	36720.27
918.852	36712.63
919.155	36761.6
919.458	36848.55
919.76	37017.28
920.063	37080.77
920.366	37301.91
920.668	37767.54
920.971	38204.77
921.273	38674.6
921.576	39354.48
921.878	39853.9
922.18	40734.37
922.482	41604.84
922.784	42488.75
923.087	43619.53
923.389	44756.44
923.691	45953.28
923.992	47349.64
924.294	48676.91
924.596	50161.94
924.898	51588.65
925.2	52857.06
925.501	54098.67
925.803	55284.76
926.104	56287.58
926.406	57038.71
926.707	57665
927.009	58183.79
927.31	58516.74
927.611	58747.24
927.912	58801.59
928.214	58791.8
928.515	58716.79
928.816	58416.99
929.117	58033.78
929.418	57706.54
929.719	57280.94
930.019	56750.42
930.32	56237.33
930.621	55673.13
930.922	55036.18
931.222	54226.19
931.523	53316.99
931.823	52383.46
932.124	51341.68
932.424	50310.12
932.724	49031.17
933.025	47965.82
933.325	46993.67
933.625	46010.43
933.925	45033.32
934.225	44156.72
934.525	43324.03
934.825	42806.74
935.125	42141.28
935.425	41392.84
935.724	40657.54
936.024	39783.85
936.324	38944.27
936.623	38056.26
936.923	36886.43
937.222	35626.84
937.522	34575.59
937.821	33426.74
938.12	32319.96
938.42	31122.57
938.719	29768.08
939.018	28751.58
939.317	27850.24
939.616	26850.75
939.915	25956.5
940.214	25334.94
940.513	24773.86
940.812	24468.78
941.111	24256.36
941.409	24227.84
941.708	24483.31
942.006	24987.9
942.305	25588.9
942.603	26544.38
942.902	27480.49
943.2	28596.52
943.499	29877.19
943.797	31198.22
944.095	32514.41
944.393	33944.99
944.691	35301.64
944.989	36760.74
945.287	38137.94
945.585	39354.48
945.883	40575.86
946.181	41966.52
946.479	43366.43
946.776	44887.08
947.074	46581.52
947.371	48131.76
947.669	49850.3
947.966	51527.2
948.264	53016.54
948.561	54180.56
948.858	55303.91
949.156	56118.96
949.453	57018.15
949.75	57626.48
950.047	58080.17
950.344	58490.92
950.641	58880.68
950.938	59015.52
951.235	59078.58
951.532	58917.27
951.828	58554.19
952.125	58013.02
952.422	57283.31
952.718	56480.42
953.015	55510.1
953.311	54527.5
953.607	53387.9
953.904	52251.96
954.2	50969.67
954.496	49497.56
954.792	47674.52
955.089	45743.01
955.385	43489.21
955.681	41149.86
955.976	38554.18
956.272	36092.9
956.568	33604.94
956.864	31390.42
957.16	29243.58
957.455	27306.48
957.751	25479.68
958.046	23890.7
958.342	22449.03
958.637	21272.74
958.933	20318.34
959.228	19833.66
959.523	19597.78
959.818	19744.99
960.114	20360.09
960.409	21331.6
960.704	22563.96
960.999	24084.18
961.294	25533.16
961.588	27317.78
961.883	29331.82
962.178	31462.73
962.473	33699.32
962.767	35997.56
963.062	38314.31
963.356	40918.5
963.651	43364.17
963.945	45679.09
964.239	47995.2
964.534	50047.98
964.828	52072.47
965.122	53886.68
965.416	55336.73
965.71	56571.57
966.004	57556.64
966.298	58238.57
966.592	58692.58
966.886	58965.26
967.18	59086
967.473	59124.31
967.767	59111.94
968.061	58976.46
968.354	58793.3
968.648	58460.25
968.941	57985.36
969.234	57321.83
969.528	56459.98
969.821	55408.73
970.114	54270.2
970.407	52736.43
970.7	51153.47
970.993	49392.31
971.286	47468.55
971.579	45278.89
971.872	42956.97
972.165	40412.73
972.457	37873.22
972.75	35295.08
973.043	32721.35
973.335	30224.99
973.628	28018.22
973.92	25936.05
974.213	24140.78
974.505	22570.1
974.797	21127.57
975.089	19821.93
975.382	18741.73
975.674	17711.04
975.966	16880.39
976.258	16167.9
976.55	15589.81
976.841	15190.57
977.133	14952.86
977.425	14794.14
977.717	14775.2
978.008	14774.66
978.3	14799.73
978.591	14907.13
978.883	14977.94
979.174	15003.01
979.465	15005.81
979.757	15000.86
980.048	14895.29
980.339	14749.05
980.63	14526.51
980.921	14262.97
981.212	13945.09
981.503	13581.36
981.794	13178.57
982.085	12788.38
982.376	12386.88
982.666	11949.23
982.957	11474.34
983.248	11027.76
983.538	10538.77
983.828	10009.44
984.119	9459.76
984.409	8902.01
984.7	8315.75
984.99	7757.46
985.28	7209.51
985.57	6688.35
985.86	6186.78
986.15	5734.7
986.44	5297.8
986.73	4930.42
987.02	4601.67
987.309	4313.49
987.599	4077.82
987.889	3894.45
988.178	3744.98
988.468	3638.44
988.757	3545.04
989.047	3467.02
989.336	3385.45
989.625	3315.61
989.915	3243.73
990.204	3182.07
990.493	3120.94
990.782	3069.72
991.071	3022.59
991.36	2976.21
991.649	2928.86
991.938	2881.4
992.226	2820.92
992.515	2756.36
992.804	2691.9
993.092	2617.32
993.381	2530.59
993.669	2441.06
993.958	2347.01
994.246	2258.76
994.534	2167.83
994.823	2058.39
995.111	1964.02
995.399	1870.61
995.687	1773.44
995.975	1684.34
996.263	1590.93
996.551	1503.12
996.839	1418.65
997.126	1337.62
997.414	1268.64
997.702	1206.12
997.989	1145.1
998.277	1094.63
998.564	1049.43
998.852	1013.92
999.139	974.21
999.426	942.9
999.713	921.81
1000.001	902.12
1000.288	877.47
1000.575	861.33
1000.862	839.59
1001.149	826.36
1001.436	815.92
1001.722	792.78
1002.009	771.05
1002.296	758.35
1002.582	735.32
1002.869	717.35
1003.156	699.05
1003.442	675.06
1003.728	660.1
1004.015	648.05
1004.301	632.87
1004.587	613.61
1004.873	601.24
1005.16	583.16
1005.446	570.35
1005.732	550.66
1006.017	531.5
1006.303	516.12
1006.589	517.19
1006.875	507.72
1007.161	498.36
1007.446	494.59
1007.732	490.4
1008.017	486.31
1008.303	480.39
1008.588	464.14
1008.873	451.23
1009.159	451.01
1009.444	441
1009.729	436.7
1010.014	426.8
1010.299	423.03
1010.584	417.11
1010.869	412.81
1011.154	401.4
1011.439	394.19
1011.723	394.51
1012.008	389.78
1012.293	380.2
1012.577	372.35
1012.862	361.59
1013.146	362.66
1013.43	357.82
1013.715	346.41
1013.999	340.17
1014.283	334.9
1014.567	331.99
1014.851	335.44
1015.135	329.09
1015.419	328.23
1015.703	327.47
1015.987	328.55
1016.271	323.81
1016.555	322.2
1016.838	315.53
1017.122	318
1017.405	312.52
1017.689	317.14
1017.972	317.36
1018.256	322.95
1018.539	325.11
1018.822	328.33
1019.105	320.91
1019.388	319.62
1019.671	309.18
1019.954	308.53
1020.237	303.58
1020.52	300.89
1020.803	302.51
1021.086	301.97
1021.368	301.75
1021.651	304.23
1021.934	300.31
1022.216	302.35
