339.735	50.75
340.108	31.77
340.482	13.00
340.855	-5.70
341.228	-18.03
341.602	-28.19
341.975	-31.04
342.348	-28.80
342.721	-23.17
343.094	-19.57
343.468	-10.50
343.841	4.37
344.214	16.77
344.587	23.42
344.960	26.78
345.333	32.03
345.706	42.99
346.079	50.44
346.452	52.87
346.824	57.80
347.197	70.38
347.570	82.59
347.943	89.23
348.316	97.31
348.688	110.67
349.061	124.31
349.434	133.20
349.806	138.62
350.179	145.04
350.552	151.64
350.924	151.79
351.297	151.13
351.669	151.27
352.042	152.23
352.414	152.69
352.787	151.13
353.159	151.34
353.531	156.74
353.904	158.87
354.276	156.87
354.648	160.18
355.020	167.39
355.393	171.24
355.765	172.91
356.137	167.16
356.509	163.58
356.881	164.84
357.253	163.02
357.625	155.77
357.997	157.50
358.369	164.01
358.741	164.16
359.113	165.94
359.485	164.90
359.857	161.36
360.229	156.80
360.600	148.10
360.972	138.97
361.344	138.91
361.716	133.89
362.087	130.79
362.459	131.61
362.831	132.51
363.202	136.69
363.574	136.29
363.945	133.60
364.317	132.49
364.688	134.35
365.060	135.54
365.431	134.67
365.803	131.93
366.174	131.31
366.545	136.25
366.917	141.91
367.288	146.49
367.659	147.58
368.030	147.33
368.402	150.88
368.773	152.55
369.144	149.75
369.515	145.07
369.886	140.71
370.257	137.89
370.628	138.67
370.999	136.00
371.370	135.04
371.741	135.22
372.112	136.01
372.483	139.71
372.853	140.35
373.224	141.31
373.595	146.33
373.966	158.31
374.336	171.38
374.707	172.95
375.078	170.21
375.448	175.66
375.819	182.80
376.190	180.18
376.560	170.34
376.931	162.56
377.301	169.47
377.671	170.42
378.042	162.24
378.412	156.10
378.783	155.48
379.153	155.44
379.523	150.29
379.893	144.18
380.264	142.60
380.634	146.49
381.004	146.74
381.374	146.36
381.744	148.44
382.114	154.13
382.484	155.72
382.854	157.65
383.224	159.05
383.594	161.63
383.964	158.89
384.334	154.00
384.704	150.22
385.074	150.78
385.444	150.75
385.814	148.41
386.183	143.90
386.553	147.71
386.923	151.66
387.292	149.35
387.662	146.60
388.032	148.05
388.401	151.25
388.771	153.29
389.140	153.07
389.510	154.10
389.879	153.38
390.248	154.65
390.618	156.75
390.987	160.57
391.356	161.57
391.726	162.46
392.095	162.90
392.464	161.97
392.833	160.20
393.203	158.70
393.572	153.78
393.941	155.58
394.310	156.36
394.679	156.97
395.048	166.00
395.417	184.45
395.786	185.00
396.155	184.21
396.524	178.64
396.893	175.95
397.261	172.63
397.630	170.22
397.999	163.10
398.368	161.36
398.736	161.26
399.105	164.73
399.474	165.05
399.842	166.41
400.211	161.40
400.579	153.21
400.948	153.95
401.317	158.46
401.685	156.63
402.053	156.30
402.422	158.12
402.790	155.90
403.158	153.12
403.527	151.45
403.895	145.16
404.263	141.85
404.632	141.63
405.000	142.42
405.368	146.76
405.736	149.85
406.104	153.43
406.472	163.61
406.840	165.44
407.208	163.74
407.576	160.45
407.944	159.30
408.312	160.33
408.680	155.93
409.048	150.28
409.415	150.84
409.783	150.13
410.151	150.10
410.519	144.61
410.886	140.73
411.254	143.06
411.622	144.04
411.989	146.14
412.357	150.05
412.724	150.73
413.092	149.92
413.459	150.33
413.827	151.13
414.194	151.17
414.561	147.91
414.929	144.89
415.296	145.01
415.663	146.98
416.030	148.14
416.398	141.95
416.765	138.42
417.132	139.82
417.499	138.34
417.866	134.84
418.233	136.37
418.600	138.81
418.967	141.79
419.334	142.12
419.701	136.48
420.068	137.62
420.435	145.58
420.802	147.19
421.168	144.15
421.535	145.66
421.902	153.77
422.269	162.18
422.635	161.91
423.002	156.45
423.369	153.61
423.735	156.01
424.102	159.19
424.468	158.90
424.835	156.92
425.201	159.95
425.567	162.55
425.934	163.61
426.300	163.15
426.667	164.37
427.033	162.67
427.399	161.10
427.765	160.54
428.131	163.86
428.498	162.76
428.864	163.37
429.230	161.90
429.596	160.17
429.962	165.51
430.328	168.44
430.694	166.19
431.060	171.71
431.426	171.65
431.792	171.47
432.157	174.18
432.523	169.29
432.889	166.79
433.255	165.71
433.620	161.07
433.986	157.82
434.352	155.29
434.717	158.78
435.083	163.07
435.448	161.37
435.814	158.78
436.179	160.72
436.545	163.69
436.910	164.31
437.276	162.43
437.641	160.87
438.006	166.56
438.372	171.09
438.737	175.01
439.102	178.70
439.467	178.98
439.832	175.33
440.197	170.41
440.563	168.68
440.928	165.51
441.293	164.40
441.658	163.51
442.023	167.44
442.387	175.58
442.752	181.33
443.117	183.98
443.482	190.08
443.847	195.39
444.212	197.54
444.576	195.11
444.941	191.87
445.306	193.12
445.670	193.62
446.035	190.75
446.399	190.34
446.764	193.01
447.128	196.32
447.493	196.29
447.857	195.23
448.222	193.37
448.586	194.57
448.950	193.85
449.315	187.81
449.679	188.98
450.043	194.55
450.407	194.70
450.772	201.00
451.136	207.32
451.500	208.85
451.864	213.59
452.228	216.50
452.592	217.88
452.956	220.99
453.320	220.48
453.684	217.36
454.047	216.40
454.411	214.46
454.775	214.53
455.139	217.71
455.503	219.16
455.866	218.24
456.230	218.18
456.594	219.75
456.957	221.30
457.321	221.56
457.684	212.55
458.048	209.43
458.411	212.43
458.775	211.43
459.138	210.74
459.501	213.44
459.865	214.92
460.228	216.78
460.591	217.02
460.955	211.87
461.318	211.05
461.681	208.00
462.044	199.91
462.407	195.65
462.770	194.23
463.133	195.65
463.496	193.90
463.859	192.23
464.222	196.62
464.585	200.76
464.948	204.18
465.311	209.92
465.674	208.08
466.036	210.02
466.399	211.68
466.762	207.93
467.124	201.50
467.487	195.79
467.850	191.02
468.212	189.76
468.575	187.42
468.937	181.89
469.300	183.66
469.662	192.26
470.024	194.80
470.387	195.19
470.749	194.13
471.111	193.83
471.474	198.10
471.836	197.34
472.198	189.49
472.560	186.91
472.922	183.41
473.284	180.62
473.646	182.25
474.008	185.58
474.370	187.45
474.732	191.11
475.094	192.84
475.456	194.79
475.818	196.78
476.180	194.07
476.542	188.69
476.903	189.18
477.265	188.71
477.627	186.67
477.988	185.78
478.350	188.16
478.711	189.74
479.073	188.83
479.435	182.81
479.796	178.06
480.157	179.18
480.519	181.23
480.880	176.67
481.241	173.56
481.603	174.64
481.964	178.30
482.325	178.47
482.686	178.19
483.048	180.77
483.409	182.91
483.770	188.98
484.131	192.29
484.492	195.56
484.853	203.12
485.214	204.34
485.575	204.91
485.936	210.26
486.296	213.82
486.657	218.53
487.018	217.67
487.379	216.48
487.739	218.92
488.100	221.00
488.461	218.96
488.821	218.99
489.182	218.58
489.542	221.53
489.903	221.96
490.263	223.23
490.624	222.81
490.984	219.33
491.345	217.08
491.705	218.67
492.065	219.51
492.425	218.73
492.786	215.12
493.146	215.65
493.506	215.88
493.866	215.40
494.226	215.67
494.586	219.75
494.946	227.45
495.306	234.05
495.666	236.90
496.026	237.12
496.386	236.20
496.746	231.37
497.106	224.05
497.465	216.31
497.825	209.44
498.185	204.33
498.544	205.33
498.904	204.37
499.264	206.41
499.623	211.32
499.983	214.59
500.342	222.67
500.702	230.13
501.061	231.28
501.420	234.71
501.780	236.25
502.139	239.37
502.498	239.64
502.858	237.46
503.217	234.76
503.576	233.12
503.935	234.36
504.294	236.74
504.653	237.76
505.012	238.03
505.371	237.94
505.730	236.61
506.089	240.35
506.448	239.06
506.807	238.20
507.166	241.19
507.524	245.29
507.883	246.25
508.242	249.73
508.601	249.59
508.959	253.21
509.318	251.52
509.676	243.10
510.035	240.74
510.393	243.52
510.752	248.83
511.110	248.92
511.469	248.96
511.827	249.21
512.185	248.96
512.544	247.42
512.902	244.59
513.260	239.21
513.618	236.39
513.976	238.90
514.334	242.21
514.692	251.22
515.050	257.70
515.408	258.25
515.766	259.02
516.124	260.74
516.482	259.40
516.840	258.02
517.198	257.13
517.556	258.99
517.913	263.26
518.271	266.93
518.629	270.44
518.986	275.36
519.344	276.47
519.701	278.25
520.059	276.96
520.416	274.29
520.774	273.38
521.131	275.42
521.489	275.68
521.846	284.18
522.203	288.44
522.561	284.82
522.918	286.27
523.275	290.39
523.632	294.47
523.989	294.32
524.346	289.49
524.703	286.98
525.060	290.81
525.417	292.77
525.774	292.67
526.131	290.54
526.488	290.67
526.845	291.42
527.202	286.75
527.559	283.71
527.915	285.54
528.272	287.24
528.629	289.13
528.985	290.52
529.342	289.71
529.698	295.99
530.055	298.66
530.411	299.35
530.768	305.17
531.124	305.66
531.480	302.63
531.837	304.98
532.193	303.11
532.549	305.25
532.906	304.96
533.262	298.72
533.618	297.32
533.974	296.74
534.330	293.43
534.686	289.16
535.042	287.34
535.398	285.01
535.754	288.77
536.110	292.71
536.466	299.86
536.821	306.77
537.177	308.44
537.533	309.40
537.889	312.00
538.244	308.48
538.600	298.66
538.955	292.99
539.311	291.81
539.667	292.11
540.022	291.04
540.377	290.53
540.733	297.15
541.088	305.32
541.444	309.43
541.799	312.14
542.154	313.55
542.509	315.47
542.864	316.61
543.220	313.08
543.575	309.12
543.930	303.75
544.285	300.96
544.640	296.51
544.995	292.52
545.350	296.01
545.705	299.17
546.059	300.55
546.414	304.68
546.769	310.58
547.124	315.77
547.478	317.38
547.833	313.99
548.188	311.73
548.542	312.24
548.897	309.87
549.251	307.18
549.606	308.79
549.960	309.51
550.315	308.48
550.669	306.31
551.023	309.66
551.378	311.60
551.732	310.86
552.086	308.40
552.440	307.33
552.794	304.96
553.148	303.38
553.502	306.88
553.856	308.73
554.210	307.67
554.564	321.28
554.918	339.08
555.272	341.72
555.626	343.50
555.980	341.12
556.334	336.04
556.687	339.45
557.041	327.57
557.395	316.34
557.748	318.64
558.102	322.81
558.455	332.67
558.809	339.69
559.162	347.16
559.516	350.31
559.869	349.70
560.222	353.58
560.576	355.46
560.929	352.73
561.282	348.55
561.635	346.54
561.988	343.00
562.342	343.96
562.695	341.00
563.048	344.80
563.401	345.90
563.754	348.89
564.107	350.38
564.459	347.78
564.812	348.69
565.165	343.80
565.518	337.42
565.871	339.57
566.223	339.75
566.576	336.49
566.929	339.98
567.281	342.92
567.634	344.02
567.986	349.17
568.339	346.27
568.691	347.26
569.044	349.39
569.396	351.20
569.748	354.70
570.100	358.39
570.453	363.11
570.805	363.57
571.157	365.54
571.509	367.48
571.861	366.86
572.213	366.37
572.565	365.53
572.917	365.91
573.269	365.87
573.621	366.54
573.973	367.13
574.325	371.48
574.677	373.23
575.028	374.17
575.380	371.46
575.732	369.37
576.083	368.87
576.435	361.87
576.786	355.13
577.138	355.30
577.489	355.03
577.841	359.57
578.192	358.91
578.543	358.18
578.895	362.54
579.246	366.21
579.597	365.01
579.948	360.51
580.300	358.36
580.651	356.97
581.002	356.96
581.353	358.39
581.704	360.46
582.055	363.33
582.406	369.50
582.757	373.64
583.107	375.12
583.458	372.57
583.809	370.31
584.160	366.62
584.510	361.67
584.861	358.19
585.212	353.96
585.562	350.75
585.913	354.33
586.263	358.28
586.614	361.63
586.964	362.29
587.315	362.09
587.665	357.75
588.015	354.97
588.365	351.00
588.716	346.80
589.066	348.96
589.416	346.38
589.766	347.93
590.116	348.12
590.466	348.59
590.816	358.82
591.166	366.36
591.516	366.43
591.866	367.60
592.216	371.00
592.566	374.81
592.915	372.66
593.265	367.11
593.615	362.63
593.964	356.47
594.314	359.32
594.663	360.38
595.013	360.36
595.362	360.97
595.712	357.26
596.061	357.59
596.411	360.19
596.760	359.55
597.109	357.54
597.458	355.78
597.808	359.88
598.157	370.88
598.506	372.62
598.855	373.10
599.204	370.39
599.553	369.73
599.902	374.00
600.251	368.35
600.600	356.78
600.949	355.73
601.297	355.05
601.646	356.33
601.995	357.15
602.344	356.30
602.692	354.07
603.041	352.22
603.389	351.40
603.738	346.06
604.086	342.63
604.435	334.90
604.783	332.61
605.132	338.84
605.480	344.97
605.828	350.99
606.177	360.14
606.525	367.78
606.873	371.28
607.221	373.94
607.569	369.52
607.917	365.60
608.265	362.21
608.613	357.60
608.961	354.86
609.309	354.86
609.657	358.78
610.005	361.48
610.352	367.59
610.700	364.07
611.048	361.90
611.395	365.55
611.743	373.16
612.091	373.37
612.438	371.54
612.786	367.54
613.133	365.23
613.480	365.51
613.828	362.41
614.175	360.27
614.522	357.17
614.870	358.73
615.217	362.21
615.564	366.11
615.911	370.43
616.258	373.37
616.605	372.60
616.952	371.42
617.299	368.74
617.646	367.95
617.993	370.27
618.340	368.02
618.687	365.24
619.033	361.13
619.380	360.77
619.727	365.51
620.073	368.05
620.420	371.19
620.767	369.97
621.113	369.47
621.459	374.41
621.806	377.66
622.152	378.23
622.499	375.78
622.845	370.49
623.191	364.35
623.537	366.13
623.884	364.72
624.230	359.22
624.576	354.39
624.922	353.02
625.268	348.66
625.614	347.55
625.960	346.48
626.306	343.65
626.652	348.53
626.998	351.66
627.343	353.59
627.689	362.16
628.035	369.04
628.380	372.98
628.726	372.67
629.072	366.18
629.417	364.76
629.763	365.97
630.108	364.65
630.453	360.71
630.799	356.64
631.144	357.19
631.489	355.35
631.835	348.45
632.180	341.38
632.525	333.59
632.870	327.88
633.215	325.55
633.560	329.12
633.905	330.71
634.250	330.97
634.595	332.75
634.940	332.88
635.285	340.33
635.630	347.80
635.974	346.02
636.319	343.69
636.664	341.20
637.008	344.59
637.353	345.81
637.698	338.19
638.042	328.25
638.387	327.80
638.731	329.53
639.075	330.49
639.420	325.46
639.764	327.39
640.108	332.79
640.452	331.42
640.797	324.45
641.141	327.27
641.485	327.80
641.829	329.09
642.173	321.90
642.517	313.31
642.861	315.41
643.205	315.18
643.549	311.60
643.892	307.32
644.236	306.82
644.580	305.98
644.923	300.30
645.267	297.23
645.611	295.16
645.954	293.58
646.298	300.01
646.641	301.19
646.985	299.92
647.328	304.95
647.671	304.73
648.015	304.37
648.358	306.41
648.701	300.73
649.044	297.67
649.387	293.05
649.731	289.32
650.074	291.85
650.417	295.46
650.760	294.27
651.102	291.17
651.445	292.90
651.788	297.43
652.131	298.37
652.474	296.21
652.816	292.13
653.159	292.05
653.502	291.53
653.844	289.24
654.187	286.10
654.529	286.21
654.872	287.10
655.214	280.65
655.557	275.25
655.899	271.53
656.241	271.88
656.583	275.49
656.926	278.67
657.268	280.35
657.610	285.38
657.952	286.37
658.294	284.56
658.636	283.86
658.978	281.74
659.320	275.12
659.662	268.01
660.004	261.50
660.345	264.30
660.687	268.15
661.029	267.20
661.371	267.41
661.712	272.81
662.054	278.91
662.395	285.51
662.737	285.03
663.078	285.17
663.420	284.32
663.761	283.53
664.102	282.65
664.444	283.86
664.785	282.08
665.126	275.96
665.467	272.49
665.808	277.00
666.149	282.16
666.490	279.42
666.831	275.82
667.172	273.90
667.513	276.50
667.854	275.12
668.195	269.35
668.535	262.73
668.876	261.39
669.217	260.49
669.557	254.63
669.898	256.39
670.239	260.18
670.579	269.01
670.920	275.19
671.260	274.30
671.600	274.94
671.941	277.04
672.281	272.83
672.621	267.71
672.961	256.70
673.302	248.05
673.642	252.81
673.982	255.73
674.322	256.33
674.662	257.21
675.002	259.78
675.342	273.86
675.682	280.22
676.021	273.67
676.361	271.05
676.701	267.16
677.041	264.94
677.380	261.72
677.720	247.56
678.059	244.57
678.399	244.97
678.738	240.10
679.078	242.01
679.417	241.00
679.756	243.75
680.096	242.44
680.435	239.61
680.774	238.48
681.113	241.43
681.453	242.48
681.792	237.85
682.131	238.20
682.470	240.67
682.809	239.75
683.148	243.75
683.486	240.11
683.825	237.93
684.164	239.96
684.503	236.20
684.841	231.95
685.180	228.07
685.519	223.97
685.857	222.13
686.196	220.51
686.534	219.89
686.873	215.92
687.211	215.39
687.549	214.13
687.888	215.96
688.226	214.62
688.564	209.34
688.902	209.62
689.240	212.14
689.578	213.67
689.917	216.86
690.255	219.54
690.592	236.41
690.930	246.82
691.268	248.20
691.606	249.56
691.944	246.07
692.282	246.43
692.619	243.73
692.957	227.15
693.294	222.10
693.632	226.55
693.970	235.98
694.307	241.03
694.644	240.44
694.982	240.87
695.319	238.63
695.656	235.66
695.994	225.79
696.331	221.91
696.668	216.69
697.005	211.29
697.342	210.27
697.679	215.14
698.016	216.65
698.353	214.15
698.690	204.55
699.027	205.42
699.364	209.99
699.700	205.37
700.037	200.81
700.374	200.89
700.710	203.75
701.047	203.60
701.384	203.16
701.720	201.53
702.057	203.09
702.393	205.82
702.729	202.31
703.066	206.79
703.402	211.24
703.738	210.31
704.074	211.35
704.410	214.15
704.747	215.81
705.083	211.94
705.419	207.12
705.755	204.04
706.091	206.09
706.426	201.02
706.762	194.98
707.098	188.53
707.434	197.60
707.769	200.57
708.105	199.01
708.441	198.07
708.776	200.38
709.112	204.86
709.447	207.29
709.783	201.13
710.118	196.49
710.453	199.20
710.789	200.97
711.124	204.20
711.459	199.61
711.794	195.44
712.129	202.47
712.464	207.61
712.799	204.81
713.134	203.04
713.469	202.09
713.804	203.34
714.139	202.10
714.474	197.63
714.809	194.49
715.143	195.81
715.478	192.32
715.813	190.30
716.147	194.55
716.482	197.28
716.816	196.40
717.151	198.19
717.485	197.27
717.819	203.40
718.154	205.40
718.488	199.44
718.822	199.10
719.156	198.10
719.491	193.15
719.825	189.39
720.159	182.78
720.493	179.02
720.827	181.99
721.161	182.47
721.494	181.32
721.828	187.03
722.162	189.07
722.496	190.23
722.829	191.74
723.163	190.63
723.497	190.26
723.830	190.95
724.164	190.19
724.497	188.98
724.830	193.25
725.164	196.07
725.497	197.98
725.830	203.00
726.164	207.79
726.497	208.47
726.830	208.44
727.163	211.08
727.496	204.62
727.829	198.13
728.162	189.74
728.495	188.30
728.828	185.86
729.160	187.58
729.493	186.18
729.826	189.48
730.159	193.96
730.491	198.21
730.824	195.67
731.156	191.58
731.489	189.60
731.821	187.11
732.154	183.64
732.486	182.43
732.818	183.25
733.151	186.03
733.483	187.86
733.815	190.93
734.147	194.73
734.479	199.10
734.811	199.12
735.143	197.65
735.475	198.85
735.807	198.85
736.139	201.01
736.471	198.01
736.803	200.79
737.134	199.72
737.466	195.60
737.798	191.60
738.129	190.99
738.461	185.73
738.792	187.17
739.124	182.13
739.455	181.08
739.786	186.26
740.118	187.57
740.449	187.20
740.780	193.83
741.111	200.76
741.442	200.32
741.773	203.28
742.104	204.95
742.435	207.64
742.766	212.62
743.097	205.08
743.428	200.42
743.759	203.01
744.090	200.29
744.420	190.67
744.751	188.66
745.081	187.57
745.412	187.03
745.743	189.77
746.073	183.85
746.403	184.78
746.734	189.76
747.064	190.59
747.394	187.60
747.725	186.51
748.055	187.97
748.385	185.90
748.715	188.56
749.045	190.16
749.375	185.52
749.705	186.30
750.035	187.51
750.365	183.84
750.695	187.63
751.024	195.95
751.354	198.50
751.684	203.09
752.013	205.43
752.343	205.82
752.673	208.87
753.002	210.35
753.331	205.36
753.661	201.28
753.990	199.93
754.320	202.06
754.649	202.16
754.978	202.08
755.307	199.31
755.636	195.99
755.965	197.30
756.294	196.27
756.623	190.70
756.952	190.02
757.281	194.46
757.610	199.34
757.939	207.98
758.267	207.82
758.596	204.07
758.925	207.97
759.253	206.58
759.582	204.60
759.910	198.28
760.239	188.73
760.567	186.64
760.896	187.30
761.224	185.39
761.552	185.29
761.881	182.63
762.209	183.48
762.537	181.13
762.865	181.56
763.193	183.72
763.521	187.64
763.849	192.18
764.177	199.13
764.505	205.44
764.832	210.48
765.160	211.35
765.488	212.42
765.815	211.10
766.143	204.67
766.471	198.15
766.798	189.32
767.126	184.80
767.453	183.83
767.780	188.54
768.108	187.43
768.435	185.74
768.762	183.17
769.089	185.86
769.417	191.41
769.744	194.36
770.071	191.24
770.398	193.27
770.725	195.67
771.052	197.92
771.378	199.78
771.705	198.15
772.032	200.25
772.359	198.76
772.685	195.40
773.012	193.56
773.338	196.17
773.665	191.12
773.991	202.77
774.318	197.01
774.644	197.29
774.971	207.50
775.297	209.36
775.623	206.18
775.949	202.80
776.275	185.16
776.601	188.01
776.927	184.98
777.253	177.43
777.579	182.33
777.905	183.34
778.231	188.92
778.557	196.49
778.883	196.54
779.208	199.18
779.534	203.02
779.860	201.74
780.185	206.73
780.511	206.27
780.836	200.41
781.162	202.02
781.487	203.19
781.812	197.51
782.138	193.52
782.463	193.96
782.788	194.72
783.113	197.91
783.438	195.96
783.763	197.30
784.088	205.20
784.413	207.20
784.738	203.96
785.063	204.69
785.388	205.64
785.712	206.65
786.037	204.14
786.362	206.26
786.686	210.87
787.011	207.56
787.335	208.43
787.660	204.85
787.984	209.33
788.308	210.31
788.633	204.22
788.957	201.72
789.281	203.85
789.605	204.45
789.930	205.96
790.254	206.97
790.578	203.64
790.902	202.23
791.225	199.20
791.549	200.00
791.873	197.44
792.197	196.26
792.521	192.28
792.844	194.55
793.168	195.87
793.492	197.38
793.815	195.03
794.139	200.02
794.462	203.25
794.785	199.36
795.109	202.75
795.432	199.41
795.755	199.68
796.078	204.99
796.401	205.43
796.725	211.23
797.048	215.91
797.371	212.52
797.694	214.58
798.016	218.59
798.339	220.90
798.662	214.96
798.985	206.47
799.308	209.39
799.630	209.36
799.953	211.81
800.275	207.49
800.598	209.26
800.920	208.01
801.243	213.52
801.565	210.08
801.887	211.92
802.210	210.42
802.532	213.19
802.854	211.79
803.176	211.36
803.498	214.47
803.820	219.47
804.142	220.78
804.464	225.69
804.786	224.18
805.108	223.09
805.429	228.06
805.751	225.86
806.073	222.77
806.394	223.85
806.716	220.38
807.038	217.79
807.359	218.86
807.680	220.91
808.002	219.07
808.323	218.98
808.644	223.79
808.966	225.92
809.287	234.23
809.608	236.20
809.929	240.96
810.250	246.85
810.571	245.75
810.892	244.72
811.213	245.95
811.534	248.28
811.854	252.01
812.175	245.15
812.496	244.33
812.816	249.73
813.137	246.89
813.458	252.02
813.778	250.41
814.098	247.16
814.419	255.61
814.739	260.76
815.059	262.77
815.380	271.26
815.700	273.49
816.020	280.89
816.340	287.33
816.660	287.40
816.980	292.14
817.300	300.27
817.620	306.91
817.940	306.97
818.260	307.77
818.579	309.55
818.899	313.30
819.219	310.21
819.538	311.02
819.858	307.78
820.177	308.99
820.497	316.83
820.816	318.88
821.135	320.26
821.455	327.51
821.774	324.25
822.093	331.01
822.412	334.01
822.731	336.55
823.050	338.86
823.369	344.77
823.688	343.59
824.007	350.03
824.326	345.68
824.645	346.43
824.963	343.12
825.282	357.66
825.601	354.46
825.919	351.89
826.238	344.90
826.556	343.74
826.875	341.51
827.193	337.99
827.511	319.07
827.830	313.00
828.148	313.78
828.466	315.68
828.784	322.61
829.102	323.71
829.420	331.30
829.738	340.07
830.056	354.27
830.374	359.20
830.692	363.45
831.010	365.83
831.327	363.92
831.645	359.02
831.963	356.83
832.280	351.83
832.598	347.26
832.915	343.24
833.233	338.10
833.550	338.47
833.867	336.51
834.185	327.81
834.502	326.61
834.819	319.44
835.136	315.96
835.453	315.47
835.770	303.47
836.087	299.28
836.404	296.89
836.721	287.67
837.038	287.39
837.355	274.58
837.671	269.81
837.988	276.08
838.305	276.95
838.621	287.40
838.938	295.96
839.254	308.89
839.571	328.24
839.887	347.87
840.203	375.79
840.520	408.85
840.836	438.38
841.152	476.99
841.468	522.97
841.784	574.18
842.100	618.79
842.416	667.47
842.732	712.69
843.048	766.48
843.364	827.33
843.679	877.00
843.995	933.58
844.311	998.32
844.626	1056.12
844.942	1112.57
845.257	1166.17
845.573	1217.53
845.888	1262.78
846.203	1307.85
846.519	1345.75
846.834	1391.15
847.149	1429.88
847.464	1459.59
847.779	1482.53
848.094	1515.51
848.409	1531.04
848.724	1548.19
849.039	1560.06
849.354	1561.45
849.669	1581.89
849.983	1576.59
850.298	1570.65
850.613	1565.82
850.927	1574.25
851.242	1571.67
851.556	1568.94
851.871	1575.58
852.185	1596.23
852.499	1611.80
852.814	1626.17
853.128	1622.84
853.442	1645.49
853.756	1663.82
854.070	1673.64
854.384	1683.94
854.698	1703.55
855.012	1731.24
855.326	1742.98
855.640	1740.52
855.953	1752.59
856.267	1759.45
856.581	1745.99
856.894	1707.49
857.208	1667.10
857.521	1625.57
857.835	1562.83
858.148	1493.64
858.461	1436.28
858.775	1359.00
859.088	1297.42
859.401	1229.31
859.714	1174.78
860.027	1132.69
860.340	1098.13
860.653	1078.36
860.966	1076.43
861.279	1090.27
861.592	1131.48
861.904	1209.72
862.217	1311.67
862.530	1420.50
862.842	1562.72
863.155	1741.01
863.467	1929.28
863.780	2149.15
864.092	2390.44
864.405	2640.34
864.717	2906.08
865.029	3174.38
865.341	3452.74
865.653	3738.80
865.966	4046.19
866.278	4347.15
866.589	4633.78
866.901	4876.74
867.213	5156.41
867.525	5381.35
867.837	5588.82
868.149	5823.77
868.460	6028.42
868.772	6200.38
869.083	6418.49
869.395	6625.39
869.706	6799.26
870.018	6952.13
870.329	7131.60
870.640	7333.31
870.952	7485.87
871.263	7679.00
871.574	7846.17
871.885	8022.00
872.196	8224.56
872.507	8417.78
872.818	8548.39
873.129	8655.41
873.440	8733.28
873.750	8848.98
874.061	8853.10
874.372	8865.90
874.682	8807.05
874.993	8751.41
875.303	8733.70
875.614	8626.42
875.924	8441.76
876.235	8312.92
876.545	8170.75
876.855	7995.84
877.165	7749.38
877.475	7439.68
877.786	7160.79
878.096	6912.20
878.406	6597.10
878.715	6264.59
879.025	6014.49
879.335	5728.54
879.645	5479.18
879.955	5248.85
880.264	5014.63
880.574	4794.40
880.883	4638.27
881.193	4465.31
881.502	4350.27
881.812	4293.13
882.121	4236.20
882.430	4222.35
882.740	4279.69
883.049	4338.96
883.358	4418.54
883.667	4527.30
883.976	4655.90
884.285	4832.79
884.594	5026.12
884.903	5281.79
885.212	5515.11
885.520	5854.75
885.829	6185.95
886.138	6564.66
886.446	6982.07
886.755	7515.03
887.063	8065.54
887.372	8672.33
887.680	9405.15
887.988	10132.39
888.297	10991.91
888.605	11949.00
888.913	12962.34
889.221	14142.05
889.529	15300.97
889.837	16719.55
890.145	18256.08
890.453	19859.27
890.761	21496.61
891.069	23110.03
891.377	24727.48
891.684	26467.61
891.992	28079.90
892.299	29580.76
892.607	31305.24
892.914	32806.40
893.222	34063.21
893.529	35434.75
893.837	36729.87
894.144	37754.06
894.451	38596.99
894.758	39719.44
895.065	40307.82
895.372	40722.45
895.679	41169.50
895.986	41434.63
896.293	41357.66
896.600	41189.58
896.907	40759.07
897.213	40268.67
897.520	39636.50
897.827	39019.99
898.133	38213.13
898.440	37437.74
898.746	36250.49
899.053	34975.44
899.359	33905.08
899.665	32820.22
899.972	31501.45
900.278	30216.60
900.584	28705.25
900.890	27490.60
901.196	26329.94
901.502	24904.75
901.808	23734.81
902.114	22729.26
902.419	21719.46
902.725	20789.15
903.031	20065.75
903.337	19507.24
903.642	18873.49
903.948	18627.08
904.253	18383.94
904.559	18397.76
904.864	18503.46
905.169	18681.22
905.475	18945.95
905.780	19442.88
906.085	19913.85
906.390	20410.93
906.695	20913.03
907.000	21504.14
907.305	22047.82
907.610	22588.08
907.915	22998.25
908.219	23317.30
908.524	23636.48
908.829	23885.70
909.133	23960.43
909.438	23955.79
909.743	23848.35
910.047	23745.48
910.351	23417.67
910.656	22955.56
910.960	22370.03
911.264	21738.60
911.568	21091.19
911.873	20335.53
912.177	19446.97
912.481	18475.91
912.785	17644.02
913.088	16780.69
913.392	15994.76
913.696	15059.28
914.000	14275.47
914.304	13574.18
914.607	12974.07
914.911	12328.94
915.214	11781.32
915.518	11265.75
915.821	10911.45
916.124	10489.96
916.428	10149.61
916.731	9886.64
917.034	9676.11
917.337	9441.37
917.640	9289.27
917.943	9202.72
918.246	9148.74
918.549	9195.18
918.852	9295.20
919.155	9539.94
919.458	9916.25
919.760	10405.93
920.063	11032.57
920.366	11849.91
920.668	12634.40
920.971	13781.24
921.273	14985.47
921.576	16244.83
921.878	17760.82
922.180	19302.18
922.482	21006.03
922.784	22889.70
923.087	24908.33
923.389	27133.23
923.691	29543.42
923.992	31799.22
924.294	34344.31
924.596	37071.07
924.898	39388.28
925.200	41473.93
925.501	43425.55
925.803	45263.84
926.104	46698.44
926.406	48197.56
926.707	48985.30
927.009	49985.84
927.310	50624.11
927.611	51027.31
927.912	51318.60
928.214	51208.80
928.515	51628.32
928.816	51535.29
929.117	51723.44
929.418	51726.54
929.719	51470.68
930.019	51401.67
930.320	51046.90
930.621	50697.43
930.922	50218.47
931.222	49834.14
931.523	49446.09
931.823	48832.38
932.124	48827.56
932.424	48472.07
932.724	48314.28
933.025	48239.96
933.325	48451.18
933.625	48710.90
933.925	48985.01
934.225	49161.38
934.525	49435.44
934.825	49233.44
935.125	49590.04
935.425	49389.43
935.724	49081.92
936.024	48646.19
936.324	48269.74
936.623	47995.00
936.923	47542.87
937.222	47011.05
937.522	46459.33
937.821	45980.91
938.120	45630.50
938.420	45005.24
938.719	44011.80
939.018	43369.73
939.317	42660.02
939.616	41812.71
939.915	40966.77
940.214	40225.06
940.513	39635.35
940.812	39466.62
941.111	39322.86
941.409	39705.94
941.708	39914.73
942.006	40056.29
942.305	40793.66
942.603	41421.72
942.902	42211.04
943.200	43138.62
943.499	44062.92
943.797	45253.92
944.095	46747.18
944.393	47856.74
944.691	48779.49
944.989	49749.15
945.287	50771.87
945.585	51612.02
945.883	52208.70
946.181	53027.27
946.479	54073.22
946.776	54609.88
947.074	55703.89
947.371	56223.89
947.669	57269.67
947.966	57542.80
948.264	58375.14
948.561	58566.53
948.858	59058.96
949.156	59055.58
949.453	59177.60
949.750	59033.11
950.047	59017.00
950.344	58815.33
950.641	58448.85
950.938	58425.00
951.235	57938.63
951.532	57403.41
951.828	56457.17
952.125	55638.34
952.422	54106.03
952.718	52861.61
953.015	51043.64
953.311	49195.82
953.607	46775.36
953.904	44536.64
954.200	41925.47
954.496	39344.27
954.792	36783.15
955.089	34037.82
955.385	31275.59
955.681	28679.88
955.976	26053.33
956.272	23598.47
956.568	21182.91
956.864	18883.89
957.160	16751.02
957.455	14874.86
957.751	13179.92
958.046	11714.44
958.342	10413.52
958.637	9423.46
958.933	8761.87
959.228	8324.78
959.523	8137.86
959.818	8280.22
960.114	8612.18
960.409	9373.68
960.704	10538.24
960.999	11889.18
961.294	13603.58
961.588	15607.19
961.883	17813.42
962.178	20381.14
962.473	22951.52
962.767	25691.92
963.062	28470.53
963.356	31430.89
963.651	34648.44
963.945	37491.69
964.239	40513.30
964.534	43471.24
964.828	45865.58
965.122	48129.77
965.416	49945.28
965.710	51669.59
966.004	52780.29
966.298	53853.64
966.592	54724.02
966.886	55413.00
967.180	55799.04
967.473	56607.54
967.767	56699.22
968.061	56771.32
968.354	56600.87
968.648	56350.01
968.941	55709.18
969.234	55100.23
969.528	54178.59
969.821	53272.29
970.114	52419.62
970.407	51316.72
970.700	49967.51
970.993	48447.40
971.286	46679.15
971.579	44773.49
971.872	42723.54
972.165	40528.02
972.457	38422.82
972.750	36321.82
973.043	34322.36
973.335	32342.93
973.628	30583.17
973.920	28772.99
974.213	27074.58
974.505	25233.34
974.797	23482.66
975.089	21943.71
975.382	20546.18
975.674	19279.21
975.966	18320.37
976.258	17396.48
976.550	16643.85
976.841	15883.95
977.133	15237.63
977.425	14586.70
977.717	13957.86
978.008	13375.28
978.300	12901.66
978.591	12456.88
978.883	11960.69
979.174	11611.71
979.465	11178.81
979.757	10840.05
980.048	10471.24
980.339	10065.20
980.630	9684.07
980.921	9370.11
981.212	9039.72
981.503	8671.35
981.794	8293.94
982.085	7922.30
982.376	7569.49
982.666	7136.44
982.957	6746.29
983.248	6364.43
983.538	5971.86
983.828	5576.02
984.119	5226.87
984.409	4912.92
984.700	4596.38
984.990	4326.96
985.280	4035.72
985.570	3780.70
985.860	3576.82
986.150	3359.17
986.440	3178.16
986.730	3031.46
987.020	2918.46
987.309	2802.49
987.599	2708.93
987.889	2613.01
988.178	2554.59
988.468	2482.37
988.757	2426.06
989.047	2399.31
989.336	2366.07
989.625	2344.67
989.915	2327.57
990.204	2318.19
990.493	2319.70
990.782	2290.68
991.071	2271.26
991.360	2249.41
991.649	2209.22
991.938	2162.47
992.226	2135.13
992.515	2078.74
992.804	2028.02
993.092	1969.52
993.381	1909.28
993.669	1842.17
993.958	1782.04
994.246	1710.76
994.534	1647.33
994.823	1583.89
995.111	1523.10
995.399	1457.50
995.687	1381.56
995.975	1318.34
996.263	1249.40
996.551	1189.94
996.839	1130.95
997.126	1080.86
997.414	1026.02
997.702	974.87
997.989	925.90
998.277	878.15
998.564	842.21
998.852	808.48
999.139	774.12
999.426	750.34
999.713	729.34
1000.001	713.02
1000.288	691.10
1000.575	676.66
1000.862	651.33
1001.149	636.51
1001.436	620.54
1001.722	606.51
1002.009	595.12
1002.296	589.70
1002.582	574.26
1002.869	561.60
1003.156	551.58
1003.442	537.99
1003.728	528.62
1004.015	527.09
1004.301	510.57
1004.587	507.28
1004.873	500.24
1005.160	498.13
1005.446	496.91
1005.732	487.25
1006.017	476.44
1006.303	472.52
1006.589	468.58
1006.875	462.49
1007.161	453.82
1007.446	443.09
1007.732	436.20
1008.017	428.97
1008.303	422.13
1008.588	411.39
1008.873	410.29
1009.159	406.83
1009.444	400.63
1009.729	395.63
1010.014	390.02
1010.299	385.95
1010.584	382.17
1010.869	380.46
1011.154	368.99
1011.439	359.57
1011.723	352.02
1012.008	346.46
1012.293	345.23
1012.577	340.78
1012.862	334.02
1013.146	333.48
1013.430	333.46
1013.715	337.41
1013.999	333.70
1014.283	325.78
1014.567	322.41
1014.851	324.81
1015.135	325.16
1015.419	322.85
1015.703	314.42
1015.987	313.34
1016.271	310.25
1016.555	310.05
1016.838	309.26
1017.122	309.33
1017.405	309.43
1017.689	306.91
1017.972	303.67
1018.256	303.76
1018.539	303.20
1018.822	297.90
1019.105	291.48
1019.388	290.84
1019.671	294.80
1019.954	298.41
1020.237	302.10
1020.520	299.54
1020.803	301.12
1021.086	301.23
1021.368	300.51
1021.651	300.61
1021.934	301.24
1022.216	301.75
