339.735	31.89
340.108	11.98
340.482	-6.78
340.855	-19.75
341.228	-29.61
341.602	-32.26
341.975	-29.40
342.348	-23.93
342.721	-19.90
343.094	-9.89
343.468	5.62
343.841	18.08
344.214	24.72
344.587	28.10
344.960	34.18
345.333	45.55
345.706	52.90
346.079	55.13
346.452	61.04
346.824	74.81
347.197	86.50
347.570	93.49
347.943	102.42
348.316	116.13
348.688	130.38
349.061	139.72
349.434	144.28
349.806	151.75
350.179	158.11
350.552	158.20
350.924	158.00
351.297	156.91
351.669	158.43
352.042	159.26
352.414	157.36
352.787	158.14
353.159	163.87
353.531	164.96
353.904	163.41
354.276	168.06
354.648	173.48
355.020	178.72
355.393	180.29
355.765	173.46
356.137	170.52
356.509	172.05
356.881	168.84
357.253	162.97
357.625	165.25
357.997	171.21
358.369	171.43
358.741	172.34
359.113	172.33
359.485	167.39
359.857	163.02
360.229	153.06
360.600	145.30
360.972	144.85
361.344	139.47
361.716	136.36
362.087	137.15
362.459	138.64
362.831	142.95
363.202	141.28
363.574	138.43
363.945	138.27
364.317	139.62
364.688	141.46
365.060	140.66
365.431	137.02
365.803	137.25
366.174	142.06
366.545	148.43
366.917	152.31
367.288	154.09
367.659	153.91
368.030	157.51
368.402	159.00
368.773	155.65
369.144	150.31
369.515	147.20
369.886	143.65
370.257	144.09
370.628	141.40
370.999	140.55
371.370	140.53
371.741	142.64
372.112	146.28
372.483	146.74
372.853	146.88
373.224	152.76
373.595	165.80
373.966	178.63
374.336	180.02
374.707	176.65
375.078	183.47
375.448	191.18
375.819	187.67
376.190	175.54
376.560	169.29
376.931	176.92
377.301	176.48
377.671	168.60
378.042	162.86
378.412	161.77
378.783	161.12
379.153	155.92
379.523	149.30
379.893	148.40
380.264	152.80
380.634	151.97
381.004	151.93
381.374	155.55
381.744	159.95
382.114	162.88
382.484	163.92
382.854	165.19
383.224	167.59
383.594	164.35
383.964	159.90
384.334	157.36
384.704	156.79
385.074	157.35
385.444	153.78
385.814	149.86
386.183	154.36
386.553	157.23
386.923	154.98
387.292	152.85
387.662	155.03
388.032	158.57
388.401	159.80
388.771	158.88
389.140	159.15
389.510	160.09
389.879	160.88
390.248	162.77
390.618	167.32
390.987	168.46
391.356	168.46
391.726	169.93
392.095	168.31
392.464	166.56
392.833	164.46
393.203	159.71
393.572	162.08
393.941	163.04
394.310	162.94
394.679	175.65
395.048	191.90
395.417	193.09
395.786	190.16
396.155	186.02
396.524	182.72
396.893	179.98
397.261	176.43
397.630	170.15
397.999	168.15
398.368	167.89
398.736	171.64
399.105	172.18
399.474	173.11
399.842	166.95
400.211	159.01
400.579	161.34
400.948	164.27
401.317	162.97
401.685	162.44
402.053	164.49
402.422	161.97
402.790	159.09
403.158	157.15
403.527	150.90
403.895	147.22
404.263	147.04
404.632	149.06
405.000	153.44
405.368	155.78
405.736	161.50
406.104	170.75
406.472	171.37
406.840	169.83
407.208	166.08
407.576	165.74
407.944	166.57
408.312	160.62
408.680	156.46
409.048	156.69
409.415	156.30
409.783	156.30
410.151	150.94
410.519	146.88
410.886	149.49
411.254	149.89
411.622	153.26
411.989	156.65
412.357	156.64
412.724	155.51
413.092	156.68
413.459	157.72
413.827	156.99
414.194	153.91
414.561	150.97
414.929	150.81
415.296	153.13
415.663	153.81
416.030	148.16
416.398	143.85
416.765	145.13
417.132	143.35
417.499	141.07
417.866	142.54
418.233	144.59
418.600	148.00
418.967	146.91
419.334	141.56
419.701	143.93
420.068	151.20
420.435	152.75
420.802	150.56
421.168	152.02
421.535	160.90
421.902	169.63
422.269	167.79
422.635	162.82
423.002	159.78
423.369	162.63
423.735	166.88
424.102	164.87
424.468	163.79
424.835	166.65
425.201	170.19
425.567	169.75
425.934	170.71
426.300	170.42
426.667	169.74
427.033	167.64
427.399	168.22
427.765	169.82
428.131	169.78
428.498	170.67
428.864	167.59
429.230	167.42
429.596	172.38
429.962	174.67
430.328	174.16
430.694	178.14
431.060	177.34
431.426	179.04
431.792	180.59
432.157	174.80
432.523	172.87
432.889	172.39
433.255	167.57
433.620	164.12
433.986	161.78
434.352	165.97
434.717	169.83
435.083	167.04
435.448	165.25
435.814	166.32
436.179	170.86
436.545	171.08
436.910	167.83
437.276	168.38
437.641	174.48
438.006	179.36
438.372	183.31
438.737	186.51
439.102	187.36
439.467	182.14
439.832	178.13
440.197	175.36
440.563	171.75
440.928	170.83
441.293	170.94
441.658	175.66
442.023	184.03
442.387	188.72
442.752	191.03
443.117	199.18
443.482	204.32
443.847	205.56
444.212	202.59
444.576	199.22
444.941	200.88
445.306	201.49
445.670	198.69
446.035	198.16
446.399	202.07
446.764	203.57
447.128	205.28
447.493	202.95
447.857	200.78
448.222	200.88
448.586	200.97
448.950	194.99
449.315	197.03
449.679	201.28
450.043	202.86
450.407	210.01
450.772	215.81
451.136	217.24
451.500	222.73
451.864	225.26
452.228	227.33
452.592	229.43
452.956	229.07
453.320	226.70
453.684	225.52
454.047	223.56
454.411	224.13
454.775	226.64
455.139	228.05
455.503	226.98
455.866	227.08
456.230	229.26
456.594	231.94
456.957	229.53
457.321	220.67
457.684	217.59
458.048	220.99
458.411	219.38
458.775	220.56
459.138	223.69
459.501	224.13
459.865	226.12
460.228	225.02
460.591	220.86
460.955	220.52
461.318	216.06
461.681	207.18
462.044	203.23
462.407	201.96
462.770	202.61
463.133	202.59
463.496	201.44
463.859	205.08
464.222	208.34
464.585	213.14
464.948	218.91
465.311	216.90
465.674	219.54
466.036	220.64
466.399	215.25
466.762	210.55
467.124	203.18
467.487	197.87
467.850	197.84
468.212	194.92
468.575	189.02
468.937	192.33
469.300	200.70
469.662	203.85
470.024	203.28
470.387	201.67
470.749	203.57
471.111	207.68
471.474	203.65
471.836	196.95
472.198	194.47
472.560	190.90
472.922	188.36
473.284	189.47
473.646	193.33
474.008	195.10
474.370	199.03
474.732	201.71
475.094	202.57
475.456	204.41
475.818	201.06
476.180	196.22
476.542	195.27
476.903	196.40
477.265	194.54
477.627	194.03
477.988	195.67
478.350	198.25
478.711	196.32
479.073	189.69
479.435	184.46
479.796	187.55
480.157	188.42
480.519	183.59
480.880	179.67
481.241	183.29
481.603	185.38
481.964	185.47
482.325	186.43
482.686	187.51
483.048	190.86
483.409	197.33
483.770	200.26
484.131	205.22
484.492	211.90
484.853	212.03
485.214	214.00
485.575	219.37
485.936	223.44
486.296	227.01
486.657	226.01
487.018	225.64
487.379	227.96
487.739	228.60
488.100	228.66
488.461	227.78
488.821	228.48
489.182	230.18
489.542	231.35
489.903	233.47
490.263	230.97
490.624	228.43
490.984	226.53
491.345	227.68
491.705	228.64
492.065	226.89
492.425	223.88
492.786	226.07
493.146	224.87
493.506	223.65
493.866	224.90
494.226	230.99
494.586	237.67
494.946	243.31
495.306	246.81
495.666	247.86
496.026	247.87
496.386	240.72
496.746	231.57
497.106	225.40
497.465	216.52
497.825	213.10
498.185	213.45
498.544	213.43
498.904	216.26
499.264	220.56
499.623	223.35
499.983	232.46
500.342	238.40
500.702	242.95
501.061	245.32
501.420	245.46
501.780	249.63
502.139	249.10
502.498	246.16
502.858	245.00
503.217	243.25
503.576	243.75
503.935	246.66
504.294	247.33
504.653	248.37
505.012	247.28
505.371	246.81
505.730	250.50
506.089	248.42
506.448	248.29
506.807	253.85
507.166	254.79
507.524	257.81
507.883	260.78
508.242	259.09
508.601	263.38
508.959	260.89
509.318	251.54
509.676	251.38
510.035	254.42
510.393	258.95
510.752	259.34
511.110	259.75
511.469	261.25
511.827	260.25
512.185	257.74
512.544	254.26
512.902	247.82
513.260	246.82
513.618	248.74
513.976	253.59
514.334	262.80
514.692	268.61
515.050	268.91
515.408	271.07
515.766	270.87
516.124	268.88
516.482	267.41
516.840	268.01
517.198	269.67
517.556	274.13
517.913	278.28
518.271	282.05
518.629	286.88
518.986	289.35
519.344	288.87
519.701	288.34
520.059	286.47
520.416	285.15
520.774	285.57
521.131	288.80
521.489	296.94
521.846	299.47
522.203	298.09
522.561	297.61
522.918	302.77
523.275	307.05
523.632	306.82
523.989	300.67
524.346	299.38
524.703	304.12
525.060	304.36
525.417	305.75
525.774	303.28
526.131	303.35
526.488	302.16
526.845	297.98
527.202	296.12
527.559	298.08
527.915	297.60
528.272	302.68
528.629	302.62
528.985	302.43
529.342	309.17
529.698	310.66
530.055	311.82
530.411	318.41
530.768	317.06
531.124	315.40
531.480	318.26
531.837	316.26
532.193	318.65
532.549	316.96
532.906	311.70
533.262	308.73
533.618	309.62
533.974	304.30
534.330	301.30
534.686	297.63
535.042	297.20
535.398	298.96
535.754	306.37
536.110	314.66
536.466	320.18
536.821	320.13
537.177	322.86
537.533	324.59
537.889	319.63
538.244	309.96
538.600	306.13
538.955	303.55
539.311	304.03
539.667	303.60
540.022	303.26
540.377	308.09
540.733	320.49
541.088	322.60
541.444	323.81
541.799	325.78
542.154	329.52
542.509	328.02
542.864	325.33
543.220	321.15
543.575	316.64
543.930	313.55
544.285	309.17
544.640	305.00
544.995	309.47
545.350	311.74
545.705	312.43
546.059	318.96
546.414	323.87
546.769	327.52
547.124	329.95
547.478	326.88
547.833	325.54
548.188	323.77
548.542	321.08
548.897	321.48
549.251	321.57
549.606	322.49
549.960	320.23
550.315	319.12
550.669	322.27
551.023	324.95
551.378	323.77
551.732	321.64
552.086	318.26
552.440	317.19
552.794	315.15
553.148	319.97
553.502	322.66
553.856	319.01
554.210	340.17
554.564	354.12
554.918	354.87
555.272	357.47
555.626	353.45
555.980	351.18
556.334	354.04
556.687	337.58
557.041	328.33
557.395	330.59
557.748	338.65
558.102	345.42
558.455	353.68
558.809	360.19
559.162	365.90
559.516	365.37
559.869	369.33
560.222	369.01
560.576	367.31
560.929	362.87
561.282	360.40
561.635	357.20
561.988	357.53
562.342	355.89
562.695	359.38
563.048	360.09
563.401	363.81
563.754	364.15
564.107	363.06
564.459	361.52
564.812	359.19
565.165	350.40
565.518	354.13
565.871	352.48
566.223	353.12
566.576	355.14
566.929	355.94
567.281	360.95
567.634	362.98
567.986	363.26
568.339	361.39
568.691	364.60
569.044	365.21
569.396	369.60
569.748	372.49
570.100	375.82
570.453	377.85
570.805	381.60
571.157	381.84
571.509	381.42
571.861	380.41
572.213	379.02
572.565	382.11
572.917	380.98
573.269	381.22
573.621	383.53
573.973	387.87
574.325	389.95
574.677	388.51
575.028	384.94
575.380	383.92
575.732	382.68
576.083	373.86
576.435	369.83
576.786	372.29
577.138	369.64
577.489	375.21
577.841	373.35
578.192	372.82
578.543	377.29
578.895	383.46
579.246	379.28
579.597	376.54
579.948	373.46
580.300	371.66
580.651	372.32
581.002	373.54
581.353	376.96
581.704	377.93
582.055	385.90
582.406	388.63
582.757	390.70
583.107	387.29
583.458	384.89
583.809	379.70
584.160	376.49
584.510	372.94
584.861	368.11
585.212	367.55
585.562	368.44
585.913	375.12
586.263	377.86
586.614	379.37
586.964	375.53
587.315	370.80
587.665	368.89
588.015	367.63
588.365	360.93
588.716	363.48
589.066	361.54
589.416	362.10
589.766	362.47
590.116	364.01
590.466	376.01
590.816	379.61
591.166	381.13
591.516	382.45
591.866	387.52
592.216	391.40
592.566	389.08
592.915	380.36
593.265	376.76
593.615	371.15
593.964	373.11
594.314	375.56
594.663	375.21
595.013	375.24
595.362	371.71
595.712	373.25
596.061	376.63
596.411	375.95
596.760	370.45
597.109	370.25
597.458	376.19
597.808	389.74
598.157	388.70
598.506	388.03
598.855	384.05
599.204	386.98
599.553	388.17
599.902	382.85
600.251	370.02
600.600	369.19
600.949	369.48
601.297	371.14
601.646	372.63
601.995	368.73
602.344	366.96
602.692	367.18
603.041	367.02
603.389	360.25
603.738	354.80
604.086	347.68
604.435	346.63
604.783	354.92
605.132	359.65
605.480	366.67
605.828	376.50
606.177	383.07
606.525	386.26
606.873	389.30
607.221	383.94
607.569	381.00
607.917	377.08
608.265	372.56
608.613	369.90
608.961	368.46
609.309	370.53
609.657	378.11
610.005	383.34
610.352	380.18
610.700	375.01
611.048	381.68
611.395	388.19
611.743	388.72
612.091	387.28
612.438	381.47
612.786	380.19
613.133	379.81
613.480	374.99
613.828	373.84
614.175	373.07
614.522	374.86
614.870	378.86
615.217	383.16
615.564	387.88
615.911	389.49
616.258	389.23
616.605	388.34
616.952	382.56
617.299	384.66
617.646	386.89
617.993	383.77
618.340	381.74
618.687	375.15
619.033	376.13
619.380	379.81
619.727	381.52
620.073	384.88
620.420	386.96
620.767	387.25
621.113	390.73
621.459	393.48
621.806	393.64
622.152	391.66
622.499	384.33
622.845	379.26
623.191	382.82
623.537	379.00
623.884	372.88
624.230	369.15
624.576	366.83
624.922	361.90
625.268	361.22
625.614	361.30
625.960	358.89
626.306	362.87
626.652	366.43
626.998	369.21
627.343	377.89
627.689	387.01
628.035	388.20
628.380	386.65
628.726	380.07
629.072	380.40
629.417	379.04
629.763	381.58
630.108	374.59
630.453	371.24
630.799	371.35
631.144	370.75
631.489	363.06
631.835	355.89
632.180	347.72
632.525	338.91
632.870	338.89
633.215	342.38
633.560	343.36
633.905	346.38
634.250	346.55
634.595	345.68
634.940	356.33
635.285	361.98
635.630	359.75
635.974	356.96
636.319	356.19
636.664	359.40
637.008	359.83
637.353	348.66
637.698	341.39
638.042	343.81
638.387	341.65
638.731	344.61
639.075	338.25
639.420	342.07
639.764	349.54
640.108	343.98
640.452	338.30
640.797	339.52
641.141	341.68
641.485	341.28
641.829	333.88
642.173	325.94
642.517	329.68
642.861	327.13
643.205	324.65
643.549	320.06
643.892	320.03
644.236	316.88
644.580	312.57
644.923	308.47
645.267	307.86
645.611	306.95
645.954	314.76
646.298	313.77
646.641	313.43
646.985	318.54
647.328	318.17
647.671	318.09
648.015	320.37
648.358	311.99
648.701	308.48
649.044	304.93
649.387	299.68
649.731	305.09
650.074	308.62
650.417	305.06
650.760	304.21
651.102	306.03
651.445	309.75
651.788	311.39
652.131	307.73
652.474	304.91
652.816	304.35
653.159	304.30
653.502	299.45
653.844	298.22
654.187	297.42
654.529	298.28
654.872	290.67
655.214	286.78
655.557	282.62
655.899	284.55
656.241	286.63
656.583	292.58
656.926	291.58
657.268	299.09
657.610	299.91
657.952	296.73
658.294	296.26
658.636	292.38
658.978	284.68
659.320	277.83
659.662	270.65
660.004	276.43
660.345	279.76
660.687	276.07
661.029	281.74
661.371	284.65
661.712	290.31
662.054	298.06
662.395	297.36
662.737	295.30
663.078	296.23
663.420	295.17
663.761	294.45
664.102	294.65
664.444	293.44
664.785	284.75
665.126	285.54
665.467	290.50
665.808	294.63
666.149	287.83
666.490	286.79
666.831	284.47
667.172	288.40
667.513	286.41
667.854	279.19
668.195	272.11
668.535	274.61
668.876	270.06
669.217	264.70
669.557	267.31
669.898	271.31
670.239	282.29
670.579	287.38
670.920	283.68
671.260	286.78
671.600	289.73
671.941	282.42
672.281	278.63
672.621	264.34
672.961	257.82
673.302	263.33
673.642	266.55
673.982	266.79
674.322	269.03
674.662	269.95
675.002	289.24
675.342	290.31
675.682	283.50
676.021	281.66
676.361	276.94
676.701	276.21
677.041	270.64
677.380	255.25
677.720	255.50
678.059	254.19
678.399	248.30
678.738	252.97
679.078	252.36
679.417	255.66
679.756	251.25
680.096	249.59
680.435	247.23
680.774	252.55
681.113	250.31
681.453	247.14
681.792	247.40
682.131	250.33
682.470	249.28
682.809	253.39
683.148	249.13
683.486	248.02
683.825	250.49
684.164	245.56
684.503	241.33
684.841	236.48
685.180	232.92
685.519	230.35
685.857	230.98
686.196	229.22
686.534	224.70
686.873	224.12
687.211	223.63
687.549	224.89
687.888	223.52
688.226	218.29
688.564	217.78
688.902	220.98
689.240	222.55
689.578	226.78
689.917	230.07
690.255	250.87
690.592	258.05
690.930	257.79
691.268	260.25
691.606	255.84
691.944	256.27
692.282	252.57
692.619	232.42
692.957	232.06
693.294	236.76
693.632	246.40
693.970	250.29
694.307	251.03
694.644	250.50
694.982	248.12
695.319	244.78
695.656	234.57
695.994	230.29
696.331	223.50
696.668	218.94
697.005	219.34
697.342	224.93
697.679	225.44
698.016	222.17
698.353	210.09
698.690	214.87
699.027	219.00
699.364	212.48
699.700	208.61
700.037	209.54
700.374	212.27
700.710	211.92
701.047	209.98
701.384	210.69
701.720	210.79
702.057	215.32
702.393	210.44
702.729	217.30
703.066	221.67
703.402	218.50
703.738	219.30
704.074	225.02
704.410	223.83
704.747	219.35
705.083	214.98
705.419	211.69
705.755	214.98
706.091	207.44
706.426	201.03
706.762	196.06
707.098	207.98
707.434	208.32
707.769	207.74
708.105	206.11
708.441	209.37
708.776	213.67
709.112	216.52
709.447	206.96
709.783	204.28
710.118	208.18
710.453	209.82
710.789	213.06
711.124	206.21
711.459	203.49
711.794	214.15
712.129	216.67
712.464	212.04
712.799	212.28
713.134	209.98
713.469	212.58
713.804	210.71
714.139	205.47
714.474	202.01
714.809	203.71
715.143	197.31
715.478	197.47
715.813	203.77
716.147	205.53
716.482	203.97
716.816	206.55
717.151	205.46
717.485	214.17
717.819	213.84
718.154	207.00
718.488	208.25
718.822	205.51
719.156	199.96
719.491	196.42
719.825	188.01
720.159	185.41
720.493	191.27
720.827	187.92
721.161	188.71
721.494	194.97
721.828	197.74
722.162	197.45
722.496	199.47
722.829	197.95
723.163	198.32
723.497	197.63
723.830	197.90
724.164	197.89
724.497	202.14
724.830	205.12
725.164	205.64
725.497	214.46
725.830	215.74
726.164	216.52
726.497	217.68
726.830	220.41
727.163	211.44
727.496	205.02
727.829	194.72
728.162	196.58
728.495	193.65
728.828	196.98
729.160	193.10
729.493	198.66
729.826	202.44
730.159	207.82
730.491	203.55
730.824	200.01
731.156	197.19
731.489	194.10
731.821	190.54
732.154	189.94
732.486	191.35
732.818	194.90
733.151	195.90
733.483	199.83
733.815	203.19
734.147	208.32
734.479	206.93
734.811	205.34
735.143	206.87
735.475	206.77
735.807	209.68
736.139	205.37
736.471	210.66
736.803	207.59
737.134	203.49
737.466	198.75
737.798	200.58
738.129	192.90
738.461	194.87
738.792	188.13
739.124	188.99
739.455	193.93
739.786	196.14
740.118	194.85
740.449	204.34
740.780	210.98
741.111	208.32
741.442	211.59
741.773	213.44
742.104	216.75
742.435	221.21
742.766	211.63
743.097	207.34
743.428	213.57
743.759	206.82
744.090	198.02
744.420	197.13
744.751	194.96
745.081	194.97
745.412	198.34
745.743	189.36
746.073	193.35
746.403	198.54
746.734	197.94
747.064	194.13
747.394	194.77
747.725	196.14
748.055	193.87
748.385	196.80
748.715	196.61
749.045	192.68
749.375	193.55
749.705	196.20
750.035	190.32
750.365	197.28
750.695	206.77
751.024	207.16
751.354	211.91
751.684	213.49
752.013	214.86
752.343	217.87
752.673	219.90
753.002	212.88
753.331	207.99
753.661	209.37
753.990	210.25
754.320	209.79
754.649	209.55
754.978	206.83
755.307	203.27
755.636	206.40
755.965	203.81
756.294	196.72
756.623	198.80
756.952	203.07
757.281	208.87
757.610	217.92
757.939	215.83
758.267	211.80
758.596	218.09
758.925	213.46
759.253	212.34
759.582	204.06
759.910	195.19
760.239	194.88
760.567	194.59
760.896	191.57
761.224	193.47
761.552	189.84
761.881	191.80
762.209	188.43
762.537	189.35
762.865	191.71
763.193	196.52
763.521	202.29
763.849	208.38
764.177	216.24
764.505	219.67
764.832	220.57
765.160	220.62
765.488	220.23
765.815	211.48
766.143	203.62
766.471	195.27
766.798	191.32
767.126	191.75
767.453	196.69
767.780	194.50
768.108	193.39
768.435	190.31
768.762	195.51
769.089	199.68
769.417	204.86
769.744	198.76
770.071	201.62
770.398	204.61
770.725	206.72
771.052	208.86
771.378	206.27
771.705	208.40
772.032	206.52
772.359	203.52
772.685	201.42
773.012	204.14
773.338	198.74
773.665	213.97
773.991	202.78
774.318	206.73
774.644	217.84
774.971	218.40
775.297	213.98
775.623	209.83
775.949	189.56
776.275	195.78
776.601	191.89
776.927	183.77
777.253	190.94
777.579	191.35
777.905	199.05
778.231	206.69
778.557	203.99
778.883	207.70
779.208	211.58
779.534	210.71
779.860	216.11
780.185	214.23
780.511	207.84
780.836	210.95
781.162	210.22
781.487	205.67
781.812	201.30
782.138	202.37
782.463	202.29
782.788	206.52
783.113	203.33
783.438	206.78
783.763	214.82
784.088	215.85
784.413	212.42
784.738	213.19
785.063	215.09
785.388	214.89
785.712	212.43
786.037	216.36
786.362	221.48
786.686	214.46
787.011	216.76
787.335	213.26
787.660	218.35
787.984	218.10
788.308	211.91
788.633	210.86
788.957	213.31
789.281	212.76
789.605	215.27
789.930	215.53
790.254	211.39
790.578	209.68
790.902	207.26
791.225	207.12
791.549	205.53
791.873	205.37
792.197	200.58
792.521	202.97
792.844	204.22
793.168	205.55
793.492	202.19
793.815	208.74
794.139	212.51
794.462	207.15
794.785	211.67
795.109	207.00
795.432	207.98
795.755	213.74
796.078	214.87
796.401	219.58
796.725	224.32
797.048	221.31
797.371	223.72
797.694	227.85
798.016	228.99
798.339	222.08
798.662	214.92
798.985	219.21
799.308	217.93
799.630	221.16
799.953	215.50
800.275	217.12
800.598	218.22
800.920	222.80
801.243	218.85
801.565	221.02
801.887	218.88
802.210	222.57
802.532	220.64
802.854	220.29
803.176	224.54
803.498	229.68
803.820	230.88
804.142	235.82
804.464	233.40
804.786	232.98
805.108	237.56
805.429	234.23
805.751	231.35
806.073	233.05
806.394	228.70
806.716	226.46
807.038	229.33
807.359	230.70
807.680	228.57
808.002	228.99
808.323	233.98
808.644	236.42
808.966	244.76
809.287	246.46
809.608	252.90
809.929	257.25
810.250	256.06
810.571	255.60
810.892	256.60
811.213	258.99
811.534	261.66
811.854	253.76
812.175	256.18
812.496	261.02
812.816	257.17
813.137	263.37
813.458	260.54
813.778	257.38
814.098	269.19
814.419	272.04
814.739	275.82
815.059	285.34
815.380	285.86
815.700	294.50
816.020	298.67
816.340	300.45
816.660	306.42
816.980	312.21
817.300	319.48
817.620	318.95
817.940	319.13
818.260	323.37
818.579	325.60
818.899	321.89
819.219	324.40
819.538	320.46
819.858	324.35
820.177	331.52
820.497	332.83
820.816	335.65
821.135	341.54
821.455	338.12
821.774	345.13
822.093	348.74
822.412	350.08
822.731	352.56
823.050	358.97
823.369	358.20
823.688	364.92
824.007	359.31
824.326	361.42
824.645	360.22
824.963	373.41
825.282	369.00
825.601	366.44
825.919	358.84
826.238	357.48
826.556	352.68
826.875	348.26
827.193	331.06
827.511	325.08
827.830	326.27
828.148	330.22
828.466	336.30
828.784	338.30
829.102	348.53
829.420	358.05
829.738	372.17
830.056	374.11
830.374	380.73
830.692	379.70
831.010	377.31
831.327	372.04
831.645	370.01
831.963	363.01
832.280	360.71
832.598	355.34
832.915	351.53
833.233	352.62
833.550	347.73
833.867	341.60
834.185	336.96
834.502	331.78
834.819	330.26
835.136	326.91
835.453	315.03
835.770	310.54
836.087	307.70
836.404	299.27
836.721	295.14
837.038	284.21
837.355	283.02
837.671	287.31
837.988	291.16
838.305	301.87
838.621	310.98
838.938	325.97
839.254	347.68
839.571	368.91
839.887	400.20
840.203	434.00
840.520	465.09
840.836	509.10
841.152	558.98
841.468	610.89
841.784	657.06
842.100	709.75
842.416	756.09
842.732	813.10
843.048	874.55
843.364	924.72
843.679	994.56
843.995	1058.26
844.311	1115.59
844.626	1176.06
844.942	1227.42
845.257	1278.94
845.573	1328.52
845.888	1371.75
846.203	1416.88
846.519	1459.09
846.834	1495.41
847.149	1526.09
847.464	1550.51
847.779	1579.61
848.094	1601.97
848.409	1607.49
848.724	1624.52
849.039	1637.70
849.354	1644.84
849.669	1642.70
849.983	1633.40
850.298	1628.58
850.613	1635.92
850.927	1625.92
851.242	1638.00
851.556	1643.99
851.871	1664.22
852.185	1678.15
852.499	1690.26
852.814	1695.77
853.128	1713.20
853.442	1738.97
853.756	1751.30
854.070	1764.10
854.384	1779.34
854.698	1801.34
855.012	1809.36
855.326	1825.67
855.640	1828.98
855.953	1825.08
856.267	1804.82
856.581	1770.70
856.894	1724.08
857.208	1678.86
857.521	1613.30
857.835	1540.11
858.148	1466.62
858.461	1408.80
858.775	1334.65
859.088	1271.02
859.401	1214.94
859.714	1165.13
860.027	1134.90
860.340	1122.08
860.653	1125.69
860.966	1152.38
861.279	1200.51
861.592	1289.79
861.904	1396.78
862.217	1518.11
862.530	1688.79
862.842	1867.51
863.155	2073.35
863.467	2304.80
863.780	2557.01
864.092	2813.32
864.405	3090.57
864.717	3394.25
865.029	3666.36
865.341	4005.25
865.653	4302.72
865.966	4599.68
866.278	4873.46
866.589	5140.44
866.901	5431.55
867.213	5659.89
867.525	5883.19
867.837	6094.10
868.149	6331.44
868.460	6496.62
868.772	6716.39
869.083	6911.40
869.395	7124.15
869.706	7320.29
870.018	7433.30
870.329	7668.06
870.640	7846.61
870.952	8048.44
871.263	8248.66
871.574	8407.32
871.885	8613.82
872.196	8819.89
872.507	8942.16
872.818	9077.98
873.129	9135.39
873.440	9201.23
873.750	9205.05
874.061	9183.28
874.372	9101.70
874.682	9103.47
874.993	9076.28
875.303	8944.00
875.614	8768.28
875.924	8600.39
876.235	8453.79
876.545	8234.58
876.855	7979.97
877.165	7689.76
877.475	7410.32
877.786	7112.10
878.096	6757.05
878.406	6470.16
878.715	6145.44
879.025	5897.30
879.335	5624.37
879.645	5377.25
879.955	5143.19
880.264	4946.07
880.574	4765.38
880.883	4619.63
881.193	4517.88
881.502	4452.62
881.812	4415.79
882.121	4417.02
882.430	4463.33
882.740	4548.67
883.049	4626.33
883.358	4748.09
883.667	4922.71
883.976	5101.77
884.285	5313.28
884.594	5558.72
884.903	5859.98
885.212	6163.97
885.520	6551.91
885.829	6954.96
886.138	7452.27
886.446	7978.63
886.755	8585.32
887.063	9285.77
887.372	9999.82
887.680	10823.17
887.988	11723.73
888.297	12675.43
888.605	13826.97
888.913	15084.23
889.221	16419.67
889.529	17933.76
889.837	19450.28
890.145	21150.44
890.453	22894.25
890.761	24597.44
891.069	26282.55
891.377	28152.69
891.684	29758.71
891.992	31408.07
892.299	33046.86
892.607	34576.34
892.914	36031.76
893.222	37294.67
893.529	38553.17
893.837	39627.76
894.144	40380.05
894.451	41463.03
894.758	42127.46
895.065	42487.47
895.372	43090.28
895.679	43097.58
895.986	42831.97
896.293	42735.94
896.600	42085.30
896.907	41697.75
897.213	41177.77
897.520	40391.54
897.827	39476.83
898.133	38309.01
898.440	37440.03
898.746	36233.66
899.053	35067.32
899.359	33804.25
899.665	32324.00
899.972	31038.71
900.278	29666.73
900.584	28271.76
900.890	26923.78
901.196	25678.88
901.502	24414.70
901.808	23390.39
902.114	22279.25
902.419	21416.58
902.725	20699.93
903.031	20039.36
903.337	19633.26
903.642	19297.07
903.948	19160.17
904.253	19209.36
904.559	19273.79
904.864	19531.17
905.169	19920.63
905.475	20341.44
905.780	20913.20
906.085	21454.14
906.390	21933.85
906.695	22549.28
907.000	23084.33
907.305	23639.28
907.610	23990.87
907.915	24407.36
908.219	24678.72
908.524	24917.41
908.829	25019.69
909.133	24948.42
909.438	24823.76
909.743	24491.16
910.047	24197.45
910.351	23702.54
910.656	23126.32
910.960	22465.37
911.264	21784.26
911.568	20851.57
911.873	19910.99
912.177	18979.13
912.481	18110.26
912.785	17194.21
913.088	16296.62
913.392	15390.24
913.696	14610.08
914.000	13956.01
914.304	13297.54
914.607	12682.53
914.911	12108.65
915.214	11589.75
915.518	11200.95
915.821	10810.45
916.124	10460.70
916.428	10212.57
916.731	9965.05
917.034	9812.72
917.337	9603.48
917.640	9530.10
917.943	9466.79
918.246	9592.82
918.549	9775.64
918.852	10066.91
919.155	10487.25
919.458	11083.55
919.760	11786.95
920.063	12584.76
920.366	13598.43
920.668	14725.63
920.971	16060.74
921.273	17431.61
921.576	19027.03
921.878	20675.01
922.180	22504.82
922.482	24499.14
922.784	26747.94
923.087	29052.74
923.389	31443.69
923.691	34103.00
923.992	36652.66
924.294	39194.79
924.596	41479.48
924.898	43657.88
925.200	45689.10
925.501	47692.58
925.803	48957.61
926.104	50163.17
926.406	51431.75
926.707	52191.87
927.009	52884.25
927.310	53056.70
927.611	53465.87
927.912	53560.05
928.214	53852.55
928.515	53772.66
928.816	53797.03
929.117	53662.04
929.418	53636.80
929.719	53297.80
930.019	52993.82
930.320	52701.91
930.621	52162.95
930.922	51711.13
931.222	51158.70
931.523	50823.01
931.823	50593.02
932.124	50384.79
932.424	50336.01
932.724	50270.22
933.025	50535.58
933.325	50922.16
933.625	51242.96
933.925	51368.93
934.225	51452.36
934.525	51543.79
934.825	51333.27
935.125	51452.78
935.425	50955.47
935.724	50486.22
936.024	50012.79
936.324	49535.61
936.623	49271.44
936.923	48700.24
937.222	48083.45
937.522	47922.73
937.821	47344.81
938.120	46314.16
938.420	45666.35
938.719	44868.03
939.018	44058.84
939.317	43223.38
939.616	42270.49
939.915	41776.36
940.214	41249.99
940.513	41123.12
940.812	41097.09
941.111	41376.28
941.409	41623.99
941.708	42133.66
942.006	42895.84
942.305	43631.41
942.603	44120.04
942.902	45265.77
943.200	46528.93
943.499	47596.51
943.797	48932.01
944.095	50094.02
944.393	50903.02
944.691	52282.11
944.989	53241.14
945.287	53957.57
945.585	54646.06
945.883	55632.27
946.181	56576.75
946.479	57309.55
946.776	58244.98
947.074	58885.31
947.371	59536.58
947.669	60163.91
947.966	60736.41
948.264	61011.17
948.561	61304.58
948.858	61554.59
949.156	61597.02
949.453	61440.01
949.750	61375.92
950.047	61154.00
950.344	61036.06
950.641	60462.60
950.938	60108.08
951.235	59448.10
951.532	58620.50
951.828	57460.21
952.125	55933.18
952.422	54486.89
952.718	52679.65
953.015	50151.39
953.311	47833.96
953.607	45267.75
953.904	42706.02
954.200	39976.25
954.496	37206.41
954.792	34427.42
955.089	31675.03
955.385	28851.19
955.681	26253.44
955.976	23631.10
956.272	21245.27
956.568	18950.98
956.864	16746.60
957.160	14864.25
957.455	13201.59
957.751	11753.18
958.046	10471.06
958.342	9532.51
958.637	8930.89
958.933	8550.58
959.228	8504.31
959.523	8711.21
959.818	9281.35
960.114	10143.28
960.409	11378.66
960.704	13036.43
960.999	14847.93
961.294	17067.83
961.588	19583.41
961.883	22075.22
962.178	24931.57
962.473	27740.46
962.767	30668.70
963.062	33957.27
963.356	37079.95
963.651	40365.99
963.945	43395.05
964.239	46258.33
964.534	48791.56
964.828	50836.16
965.122	52838.65
965.416	54035.17
965.710	55377.12
966.004	56237.60
966.298	57053.47
966.592	57963.37
966.886	58326.90
967.180	58783.78
967.473	59175.28
967.767	59085.05
968.061	59007.66
968.354	58669.28
968.648	57757.18
968.941	56890.31
969.234	55995.39
969.528	55323.43
969.821	53932.60
970.114	52886.84
970.407	51498.55
970.700	49739.77
970.993	47861.40
971.286	46006.15
971.579	43709.95
971.872	41312.05
972.165	39102.38
972.457	37045.42
972.750	35030.82
973.043	33099.51
973.335	31052.27
973.628	29376.61
973.920	27415.45
974.213	25655.45
974.505	23941.54
974.797	22421.63
975.089	20940.29
975.382	19706.50
975.674	18710.17
975.966	17829.72
976.258	17037.23
976.550	16234.56
976.841	15598.98
977.133	14948.12
977.425	14278.53
977.717	13735.99
978.008	13207.10
978.300	12747.92
978.591	12342.15
978.883	11899.10
979.174	11507.45
979.465	11113.69
979.757	10729.72
980.048	10321.34
980.339	9982.09
980.630	9643.74
980.921	9225.04
981.212	8885.13
981.503	8524.55
981.794	8119.21
982.085	7757.93
982.376	7322.02
982.666	6895.82
982.957	6460.92
983.248	6065.22
983.538	5672.76
983.828	5339.17
984.119	5000.47
984.409	4666.58
984.700	4378.06
984.990	4095.58
985.280	3865.96
985.570	3632.03
985.860	3446.74
986.150	3244.85
986.440	3112.32
986.730	2975.71
987.020	2877.89
987.309	2783.16
987.599	2698.39
987.889	2623.39
988.178	2558.39
988.468	2515.49
988.757	2496.81
989.047	2450.78
989.336	2426.59
989.625	2425.73
989.915	2413.32
990.204	2403.02
990.493	2380.14
990.782	2344.86
991.071	2329.74
991.360	2280.71
991.649	2238.30
991.938	2204.38
992.226	2155.46
992.515	2086.79
992.804	2025.36
993.092	1973.98
993.381	1900.58
993.669	1833.93
993.958	1755.12
994.246	1690.25
994.534	1626.03
994.823	1558.33
995.111	1482.60
995.399	1417.90
995.687	1346.84
995.975	1275.19
996.263	1215.50
996.551	1156.89
996.839	1103.11
997.126	1050.63
997.414	997.31
997.702	945.27
997.989	899.39
998.277	863.42
998.564	827.70
998.852	795.71
999.139	769.51
999.426	752.99
999.713	731.65
1000.001	714.94
1000.288	690.65
1000.575	671.89
1000.862	653.85
1001.149	641.68
1001.436	624.27
1001.722	619.27
1002.009	605.88
1002.296	590.97
1002.582	580.88
1002.869	566.47
1003.156	554.69
1003.442	552.61
1003.728	540.53
1004.015	531.20
1004.301	526.45
1004.587	518.66
1004.873	520.70
1005.160	515.91
1005.446	502.24
1005.732	494.44
1006.017	491.87
1006.303	484.64
1006.589	478.74
1006.875	468.66
1007.161	458.90
1007.446	450.72
1007.732	445.17
1008.017	435.46
1008.303	428.11
1008.588	425.05
1008.873	420.16
1009.159	413.77
1009.444	409.62
1009.729	402.78
1010.014	400.84
1010.299	398.69
1010.584	390.62
1010.869	379.87
1011.154	370.15
1011.439	364.54
1011.723	360.27
1012.008	357.58
1012.293	351.73
1012.577	347.26
1012.862	345.00
1013.146	349.58
1013.430	350.98
1013.715	344.36
1013.999	336.74
1014.283	337.05
1014.567	337.09
1014.851	338.98
1015.135	330.72
1015.419	327.40
1015.703	322.98
1015.987	323.38
1016.271	321.63
1016.555	321.70
1016.838	321.46
1017.122	321.72
1017.405	315.37
1017.689	315.82
1017.972	316.62
1018.256	313.63
1018.539	305.44
1018.822	302.35
1019.105	304.51
1019.388	308.26
1019.671	313.37
1019.954	312.70
1020.237	312.32
1020.520	316.68
1020.803	315.49
1021.086	315.48
1021.368	314.57
1021.651	316.04
1021.934	316.05
1022.216	315.75
