339.735	92.84
340.108	82.86
340.482	68.67
340.855	58.00
341.228	38.09
341.602	20.77
341.975	-1.72
342.348	-13.77
342.721	-27.23
343.094	-31.31
343.468	-31.64
343.841	-24.43
344.214	-21.85
344.587	-15.82
344.960	-0.65
345.333	14.31
345.706	22.38
346.079	26.58
346.452	28.52
346.824	40.03
347.197	50.36
347.570	53.27
347.943	54.67
348.316	66.61
348.688	81.35
349.061	88.46
349.434	94.48
349.806	107.40
350.179	122.25
350.552	133.76
350.924	138.71
351.297	143.88
351.669	153.88
352.042	154.53
352.414	154.21
352.787	152.91
353.159	153.13
353.531	155.28
353.904	155.07
354.276	151.30
354.648	157.54
355.020	162.17
355.393	158.94
355.765	160.12
356.137	168.41
356.509	171.64
356.881	177.88
357.253	171.85
357.625	165.94
357.997	167.01
358.369	168.84
358.741	159.59
359.113	157.11
359.485	166.47
359.857	166.80
360.229	167.33
360.600	170.13
360.972	164.00
361.344	161.74
361.716	154.64
362.087	141.19
362.459	142.48
362.831	138.93
363.202	131.72
363.574	134.73
363.945	132.47
364.317	138.71
364.688	139.14
365.060	136.34
365.431	133.87
365.803	135.48
366.174	137.63
366.545	138.50
366.917	135.48
367.288	131.93
367.659	135.80
368.030	143.12
368.402	147.53
368.773	150.12
369.144	148.40
369.515	152.27
369.886	155.50
370.257	153.67
370.628	148.93
370.999	144.84
371.370	139.36
371.741	140.86
372.112	139.46
372.483	136.02
372.853	138.17
373.224	135.80
373.595	141.83
373.966	143.55
374.336	141.83
374.707	145.38
375.078	153.78
375.448	171.53
375.819	178.31
376.190	171.53
376.560	173.36
376.931	186.38
377.301	185.74
377.671	179.60
378.042	162.17
378.412	170.03
378.783	175.51
379.153	168.20
379.523	159.16
379.893	156.79
380.264	159.59
380.634	154.96
381.004	147.96
381.374	143.01
381.744	147.64
382.114	149.04
382.484	148.07
382.854	148.07
383.224	156.25
383.594	157.00
383.964	160.23
384.334	159.69
384.704	163.68
385.074	163.89
385.444	157.33
385.814	153.02
386.183	153.02
386.553	152.81
386.923	154.21
387.292	144.84
387.662	147.75
388.032	154.10
388.401	153.35
388.771	148.83
389.140	149.58
389.510	151.73
389.879	157.11
390.248	153.99
390.618	157.00
390.987	154.21
391.356	157.65
391.726	156.90
392.095	161.31
392.464	164.43
392.833	164.64
393.203	164.43
393.572	166.80
393.941	161.09
394.310	164.43
394.679	154.64
395.048	157.76
395.417	157.43
395.786	160.23
396.155	157.11
396.524	187.67
396.893	186.27
397.261	189.83
397.630	181.65
397.999	181.11
398.368	175.19
398.736	176.05
399.105	166.58
399.474	165.51
399.842	160.77
400.211	167.77
400.579	167.12
400.948	168.41
401.317	169.38
401.685	155.82
402.053	154.10
402.422	161.52
402.790	159.16
403.158	158.08
403.527	159.69
403.895	161.20
404.263	154.31
404.632	156.14
405.000	149.79
405.368	143.45
405.736	143.23
406.104	143.98
406.472	146.35
406.840	152.91
407.208	150.55
407.576	164.54
407.944	167.33
408.312	167.87
408.680	163.14
409.048	161.09
409.415	162.38
409.783	162.49
410.151	150.98
410.519	153.99
410.886	151.84
411.254	153.45
411.622	150.33
411.989	142.26
412.357	144.63
412.724	146.57
413.092	145.38
413.459	153.02
413.827	153.02
414.194	152.81
414.561	152.27
414.929	153.24
415.296	153.24
415.663	152.91
416.030	146.78
416.398	147.96
416.765	146.67
417.132	152.48
417.499	147.10
417.866	140.32
418.233	140.43
418.600	143.34
418.967	135.91
419.334	138.17
419.701	138.39
420.068	143.23
420.435	145.60
420.802	141.08
421.168	135.37
421.535	145.71
421.902	149.58
422.269	147.64
422.635	145.38
423.002	152.16
423.369	162.71
423.735	167.44
424.102	160.02
424.468	156.68
424.835	156.14
425.201	160.77
425.567	163.35
425.934	157.65
426.300	161.42
426.667	164.00
427.033	166.58
427.399	164.97
427.765	167.33
428.131	164.64
428.498	165.61
428.864	161.09
429.230	167.12
429.596	165.29
429.962	165.83
430.328	166.15
430.694	161.63
431.060	164.11
431.426	173.15
431.792	167.12
432.157	173.04
432.523	175.73
432.889	171.32
433.255	178.31
433.620	173.90
433.986	168.20
434.352	170.46
434.717	165.40
435.083	161.52
435.448	158.30
435.814	157.11
436.179	167.01
436.545	164.43
436.910	161.52
437.276	160.77
437.641	164.97
438.006	168.30
438.372	165.51
438.737	161.74
439.102	166.26
439.467	173.36
439.832	175.94
440.197	181.11
440.563	181.97
440.928	182.29
441.293	172.61
441.658	174.65
442.023	167.23
442.387	168.63
442.752	164.11
443.117	168.20
443.482	174.22
443.847	184.55
444.212	183.37
444.576	190.69
444.941	195.85
445.306	201.45
445.670	198.97
446.035	195.64
446.399	195.10
446.764	197.36
447.128	195.31
447.493	192.09
447.857	194.67
448.222	199.40
448.586	198.22
448.950	200.26
449.315	195.96
449.679	195.31
450.043	198.86
450.407	193.05
450.772	187.14
451.136	197.36
451.500	195.85
451.864	199.83
452.228	209.84
452.592	210.92
452.956	213.39
453.320	220.93
453.684	218.88
454.047	223.29
454.411	224.80
454.775	221.68
455.139	219.42
455.503	219.74
455.866	215.01
456.230	221.14
456.594	221.57
456.957	223.62
457.321	219.63
457.684	222.54
458.048	223.18
458.411	228.13
458.775	218.99
459.138	211.35
459.501	213.72
459.865	217.70
460.228	211.46
460.591	218.02
460.955	217.70
461.318	218.99
461.681	221.79
462.044	216.62
462.407	213.39
462.770	216.19
463.133	204.78
463.496	199.51
463.859	196.93
464.222	196.71
464.585	199.73
464.948	195.74
465.311	195.96
465.674	203.49
466.036	203.06
466.399	212.32
466.762	212.53
467.124	210.06
467.487	215.97
467.850	213.61
468.212	206.72
468.575	203.17
468.937	193.38
469.300	192.84
469.662	193.59
470.024	186.27
470.387	182.08
470.749	192.52
471.111	198.11
471.474	198.97
471.836	198.11
472.198	196.17
472.560	199.51
472.922	204.57
473.284	194.02
473.646	190.58
474.008	188.32
474.370	184.66
474.732	182.51
475.094	188.00
475.456	188.21
475.818	192.84
476.180	195.85
476.542	196.93
476.903	198.11
477.265	201.12
477.627	191.33
477.988	191.87
478.350	189.93
478.711	192.62
479.073	187.14
479.435	190.26
479.796	191.44
480.157	193.81
480.519	188.43
480.880	181.97
481.241	178.74
481.603	185.74
481.964	181.75
482.325	176.16
482.686	175.73
483.048	179.60
483.409	182.51
483.770	179.39
484.131	182.94
484.492	183.05
484.853	188.75
485.214	194.67
485.575	195.96
485.936	203.49
486.296	210.06
486.657	203.71
487.018	212.42
487.379	215.11
487.739	220.60
488.100	221.46
488.461	219.85
488.821	219.42
489.182	224.80
489.542	221.14
489.903	223.83
490.263	220.17
490.624	225.12
490.984	223.72
491.345	227.17
491.705	227.70
492.065	224.26
492.425	221.46
492.786	221.03
493.146	222.54
493.506	223.08
493.866	220.06
494.226	217.16
494.586	221.57
494.946	217.05
495.306	219.85
495.666	218.34
496.026	229.10
496.386	233.19
496.746	241.26
497.106	240.83
497.465	241.05
497.825	239.76
498.185	231.36
498.544	221.46
498.904	217.91
499.264	206.83
499.623	207.58
499.983	209.30
500.342	206.61
500.702	213.39
501.061	214.90
501.420	220.71
501.780	232.22
502.139	234.59
502.498	238.04
502.858	238.90
503.217	240.29
503.576	244.81
503.935	241.48
504.294	239.33
504.653	237.93
505.012	236.53
505.371	238.79
505.730	242.66
506.089	239.54
506.448	244.38
506.807	238.47
507.166	241.26
507.524	245.25
507.883	240.19
508.242	242.66
508.601	249.55
508.959	249.01
509.318	252.67
509.676	254.50
510.035	251.38
510.393	261.60
510.752	247.94
511.110	244.92
511.469	244.17
511.827	251.27
512.185	252.78
512.544	253.75
512.902	251.38
513.260	256.33
513.618	250.09
513.976	251.81
514.334	244.92
514.692	239.76
515.050	242.02
515.408	241.80
515.766	251.38
516.124	259.77
516.482	262.79
516.840	262.03
517.198	264.40
517.556	263.65
517.913	261.92
518.271	260.20
518.629	262.03
518.986	263.32
519.344	270.96
519.701	272.04
520.059	277.74
520.416	280.86
520.774	280.97
521.131	283.02
521.489	279.25
521.846	277.96
522.203	279.14
522.561	278.71
522.918	282.48
523.275	294.21
523.632	289.90
523.989	290.98
524.346	292.16
524.703	297.44
525.060	299.91
525.417	297.97
525.774	290.98
526.131	293.35
526.488	298.30
526.845	296.04
527.202	297.33
527.559	292.81
527.915	296.58
528.272	292.59
528.629	288.83
528.985	288.29
529.342	292.38
529.698	290.01
530.055	296.47
530.411	293.78
530.768	295.39
531.124	305.51
531.480	301.42
531.837	306.58
532.193	312.72
532.549	308.20
532.906	307.34
533.262	309.49
533.618	307.44
533.974	311.96
534.330	306.80
534.686	300.99
535.042	302.49
535.398	300.34
535.754	293.89
536.110	293.45
536.466	289.47
536.821	289.69
537.177	294.53
537.533	300.88
537.889	307.55
538.244	315.51
538.600	311.43
538.955	317.13
539.311	316.16
539.667	309.06
540.022	297.97
540.377	297.44
540.733	294.64
541.088	297.65
541.444	292.92
541.799	296.47
542.154	305.08
542.509	314.55
542.864	314.01
543.220	316.91
543.575	318.53
543.930	322.19
544.285	319.50
544.640	315.51
544.995	311.10
545.350	307.34
545.705	303.79
546.059	298.19
546.414	297.65
546.769	304.97
547.124	303.89
547.478	305.08
547.833	312.93
548.188	318.10
548.542	322.40
548.897	320.90
549.251	317.67
549.606	316.70
549.960	315.51
550.315	311.43
550.669	313.15
551.023	313.58
551.378	314.33
551.732	311.00
552.086	311.43
552.440	315.95
552.794	316.59
553.148	314.55
553.502	312.29
553.856	310.35
554.210	308.52
554.564	307.98
554.918	312.61
555.272	315.08
555.626	309.60
555.980	341.88
556.334	345.54
556.687	347.69
557.041	349.30
557.395	342.85
557.748	340.70
558.102	348.12
558.455	319.50
558.809	321.00
559.162	323.91
559.516	331.87
559.869	340.48
560.222	348.12
560.576	353.50
560.929	356.08
561.282	355.55
561.635	362.86
561.988	359.20
562.342	356.08
562.695	352.10
563.048	350.70
563.401	348.23
563.754	348.98
564.107	345.97
564.459	351.56
564.812	350.60
565.165	357.59
565.518	352.86
565.871	352.96
566.223	352.96
566.576	346.51
566.929	339.51
567.281	346.51
567.634	341.77
567.986	343.39
568.339	346.29
568.691	348.12
569.044	352.32
569.396	355.33
569.748	352.00
570.100	353.61
570.453	355.65
570.805	356.19
571.157	361.46
571.509	365.02
571.861	368.57
572.213	369.11
572.565	372.98
572.917	372.66
573.269	372.12
573.621	370.72
573.973	371.80
574.325	370.83
574.677	371.69
575.028	370.72
575.380	374.81
575.732	379.22
576.083	379.33
576.435	378.68
576.786	371.69
577.138	376.32
577.489	372.01
577.841	362.11
578.192	360.17
578.543	362.00
578.895	359.31
579.246	369.00
579.597	362.33
579.948	364.37
580.300	371.26
580.651	373.84
581.002	367.71
581.353	365.02
581.704	363.72
582.055	362.00
582.406	363.72
582.757	365.88
583.107	367.71
583.458	369.00
583.809	378.57
584.160	380.94
584.510	381.70
584.861	376.64
585.212	374.59
585.562	368.24
585.913	366.95
586.263	360.17
586.614	358.24
586.964	357.81
587.315	360.28
587.665	367.28
588.015	367.38
588.365	370.18
588.716	365.12
589.066	360.82
589.416	360.71
589.766	356.41
590.116	350.70
590.466	354.79
590.816	350.81
591.166	353.50
591.516	353.72
591.866	355.01
592.216	370.61
592.566	371.15
592.915	371.58
593.265	374.06
593.615	379.87
593.964	380.40
594.314	377.82
594.663	368.14
595.013	365.34
595.362	360.50
595.712	365.12
596.061	365.34
596.411	367.81
596.760	364.59
597.109	362.22
597.458	364.80
597.808	367.60
598.157	365.34
598.506	361.90
598.855	360.60
599.204	372.12
599.553	382.02
599.902	377.18
600.251	379.22
600.600	373.73
600.949	377.71
601.297	380.40
601.646	368.89
601.995	357.81
602.344	360.93
602.692	359.20
603.041	362.86
603.389	362.97
603.738	359.31
604.086	357.70
604.435	357.48
604.783	357.16
605.132	348.77
605.480	345.43
605.828	336.50
606.177	338.54
606.525	348.01
606.873	351.67
607.221	359.10
607.569	371.47
607.917	374.16
608.265	377.18
608.613	380.08
608.961	372.33
609.309	370.93
609.657	366.20
610.005	361.90
610.352	360.28
610.700	359.96
611.048	363.08
611.395	369.75
611.743	373.30
612.091	368.35
612.438	365.02
612.786	375.02
613.133	380.62
613.480	378.57
613.828	376.75
614.175	369.54
614.522	370.93
614.870	370.83
615.217	364.16
615.564	365.34
615.911	362.22
616.258	366.41
616.605	370.29
616.952	372.55
617.299	378.68
617.646	379.33
617.993	378.68
618.340	377.61
618.687	371.47
619.033	375.13
619.380	375.88
619.727	372.33
620.073	370.83
620.420	364.59
620.767	367.81
621.113	372.66
621.459	372.55
621.806	377.61
622.152	376.85
622.499	375.88
622.845	383.63
623.191	383.74
623.537	384.06
623.884	380.51
624.230	372.87
624.576	369.11
624.922	372.87
625.268	369.00
625.614	362.11
625.960	358.77
626.306	357.91
626.652	351.89
626.998	353.82
627.343	351.03
627.689	348.23
628.035	356.84
628.380	357.05
628.726	360.93
629.072	370.93
629.417	378.04
629.763	379.33
630.108	376.21
630.453	369.21
630.799	371.80
631.144	370.07
631.489	370.18
631.835	363.94
632.180	361.68
632.525	362.22
632.870	359.31
633.215	351.46
633.560	343.71
633.905	337.47
634.250	330.04
634.595	330.37
634.940	335.75
635.285	335.85
635.630	337.25
635.974	338.76
636.319	336.82
636.664	350.92
637.008	354.36
637.353	349.52
637.698	347.69
638.042	347.69
638.387	351.46
638.731	349.95
639.075	337.36
639.420	330.47
639.764	335.75
640.108	333.92
640.452	335.64
640.797	327.46
641.141	335.21
641.485	342.31
641.829	333.81
642.173	328.32
642.517	332.95
642.861	332.95
643.205	333.16
643.549	322.51
643.892	316.16
644.236	321.97
644.580	318.74
644.923	315.30
645.267	309.81
645.611	311.75
645.954	308.84
646.298	302.49
646.641	301.31
646.985	300.02
647.328	299.05
647.671	307.66
648.015	304.65
648.358	305.83
648.701	312.07
649.044	308.95
649.387	308.84
649.731	312.07
650.074	302.49
650.417	301.85
650.760	296.04
651.102	291.95
651.445	299.37
651.788	301.20
652.131	296.25
652.474	296.25
652.816	298.40
653.159	303.68
653.502	303.68
653.844	298.19
654.187	296.68
654.529	294.64
654.872	297.01
655.214	292.16
655.557	290.01
655.899	290.76
656.241	290.87
656.583	281.29
656.926	278.82
657.268	274.41
657.610	278.17
657.952	280.76
658.294	285.38
658.636	283.55
658.978	292.92
659.320	291.73
659.662	288.50
660.004	288.29
660.345	284.09
660.687	276.56
661.029	269.89
661.371	262.79
661.712	271.18
662.054	273.55
662.395	268.70
662.737	274.62
663.078	278.71
663.420	284.20
663.761	291.95
664.102	289.04
664.444	288.61
664.785	289.04
665.126	286.57
665.467	286.14
665.808	289.15
666.149	285.06
666.490	276.99
666.831	278.93
667.172	283.34
667.513	287.97
667.854	280.65
668.195	278.93
668.535	276.34
668.876	281.40
669.217	277.31
669.557	272.36
669.898	264.18
670.239	267.74
670.579	262.36
670.920	257.84
671.260	262.14
671.600	265.15
671.941	277.31
672.281	280.33
672.621	277.21
672.961	279.47
673.302	282.59
673.642	273.76
673.982	270.75
674.322	254.82
674.662	250.63
675.002	258.27
675.342	259.34
675.682	260.42
676.021	262.57
676.361	263.97
676.701	285.17
677.041	282.48
677.380	274.41
677.720	275.05
678.059	269.03
678.399	269.67
678.738	262.57
679.078	246.54
679.417	249.33
679.756	247.72
680.096	241.37
680.435	246.75
680.774	244.81
681.113	250.30
681.453	244.28
681.792	243.63
682.131	240.51
682.470	247.07
682.809	244.38
683.148	240.51
683.486	241.59
683.825	244.38
684.164	243.09
684.503	247.83
684.841	242.23
685.180	241.80
685.519	245.25
685.857	238.04
686.196	234.38
686.534	230.39
686.873	226.20
687.211	224.37
687.549	224.37
687.888	222.97
688.226	218.23
688.564	218.56
688.902	217.05
689.240	219.42
689.578	216.94
689.917	211.56
690.255	212.42
690.592	215.87
690.930	217.91
691.268	220.60
691.606	224.26
691.944	247.18
692.282	251.06
692.619	251.81
692.957	253.64
693.294	248.37
693.632	251.27
693.970	246.11
694.307	223.72
694.644	226.20
694.982	231.36
695.319	242.12
695.656	244.92
695.994	243.52
696.331	244.28
696.668	241.26
697.005	238.36
697.342	227.17
697.679	224.91
698.016	217.80
698.353	213.18
698.690	214.36
699.027	220.49
699.364	219.96
699.700	216.30
700.037	203.60
700.374	209.95
700.710	213.72
701.047	206.83
701.384	202.95
701.720	204.68
702.057	207.04
702.393	206.72
702.729	205.11
703.066	204.78
703.402	206.61
703.738	209.84
704.074	204.57
704.410	212.21
704.747	215.76
705.083	212.85
705.419	214.58
705.755	219.20
706.091	217.80
706.426	213.72
706.762	209.20
707.098	206.72
707.434	209.95
707.769	201.45
708.105	195.85
708.441	190.36
708.776	204.78
709.112	203.17
709.447	201.99
709.783	200.69
710.118	204.03
710.453	209.30
710.789	211.78
711.124	200.48
711.459	199.40
711.794	203.49
712.129	205.00
712.464	208.01
712.799	199.73
713.134	198.54
713.469	208.66
713.804	211.78
714.139	206.72
714.474	205.64
714.809	204.46
715.143	206.94
715.478	204.35
715.813	199.73
716.147	196.82
716.482	198.97
716.816	192.73
717.151	193.16
717.485	198.97
717.819	200.59
718.154	198.33
718.488	201.99
718.822	199.30
719.156	209.30
719.491	208.77
719.825	200.69
720.159	203.81
720.493	200.16
720.827	194.24
721.161	191.44
721.494	183.48
721.828	180.79
722.162	187.03
722.496	183.80
722.829	184.12
723.163	190.79
723.497	193.05
723.830	192.41
724.164	194.88
724.497	192.84
724.830	193.48
725.164	193.16
725.497	193.05
725.830	192.41
726.164	197.04
726.497	199.83
726.830	200.91
727.163	209.30
727.496	210.81
727.829	210.92
728.162	212.21
728.495	214.47
728.828	205.64
729.160	199.83
729.493	189.61
729.826	191.65
730.159	188.21
730.491	191.65
730.824	188.43
731.156	193.91
731.489	197.47
731.821	202.42
732.154	197.79
732.486	193.91
732.818	192.09
733.151	188.96
733.483	184.98
733.815	185.31
734.147	186.60
734.479	190.26
734.811	191.44
735.143	194.56
735.475	198.54
735.807	203.49
736.139	201.66
736.471	200.69
736.803	201.88
737.134	201.45
737.466	203.92
737.798	200.16
738.129	204.89
738.461	202.09
738.792	197.90
739.124	193.70
739.455	194.88
739.786	187.89
740.118	190.04
740.449	183.26
740.780	184.23
741.111	189.72
741.442	190.69
741.773	189.83
742.104	199.83
742.435	205.11
742.766	202.31
743.097	206.61
743.428	208.23
743.759	211.89
744.090	215.97
744.420	206.07
744.751	201.66
745.081	208.23
745.412	201.23
745.743	192.19
746.073	191.55
746.403	190.15
746.734	190.26
747.064	193.81
747.394	184.66
747.725	188.96
748.055	193.05
748.385	193.59
748.715	188.86
749.045	189.93
749.375	191.22
749.705	188.86
750.035	191.76
750.365	192.30
750.695	186.92
751.024	188.86
751.354	191.22
751.684	185.20
752.013	192.52
752.343	201.56
752.673	201.56
753.002	207.15
753.331	208.44
753.661	208.98
753.990	212.32
754.320	214.25
754.649	207.04
754.978	202.95
755.307	203.38
755.636	205.75
755.965	204.89
756.294	204.25
756.623	201.77
756.952	197.68
757.281	201.02
757.610	198.76
757.939	192.41
758.267	193.91
758.596	197.90
758.925	202.95
759.253	213.39
759.582	210.38
759.910	206.83
760.239	212.42
760.567	208.98
760.896	207.04
761.224	198.97
761.552	190.26
761.881	190.04
762.209	189.40
762.537	187.03
762.865	188.32
763.193	184.98
763.521	187.03
763.849	183.69
764.177	184.66
764.505	187.57
764.832	191.22
765.160	196.71
765.488	202.95
765.815	210.49
766.143	214.36
766.471	214.90
766.798	215.76
767.126	214.36
767.453	206.40
767.780	199.62
768.108	190.47
768.435	186.81
768.762	186.70
769.089	191.98
769.417	190.04
769.744	188.32
770.071	185.74
770.398	189.72
770.725	194.56
771.052	198.65
771.378	194.02
771.705	196.28
772.032	198.97
772.359	201.34
772.685	203.28
773.012	201.12
773.338	203.49
773.665	201.99
773.991	198.22
774.318	195.85
774.644	199.51
774.971	193.59
775.297	208.55
775.623	197.90
775.949	200.91
776.275	212.42
776.601	212.64
776.927	208.12
777.253	205.43
777.579	184.44
777.905	191.44
778.231	187.35
778.557	179.28
778.883	186.38
779.208	186.60
779.534	193.27
779.860	201.23
780.185	198.97
780.511	202.63
780.836	205.86
781.162	204.68
781.487	210.49
781.812	209.20
782.138	202.20
782.463	205.75
782.788	205.75
783.113	200.16
783.438	195.74
783.763	197.36
784.088	197.14
784.413	201.66
784.738	198.11
785.063	201.45
785.388	209.41
785.712	209.95
786.037	206.72
786.362	207.58
786.686	209.09
787.011	209.09
787.335	207.04
787.660	209.63
787.984	215.44
788.308	209.84
788.633	211.35
788.957	207.69
789.281	213.28
789.605	213.39
789.930	206.18
790.254	204.89
790.578	207.69
790.902	207.15
791.225	209.84
791.549	210.06
791.873	206.51
792.197	205.11
792.521	201.12
792.844	202.85
793.168	200.48
793.492	199.19
793.815	195.10
794.139	197.57
794.462	198.97
794.785	201.23
795.109	196.71
795.432	203.38
795.755	206.83
796.078	201.88
796.401	206.07
796.725	202.31
797.048	202.63
797.371	208.12
797.694	208.98
798.016	214.04
798.339	220.39
798.662	215.97
798.985	218.02
799.308	222.43
799.630	223.72
799.953	216.94
800.275	208.87
800.598	213.93
800.920	212.10
801.243	216.19
801.565	209.95
801.887	211.67
802.210	211.56
802.532	217.27
802.854	213.50
803.176	215.44
803.498	213.28
803.820	217.05
804.142	214.79
804.464	214.68
804.786	218.67
805.108	224.37
805.429	224.26
805.751	229.53
806.073	227.60
806.394	226.63
806.716	232.44
807.038	229.10
807.359	225.23
807.680	227.81
808.002	223.29
808.323	220.49
808.644	223.18
808.966	224.69
809.287	222.54
809.608	222.32
809.929	227.81
810.250	229.43
810.571	238.14
810.892	240.29
811.213	246.11
811.534	250.20
811.854	249.55
812.175	248.69
812.496	250.09
812.816	252.02
813.137	256.33
813.458	247.50
813.778	248.90
814.098	254.93
814.419	250.63
814.739	257.08
815.059	254.18
815.380	249.98
815.700	261.17
816.020	264.83
816.340	266.87
816.660	277.31
816.980	277.85
817.300	285.60
817.620	292.06
817.940	291.09
818.260	298.19
818.579	304.43
818.899	311.00
819.219	311.21
819.538	311.21
819.858	314.87
820.177	318.64
820.497	314.44
820.816	315.95
821.135	311.75
821.455	314.44
821.774	321.97
822.093	324.12
822.412	325.31
822.731	334.02
823.050	328.32
823.369	336.18
823.688	339.40
824.007	341.23
824.326	342.74
824.645	350.38
824.963	348.12
825.282	356.95
825.601	349.52
825.919	352.96
826.238	348.66
826.556	364.69
826.875	358.99
827.193	356.73
827.511	350.27
827.830	348.34
828.148	345.75
828.466	343.06
828.784	322.40
829.102	317.02
829.420	317.99
829.738	319.71
830.056	327.14
830.374	328.21
830.692	337.04
831.010	345.97
831.327	360.39
831.645	363.62
831.963	370.29
832.280	370.07
832.598	369.21
832.915	363.19
833.233	362.43
833.550	355.87
833.867	352.21
834.185	347.37
834.502	342.85
834.819	343.28
835.136	340.91
835.453	332.84
835.770	330.47
836.087	323.69
836.404	322.29
836.721	320.79
837.038	308.52
837.355	303.14
837.671	301.42
837.988	291.73
838.305	290.87
838.621	277.85
838.938	274.62
839.254	280.00
839.571	281.51
839.887	291.95
840.203	301.31
840.520	314.22
840.836	334.56
841.152	354.25
841.468	382.56
841.784	417.21
842.100	446.05
842.416	487.91
842.732	534.50
843.048	585.83
843.364	629.74
843.679	680.85
843.995	726.37
844.311	780.07
844.626	842.70
844.942	890.91
845.257	950.74
845.573	1021.23
845.888	1074.49
846.203	1133.46
846.519	1186.19
846.834	1234.62
847.149	1287.13
847.464	1330.39
847.779	1369.24
848.094	1411.96
848.409	1450.92
848.724	1480.40
849.039	1508.38
849.354	1537.01
849.669	1556.48
849.983	1571.66
850.298	1582.31
850.613	1593.39
850.927	1604.69
851.242	1598.77
851.556	1595.76
851.871	1589.95
852.185	1594.90
852.499	1591.24
852.814	1591.56
853.128	1600.93
853.442	1617.39
853.756	1631.27
854.070	1647.31
854.384	1651.93
854.698	1671.41
855.012	1689.81
855.326	1698.10
855.640	1712.84
855.953	1731.46
856.267	1754.81
856.581	1768.26
856.894	1776.98
857.208	1783.11
857.521	1782.90
857.835	1767.40
858.148	1735.22
858.461	1692.93
858.775	1645.69
859.088	1588.12
859.401	1520.65
859.714	1450.81
860.027	1383.66
860.340	1320.06
860.653	1251.62
860.966	1191.90
861.279	1148.32
861.592	1114.31
861.904	1096.98
862.217	1091.28
862.530	1109.47
862.842	1152.73
863.155	1229.02
863.467	1331.25
863.780	1443.92
864.092	1596.41
864.405	1771.17
864.717	1966.80
865.029	2186.54
865.341	2425.44
865.653	2674.24
865.966	2947.57
866.278	3223.27
866.589	3515.32
866.901	3805.44
867.213	4109.87
867.525	4405.48
867.837	4686.77
868.149	4957.20
868.460	5214.18
868.772	5458.99
869.083	5684.87
869.395	5895.03
869.706	6101.53
870.018	6312.77
870.329	6507.66
870.640	6702.54
870.952	6887.63
871.263	7075.09
871.574	7246.51
871.885	7427.08
872.196	7593.67
872.507	7797.91
872.818	7979.02
873.129	8173.47
873.440	8349.20
873.750	8536.44
874.061	8679.14
874.372	8794.07
874.682	8881.45
874.993	8960.43
875.303	8985.83
875.614	8996.80
875.924	8941.71
876.235	8895.43
876.545	8838.29
876.855	8751.88
877.165	8591.54
877.475	8458.43
877.786	8291.42
878.096	8111.27
878.406	7857.64
878.715	7574.94
879.025	7285.58
879.335	7030.00
879.645	6696.51
879.955	6375.19
880.264	6082.49
880.574	5817.98
880.883	5570.91
881.193	5314.36
881.502	5076.97
881.812	4871.33
882.121	4695.17
882.430	4539.24
882.740	4429.37
883.049	4349.95
883.358	4300.56
883.667	4287.54
883.976	4329.83
884.285	4395.04
884.594	4481.78
884.903	4582.28
885.212	4726.48
885.520	4915.77
885.829	5099.79
886.138	5338.57
886.446	5602.54
886.755	5894.60
887.063	6258.00
887.372	6648.74
887.680	7088.33
887.988	7607.98
888.297	8156.47
888.605	8777.82
888.913	9507.53
889.221	10239.60
889.529	11116.09
889.837	12034.12
890.145	13090.32
890.453	14270.70
890.761	15533.19
891.069	16901.25
891.377	18453.32
891.684	20069.42
891.992	21717.80
892.299	23394.27
892.607	25056.21
892.914	26793.81
893.222	28484.27
893.529	30125.65
893.837	31646.41
894.144	33205.26
894.451	34646.17
894.758	35943.10
895.065	37151.78
895.372	38295.79
895.679	39169.59
895.986	40180.70
896.293	40833.36
896.600	41328.80
896.907	41769.04
897.213	41991.26
897.520	41991.15
897.827	41867.07
898.133	41356.67
898.440	40920.64
898.746	40338.03
899.053	39638.24
899.359	38794.57
899.665	37846.73
899.972	36835.73
900.278	35757.47
900.584	34604.31
900.890	33413.92
901.196	32059.74
901.502	30732.26
901.808	29384.54
902.114	28087.07
902.419	26770.99
902.725	25431.02
903.031	24196.62
903.337	23129.34
903.642	22091.11
903.948	21174.05
904.253	20385.90
904.559	19769.94
904.864	19252.55
905.169	18912.17
905.475	18683.61
905.780	18621.41
906.085	18730.85
906.390	18946.93
906.695	19196.70
907.000	19651.25
907.305	20165.19
907.610	20663.97
907.915	21227.21
908.219	21752.02
908.524	22322.90
908.829	22824.15
909.133	23314.96
909.438	23645.97
909.743	24003.35
910.047	24183.71
910.351	24342.76
910.656	24318.22
910.960	24252.68
911.264	24069.75
911.568	23785.76
911.873	23321.42
912.177	22823.83
912.481	22146.96
912.785	21470.30
913.088	20709.81
913.392	19801.90
913.696	18875.69
914.000	17999.96
914.304	17097.86
914.607	16268.28
914.911	15387.70
915.214	14599.24
915.518	13883.84
915.821	13211.06
916.124	12582.18
916.428	12011.41
916.731	11512.53
917.034	11081.66
917.337	10668.32
917.640	10329.56
917.943	10062.47
918.246	9816.26
918.549	9625.47
918.852	9422.40
919.155	9309.31
919.458	9271.75
919.760	9296.18
920.063	9404.76
920.366	9629.66
920.668	10020.51
920.971	10514.33
921.273	11154.51
921.576	11922.10
921.878	12792.45
922.180	13850.16
922.482	15044.96
922.784	16316.82
923.087	17813.04
923.389	19387.49
923.691	21109.70
923.992	22981.59
924.294	25031.57
924.596	27275.04
924.898	29638.93
925.200	32004.22
925.501	34515.10
925.803	37118.64
926.104	39595.62
926.406	41769.15
926.707	43858.20
927.009	45735.04
927.310	47325.52
927.611	48630.09
927.912	49606.01
928.214	50465.07
928.515	51206.72
928.816	51602.52
929.117	51867.56
929.418	52128.30
929.719	52317.81
930.019	52377.21
930.320	52425.74
930.621	52385.06
930.922	52304.46
931.222	52090.53
931.523	51817.42
931.823	51490.49
932.124	51057.15
932.424	50682.34
932.724	50152.14
933.025	49772.49
933.325	49516.27
933.625	49248.75
933.925	49075.38
934.225	49091.42
934.525	49133.06
934.825	49448.36
935.125	49739.13
935.425	49982.44
935.724	50222.41
936.024	50214.88
936.324	50201.42
936.623	50139.33
936.923	49785.72
937.222	49288.78
937.522	48981.98
937.821	48602.00
938.120	48260.34
938.420	47767.48
938.719	47072.10
939.018	46700.09
939.317	46383.71
939.616	45728.47
939.915	44872.21
940.214	44223.43
940.513	43364.48
940.812	42570.31
941.111	41722.66
941.409	40905.14
941.708	40375.37
942.006	40188.02
942.305	40013.48
942.603	40238.06
942.902	40452.85
943.200	40787.20
943.499	41330.85
943.797	42005.46
944.095	42648.76
944.393	43546.66
944.691	44588.77
944.989	45837.37
945.287	47090.72
945.585	48209.44
945.883	49213.66
946.181	50356.28
946.479	51275.27
946.776	52158.11
947.074	53030.30
947.371	53758.61
947.669	54630.26
947.966	55539.57
948.264	56400.24
948.561	57122.09
948.858	57874.94
949.156	58482.40
949.453	59157.12
949.750	59554.74
950.047	59784.92
950.344	59924.17
950.641	60067.19
950.938	60026.62
951.235	59967.65
951.532	59807.63
951.828	59584.77
952.125	59269.57
952.422	58861.19
952.718	58319.05
953.015	57520.36
953.311	56617.51
953.607	55356.41
953.904	53873.21
954.200	52238.50
954.496	50258.46
954.792	48017.14
955.089	45723.09
955.385	43106.53
955.681	40518.60
955.976	37791.31
956.272	35043.58
956.568	32315.86
956.864	29661.10
957.160	26977.71
957.455	24459.08
957.751	21968.64
958.046	19670.40
958.342	17471.91
958.637	15511.03
958.933	13723.72
959.228	12186.93
959.523	10827.59
959.818	9753.31
960.114	8987.33
960.409	8482.85
960.704	8243.53
960.999	8315.09
961.294	8637.06
961.588	9303.71
961.883	10333.01
962.178	11692.03
962.473	13373.87
962.767	15319.59
963.062	17530.34
963.356	20046.72
963.651	22673.28
963.945	25378.51
964.239	28264.20
964.534	31192.94
964.828	34344.11
965.122	37489.89
965.416	40511.39
965.710	43439.70
966.004	46125.88
966.298	48478.25
966.592	50487.24
966.886	52077.94
967.180	53369.81
967.473	54425.04
967.767	55304.76
968.061	56035.65
968.354	56667.87
968.648	57167.93
968.941	57498.84
969.234	57613.77
969.528	57511.43
969.821	57208.72
970.114	56797.65
970.407	56087.74
970.700	55288.08
970.993	54397.49
971.286	53446.64
971.579	52306.18
971.872	51093.52
972.165	49549.09
972.457	47881.23
972.750	46069.38
973.043	43993.03
973.335	41713.51
973.628	39581.10
973.920	37348.82
974.213	35361.35
974.505	33426.29
974.797	31495.22
975.089	29647.75
975.382	27909.52
975.674	26031.49
975.966	24337.81
976.258	22684.79
976.550	21197.18
976.841	19900.79
977.133	18795.74
977.425	17843.17
977.717	17090.75
978.008	16309.07
978.300	15611.10
978.591	14974.91
978.883	14343.99
979.174	13742.87
979.465	13217.95
979.757	12714.87
980.048	12291.31
980.339	11870.44
980.630	11466.58
980.921	11088.76
981.212	10719.98
981.503	10315.36
981.794	9959.81
982.085	9592.54
982.376	9274.33
982.666	8911.68
982.957	8542.36
983.248	8165.30
983.538	7792.21
983.828	7395.55
984.119	6985.77
984.409	6567.81
984.700	6178.37
984.990	5779.35
985.280	5414.22
985.570	5081.60
985.860	4754.78
986.150	4460.36
986.440	4175.73
986.730	3907.24
987.020	3688.15
987.309	3476.58
987.599	3282.88
987.889	3119.75
988.178	2990.51
988.468	2872.24
988.757	2781.52
989.047	2677.57
989.336	2604.07
989.625	2538.54
989.915	2482.69
990.204	2442.77
990.493	2410.70
990.782	2378.74
991.071	2370.13
991.360	2363.03
991.649	2353.88
991.938	2339.14
992.226	2314.17
992.515	2285.55
992.804	2255.31
993.092	2216.78
993.381	2178.15
993.669	2133.60
993.958	2083.45
994.246	2018.24
994.534	1960.88
994.823	1896.96
995.111	1831.64
995.399	1765.03
995.687	1697.67
995.975	1625.14
996.263	1566.81
996.551	1497.40
996.839	1426.92
997.126	1359.99
997.414	1290.90
997.702	1224.18
997.989	1169.73
998.277	1114.53
998.564	1060.29
998.852	1007.67
999.139	956.01
999.426	909.10
999.713	865.19
1000.001	835.60
1000.288	794.38
1000.575	768.02
1000.862	746.07
1001.149	731.86
1001.436	705.60
1001.722	694.20
1002.009	664.82
1002.296	650.94
1002.582	633.18
1002.869	621.88
1003.156	602.94
1003.442	603.16
1003.728	588.09
1004.015	572.70
1004.301	563.67
1004.587	550.11
1004.873	538.38
1005.160	538.59
1005.446	523.63
1005.732	514.81
1006.017	511.90
1006.303	503.83
1006.589	507.28
1006.875	501.68
1007.161	485.76
1007.446	480.48
1007.732	479.08
1008.017	471.66
1008.303	465.31
1008.588	454.33
1008.873	444.43
1009.159	439.05
1009.444	433.24
1009.729	421.30
1010.014	416.67
1010.299	413.33
1010.584	407.63
1010.869	403.22
1011.154	398.48
1011.439	392.99
1011.723	389.12
1012.008	387.83
1012.293	379.65
1012.577	368.24
1012.862	358.88
1013.146	352.32
1013.430	350.38
1013.715	348.34
1013.999	341.02
1014.283	338.22
1014.567	335.75
1014.851	342.63
1015.135	341.88
1015.419	334.13
1015.703	325.85
1015.987	329.72
1016.271	327.78
1016.555	331.55
1016.838	320.47
1017.122	319.93
1017.405	313.90
1017.689	314.65
1017.972	312.29
1018.256	314.22
1018.539	313.90
1018.822	313.79
1019.105	307.55
1019.388	307.98
1019.671	308.63
1019.954	304.32
1020.237	297.11
1020.520	293.89
1020.803	297.11
1021.086	302.28
1021.368	306.15
1021.651	305.20
1021.934	303.27
1022.216	309.22
