339.735	63.51
340.108	51.61
340.482	41.29
340.855	33.49
341.228	23.16
341.602	5.4
341.975	-9.88
342.348	-12.46
342.721	-15.26
343.094	-21.5
343.468	-23.33
343.841	-25.91
344.214	-21.82
344.587	-18.81
344.96	-7.84
345.333	-1.81
345.706	12.29
346.079	18.74
346.452	25.09
346.824	30.37
347.197	37.79
347.57	41.02
347.943	48.12
348.316	49.74
348.688	53.07
349.061	62.54
349.434	72.66
349.806	78.04
350.179	90.52
350.552	101.6
350.924	110.21
351.297	121.62
351.669	125.28
352.042	126.46
352.414	130.87
352.787	131.95
353.159	132.27
353.531	143.03
353.904	148.31
354.276	153.37
354.648	159.93
355.02	158.53
355.393	158.32
355.765	155.73
356.137	145.62
356.509	144.33
356.881	141.85
357.253	139.38
357.625	148.63
357.997	140.56
358.369	142.07
358.741	149.81
359.113	147.34
359.485	161.97
359.857	162.08
360.229	160.79
360.6	167.68
360.972	169.4
361.344	161.44
361.716	160.68
362.087	142.6
362.459	142.5
362.831	139.81
363.202	141.31
363.574	140.78
363.945	142.6
364.317	146.37
364.688	149.6
365.06	151.32
365.431	150.78
365.803	144.97
366.174	146.91
366.545	149.81
366.917	143.36
367.288	136.79
367.659	133.89
368.03	129.91
368.402	127.54
368.773	120.87
369.144	120.22
369.515	126.46
369.886	128.4
370.257	131.74
370.628	133.89
370.999	133.46
371.37	134.43
371.741	130.23
372.112	128.08
372.483	130.34
372.853	126.79
373.224	129.26
373.595	137.22
373.966	142.5
374.336	148.63
374.707	155.09
375.078	162.94
375.448	186.29
375.819	187.59
376.19	181.67
376.56	173.7
376.931	168.32
377.301	161.97
377.671	154.23
378.042	135.93
378.412	130.01
378.783	136.04
379.153	144.97
379.523	147.45
379.893	149.49
380.264	148.85
380.634	139.81
381.004	143.14
381.374	141.96
381.744	136.47
382.114	137.65
382.484	139.05
382.854	148.63
383.224	158.1
383.594	158.85
383.964	157.45
384.334	160.47
384.704	166.82
385.074	158.75
385.444	151.43
385.814	150.24
386.183	144.22
386.553	143.9
386.923	142.17
387.292	131.41
387.662	144.43
388.032	140.99
388.401	139.05
388.771	145.29
389.14	142.82
389.51	142.39
389.879	147.99
390.248	138.19
390.618	141.85
390.987	142.82
391.356	144.65
391.726	148.31
392.095	150.68
392.464	147.99
392.833	148.63
393.203	145.29
393.572	143.03
393.941	144.33
394.31	147.02
394.679	148.63
395.048	149.38
395.417	151.43
395.786	157.13
396.155	158.21
396.524	181.02
396.893	177.69
397.261	171.44
397.63	175.64
397.999	172.31
398.368	172.63
398.736	173.81
399.105	165.85
399.474	166.92
399.842	166.17
400.211	168.22
400.579	169.29
400.948	168
401.317	163.8
401.685	142.82
402.053	140.67
402.422	147.45
402.79	137.55
403.158	141.21
403.527	141.64
403.895	143.79
404.263	141.42
404.632	144.76
405	137.65
405.368	138.73
405.736	137.65
406.104	135.72
406.472	135.93
406.84	140.56
407.208	136.26
407.576	147.99
407.944	153.15
408.312	150.89
408.68	146.59
409.048	146.48
409.415	148.52
409.783	153.58
410.151	143.03
410.519	143.47
410.886	143.14
411.254	145.94
411.622	147.34
411.989	144.86
412.357	146.69
412.724	145.94
413.092	137.98
413.459	141.31
413.827	140.99
414.194	142.82
414.561	145.94
414.929	141.85
415.296	145.4
415.663	152.07
416.03	153.26
416.398	153.8
416.765	151.43
417.132	151
417.499	150.68
417.866	150.46
418.233	144.33
418.6	144.86
418.967	145.19
419.334	142.82
419.701	143.03
420.068	141.85
420.435	147.23
420.802	151.75
421.168	146.8
421.535	150.03
421.902	155.95
422.269	161.76
422.635	160.9
423.002	154.44
423.369	155.3
423.735	155.84
424.102	151.86
424.468	152.07
424.835	147.02
425.201	149.92
425.567	150.35
425.934	147.55
426.3	149.92
426.667	152.29
427.033	150.68
427.399	148.85
427.765	151.86
428.131	151
428.498	154.66
428.864	151
429.23	153.37
429.596	150.68
429.962	148.85
430.328	149.17
430.694	147.55
431.06	143.25
431.426	158.96
431.792	158.75
432.157	162.84
432.523	159.61
432.889	158.75
433.255	163.27
433.62	169.08
433.986	157.24
434.352	152.5
434.717	151.21
435.083	157.13
435.448	154.01
435.814	158.53
436.179	157.45
436.545	159.07
436.91	162.62
437.276	162.62
437.641	161.54
438.006	165.96
438.372	166.6
438.737	167.36
439.102	165.1
439.467	167.03
439.832	163.37
440.197	159.82
440.563	161.54
440.928	157.35
441.293	154.23
441.658	158.53
442.023	158.21
442.387	161.22
442.752	161.76
443.117	161.11
443.482	160.36
443.847	164.77
444.212	166.06
444.576	164.56
444.941	169.83
445.306	173.49
445.67	166.82
446.035	166.39
446.399	167.14
446.764	163.8
447.128	164.02
447.493	159.71
447.857	164.88
448.222	168.11
448.586	168.65
448.95	166.06
449.315	169.61
449.679	173.06
450.043	175.21
450.407	172.09
450.772	173.7
451.136	178.65
451.5	180.38
451.864	183.39
452.228	183.71
452.592	186.19
452.956	190.81
453.32	197.7
453.684	198.67
454.047	200.71
454.411	196.63
454.775	193.29
455.139	193.93
455.503	192
455.866	187.8
456.23	190.71
456.594	193.61
456.957	190.17
457.321	195.76
457.684	193.07
458.048	193.83
458.411	190.71
458.775	187.48
459.138	182.42
459.501	182.42
459.865	174.13
460.228	179.08
460.591	184.03
460.955	188.34
461.318	188.34
461.681	182.85
462.044	186.83
462.407	194.9
462.77	186.29
463.133	183.71
463.496	178.12
463.859	172.95
464.222	182.31
464.585	182.31
464.948	176.61
465.311	180.27
465.674	173.49
466.036	179.08
466.399	188.77
466.762	187.59
467.124	187.26
467.487	194.04
467.85	195.87
468.212	198.02
468.575	196.63
468.937	188.45
469.3	188.12
469.662	189.09
470.024	187.16
470.387	183.82
470.749	199.96
471.111	200.61
471.474	197.81
471.836	197.16
472.198	198.89
472.56	197.06
472.922	200.28
473.284	183.39
473.646	183.07
474.008	188.45
474.37	184.79
474.732	182.64
475.094	179.3
475.456	177.58
475.818	184.68
476.18	178.01
476.542	172.95
476.903	180.27
477.265	177.36
477.627	175.75
477.988	181.13
478.35	171.12
478.711	177.58
479.073	180.27
479.435	172.95
479.796	172.31
480.157	175.64
480.519	169.51
480.88	171.66
481.241	173.81
481.603	171.34
481.964	173.27
482.325	176.82
482.686	180.91
483.048	180.7
483.409	188.23
483.77	181.77
484.131	192.97
484.492	197.16
484.853	199.1
485.214	197.59
485.575	192.97
485.936	190.6
486.296	194.15
486.657	185.86
487.018	184.9
487.379	178.01
487.739	179.19
488.1	185.86
488.461	183.28
488.821	187.48
489.182	188.98
489.542	186.94
489.903	197.7
490.263	188.55
490.624	190.17
490.984	188.55
491.345	183.93
491.705	181.02
492.065	178.22
492.425	171.23
492.786	177.47
493.146	176.07
493.506	177.36
493.866	173.92
494.226	177.58
494.586	184.36
494.946	186.4
495.306	184.68
495.666	184.36
496.026	192.54
496.386	206.85
496.746	207.6
497.106	208.68
497.465	204.59
497.825	204.27
498.185	202.54
498.544	193.83
498.904	183.39
499.264	185.22
499.623	187.48
499.983	192.32
500.342	189.31
500.702	191.46
501.061	198.56
501.42	201.04
501.78	199.53
502.139	193.29
502.498	197.59
502.858	206.63
503.217	201.79
503.576	206.96
503.935	206.42
504.294	205.45
504.653	210.51
505.012	207.71
505.371	210.94
505.73	214.49
506.089	201.9
506.448	199.1
506.807	201.25
507.166	200.39
507.524	201.14
507.883	198.24
508.242	201.36
508.601	205.77
508.959	208.68
509.318	212.23
509.676	214.27
510.035	218.36
510.393	217.72
510.752	220.51
511.11	218.9
511.469	226.65
511.827	224.07
512.185	220.41
512.544	213.63
512.902	213.52
513.26	211.15
513.618	207.6
513.976	204.27
514.334	202.87
514.692	202.22
515.05	205.88
515.408	210.51
515.766	210.29
516.124	213.63
516.482	210.4
516.84	215.13
517.198	222.02
517.556	224.17
517.913	223.42
518.271	227.94
518.629	232.14
518.986	228.91
519.344	229.98
519.701	222.13
520.059	220.19
520.416	220.62
520.774	215.78
521.131	220.3
521.489	227.19
521.846	229.88
522.203	233.97
522.561	235.58
522.918	236.12
523.275	246.56
523.632	238.59
523.989	238.06
524.346	236.12
524.703	243.65
525.06	249.89
525.417	247.2
525.774	236.55
526.131	242.14
526.488	242.68
526.845	243.01
527.202	242.58
527.559	238.27
527.915	239.99
528.272	252.15
528.629	256.13
528.985	262.38
529.342	260.33
529.698	261.08
530.055	264.74
530.411	262.91
530.768	253.55
531.124	247.09
531.48	239.88
531.837	246.02
532.193	240.21
532.549	238.38
532.906	240.32
533.262	246.02
533.618	250.43
533.974	259.15
534.33	256.56
534.686	256.56
535.042	260.22
535.398	256.13
535.754	256.13
536.11	251.18
536.466	250
536.821	250.22
537.177	253.01
537.533	247.53
537.889	253.55
538.244	254.41
538.6	258.72
538.955	249.03
539.311	246.45
539.667	242.9
540.022	245.37
540.377	245.16
540.733	239.45
541.088	240.42
541.444	244.19
541.799	249.57
542.154	254.41
542.509	253.12
542.864	247.63
543.22	249.68
543.575	252.8
543.93	255.27
544.285	251.4
544.64	243.97
544.995	246.34
545.35	256.89
545.705	250.32
546.059	243.87
546.414	241.5
546.769	240.32
547.124	245.8
547.478	242.47
547.833	236.87
548.188	245.8
548.542	248.92
548.897	254.63
549.251	257.86
549.606	261.3
549.96	262.81
550.315	269.37
550.669	270.55
551.023	267.33
551.378	270.98
551.732	266.57
552.086	260.55
552.44	263.77
552.794	260.01
553.148	256.03
553.502	254.84
553.856	251.61
554.21	253.12
554.564	261.08
554.918	256.78
555.272	256.99
555.626	264.31
555.98	297.03
556.334	298.75
556.687	299.93
557.041	297.67
557.395	300.04
557.748	299.5
558.102	293.47
558.455	262.16
558.809	260.33
559.162	261.08
559.516	253.77
559.869	252.91
560.222	255.81
560.576	260.65
560.929	270.12
561.282	272.28
561.635	282.18
561.988	286.91
562.342	290.03
562.695	291.11
563.048	290.78
563.401	280.24
563.754	275.4
564.107	271.2
564.459	272.49
564.812	268.62
565.165	270.55
565.518	266.25
565.871	275.18
566.223	280.24
566.576	278.95
566.929	276.36
567.281	277.12
567.634	273.03
567.986	274.54
568.339	270.23
568.691	263.88
569.044	267.33
569.396	271.41
569.748	277.33
570.1	277.66
570.453	284.11
570.805	290.03
571.157	297.78
571.509	295.3
571.861	294.98
572.213	288.2
572.565	294.34
572.917	297.99
573.269	298.21
573.621	293.37
573.973	293.26
574.325	295.41
574.677	302.84
575.028	303.05
575.38	302.84
575.732	302.62
576.083	309.94
576.435	307.46
576.786	304.02
577.138	304.67
577.489	296.81
577.841	288.74
578.192	286.48
578.543	281.64
578.895	284.01
579.246	292.18
579.597	293.58
579.948	295.95
580.3	295.2
580.651	296.81
581.002	299.93
581.353	292.94
581.704	291.11
582.055	284.76
582.406	284.22
582.757	289.49
583.107	289.6
583.458	289.17
583.809	299.29
584.16	298.1
584.51	294.01
584.861	296.27
585.212	295.84
585.562	297.46
585.913	294.23
586.263	286.91
586.614	289.92
586.964	294.55
587.315	289.28
587.665	292.18
588.015	286.27
588.365	289.71
588.716	288.96
589.066	285.62
589.416	289.39
589.766	296.38
590.116	290.68
590.466	291.32
590.816	290.46
591.166	295.3
591.516	287.45
591.866	280.99
592.216	289.39
592.566	286.16
592.915	289.06
593.265	291.32
593.615	289.06
593.964	292.94
594.314	300.04
594.663	291.65
595.013	294.01
595.362	293.58
595.712	289.82
596.061	283.57
596.411	292.29
596.76	290.57
597.109	285.4
597.458	286.59
597.808	279.49
598.157	279.06
598.506	280.35
598.855	271.85
599.204	277.44
599.553	292.83
599.902	298.21
600.251	310.69
600.6	310.69
600.949	320.49
601.297	319.84
601.646	312.74
601.995	297.78
602.344	296.06
602.692	287.56
603.041	283.04
603.389	283.47
603.738	285.62
604.086	288.74
604.435	290.68
604.783	287.34
605.132	283.9
605.48	293.37
605.828	285.83
606.177	282.39
606.525	280.45
606.873	280.24
607.221	288.85
607.569	299.18
607.917	293.04
608.265	295.41
608.613	296.17
608.961	292.18
609.309	294.44
609.657	288.74
610.005	286.27
610.352	289.82
610.7	291.11
611.048	294.44
611.395	294.44
611.743	293.8
612.091	293.37
612.438	288.63
612.786	291.54
613.133	292.61
613.48	284.11
613.828	282.07
614.175	282.93
614.522	279.27
614.87	282.93
615.217	279.81
615.564	279.49
615.911	284.97
616.258	294.66
616.605	295.73
616.952	300.68
617.299	306.6
617.646	305.1
617.993	304.24
618.34	307.68
618.687	300.04
619.033	326.08
619.38	322.85
619.727	317.58
620.073	320.05
620.42	316.61
620.767	318.12
621.113	321.35
621.459	294.12
621.806	295.41
622.152	296.38
622.499	295.63
622.845	308.65
623.191	305.85
623.537	305.1
623.884	306.07
624.23	300.47
624.576	297.13
624.922	295.95
625.268	286.37
625.614	287.45
625.96	287.23
626.306	290.78
626.652	295.73
626.998	297.13
627.343	296.92
627.689	296.6
628.035	296.06
628.38	294.12
628.726	289.82
629.072	289.82
629.417	287.66
629.763	290.35
630.108	288.31
630.453	288.96
630.799	291.54
631.144	288.96
631.489	291.75
631.835	295.52
632.18	293.8
632.525	295.41
632.87	292.29
633.215	289.49
633.56	287.88
633.905	279.27
634.25	274.75
634.595	269.37
634.94	264.64
635.285	266.14
635.63	264.42
635.974	265.5
636.319	270.02
636.664	271.85
637.008	278.09
637.353	283.9
637.698	284.33
638.042	285.51
638.387	280.35
638.731	276.47
639.075	271.95
639.42	264.64
639.764	257.75
640.108	252.48
640.452	255.06
640.797	259.04
641.141	260.76
641.485	261.3
641.829	261.84
642.173	266.36
642.517	268.94
642.861	257.21
643.205	261.62
643.549	256.35
643.892	257.75
644.236	255.38
644.58	250.97
644.923	246.99
645.267	254.95
645.611	248.06
645.954	254.74
646.298	253.12
646.641	253.98
646.985	254.74
647.328	259.69
647.671	259.47
648.015	261.41
648.358	253.23
648.701	250
649.044	253.12
649.387	249.68
649.731	249.57
650.074	244.62
650.417	244.73
650.76	248.06
651.102	246.56
651.445	242.79
651.788	243.11
652.131	239.56
652.474	242.47
652.816	239.02
653.159	237.62
653.502	239.35
653.844	237.3
654.187	236.98
654.529	232.78
654.872	231.92
655.214	230.09
655.557	231.06
655.899	237.62
656.241	233.97
656.583	236.01
656.926	242.9
657.268	242.68
657.61	244.3
657.952	248.17
658.294	241.39
658.636	246.02
658.978	245.27
659.32	237.3
659.662	236.01
660.004	232.57
660.345	230.31
660.687	232.67
661.029	237.09
661.371	233.86
661.712	237.62
662.054	238.49
662.395	237.3
662.737	231.49
663.078	231.92
663.42	225.03
663.761	222.02
664.102	223.1
664.444	220.62
664.785	221.91
665.126	224.07
665.467	224.17
665.808	225.79
666.149	229.77
666.49	226.54
666.831	228.26
667.172	239.67
667.513	243.65
667.854	243.44
668.195	240.64
668.535	239.56
668.876	242.25
669.217	244.19
669.557	235.04
669.898	233.21
670.239	227.08
670.579	233.32
670.92	235.58
671.26	233.86
671.6	229.34
671.941	243.87
672.281	239.78
672.621	244.51
672.961	232.35
673.302	231.81
673.642	228.26
673.982	231.17
674.322	212.34
674.662	210.94
675.002	209.11
675.342	218.58
675.682	219.01
676.021	221.27
676.361	220.95
676.701	259.9
677.041	268.83
677.38	270.45
677.72	273.57
678.059	265.71
678.399	262.05
678.738	258.5
679.078	216.1
679.417	207.28
679.756	200.5
680.096	198.35
680.435	201.04
680.774	203.08
681.113	203.73
681.453	205.45
681.792	207.92
682.131	211.05
682.47	208.89
682.809	213.63
683.148	215.56
683.486	215.46
683.825	219.55
684.164	212.98
684.503	218.47
684.841	217.93
685.18	219.12
685.519	218.58
685.857	219.22
686.196	219.22
686.534	225.46
686.873	217.29
687.211	218.04
687.549	216.86
687.888	220.08
688.226	217.29
688.564	213.63
688.902	209.65
689.24	216
689.578	215.24
689.917	210.4
690.255	203.94
690.592	205.23
690.93	207.71
691.268	207.39
691.606	206.96
691.944	223.1
692.282	229.34
692.619	227.72
692.957	226.86
693.294	221.91
693.632	222.24
693.97	215.67
694.307	192.43
694.644	192.32
694.982	250.22
695.319	258.39
695.656	264.2
695.994	259.36
696.331	258.93
696.668	260.12
697.005	260.12
697.342	213.74
697.679	210.72
698.016	211.8
698.353	217.07
698.69	216.32
699.027	219.12
699.364	210.18
699.7	195.76
700.037	190.17
700.374	190.49
700.71	194.04
701.047	194.15
701.384	198.02
701.72	199.32
702.057	205.02
702.393	206.31
702.729	202.76
703.066	201.47
703.402	203.84
703.738	198.78
704.074	197.92
704.41	205.88
704.747	205.34
705.083	207.17
705.419	203.08
705.755	205.45
706.091	205.23
706.426	207.82
706.762	191.14
707.098	192.54
707.434	190.28
707.769	187.48
708.105	177.26
708.441	176.61
708.776	181.24
709.112	186.4
709.447	183.39
709.783	182.21
710.118	184.03
710.453	185
710.789	183.82
711.124	182.85
711.459	177.9
711.794	180.16
712.129	177.36
712.464	183.93
712.799	192.64
713.134	201.36
713.469	202.22
713.804	206.53
714.139	203.19
714.474	200.82
714.809	194.8
715.143	187.05
715.478	180.48
715.813	176.18
716.147	175.53
716.482	175.53
716.816	179.19
717.151	176.61
717.485	181.34
717.819	182.85
718.154	184.47
718.488	184.47
718.822	190.49
719.156	186.19
719.491	189.74
719.825	192
720.159	190.81
720.493	185.11
720.827	190.17
721.161	185.86
721.494	193.07
721.828	195.98
722.162	198.45
722.496	197.49
722.829	200.93
723.163	202.87
723.497	197.7
723.83	200.28
724.164	194.26
724.497	189.63
724.83	187.48
725.164	182.64
725.497	177.47
725.83	184.36
726.164	183.93
726.497	193.5
726.83	194.15
727.163	202.01
727.496	205.99
727.829	204.27
728.162	199.42
728.495	193.72
728.828	185.76
729.16	180.16
729.493	175.43
729.826	177.9
730.159	181.88
730.491	186.4
730.824	188.66
731.156	193.18
731.489	194.47
731.821	194.58
732.154	194.15
732.486	191.57
732.818	187.69
733.151	183.93
733.483	183.39
733.815	185.86
734.147	184.57
734.479	182.42
734.811	180.91
735.143	185
735.475	191.14
735.807	190.81
736.139	188.77
736.471	187.26
736.803	189.52
737.134	189.63
737.466	184.03
737.798	179.3
738.129	181.34
738.461	190.17
738.792	188.88
739.124	182.74
739.455	181.13
739.786	190.81
740.118	190.81
740.449	187.26
740.78	180.16
741.111	187.69
741.442	191.89
741.773	199.42
742.104	190.38
742.435	193.18
742.766	191.89
743.097	189.2
743.428	190.6
743.759	186.29
744.09	181.88
744.42	182.53
744.751	176.82
745.081	178.98
745.412	182.31
745.743	181.99
746.073	184.79
746.403	186.83
746.734	189.31
747.064	192.21
747.394	191.35
747.725	187.26
748.055	183.07
748.385	181.24
748.715	175.21
749.045	176.29
749.375	179.73
749.705	177.9
750.035	185.54
750.365	182.1
750.695	180.81
751.024	184.68
751.354	182.53
751.684	183.07
752.013	182.96
752.343	183.39
752.673	181.02
753.002	179.84
753.331	181.88
753.661	182.85
753.99	180.48
754.32	184.79
754.649	176.72
754.978	174.46
755.307	182.31
755.636	182.96
755.965	181.99
756.294	187.8
756.623	184.47
756.952	189.09
757.281	197.49
757.61	197.06
757.939	195.01
758.267	196.84
758.596	193.61
758.925	189.09
759.253	196.95
759.582	197.92
759.91	195.76
760.239	194.58
760.567	199.64
760.896	196.95
761.224	199.42
761.552	190.49
761.881	183.5
762.209	184.14
762.537	188.45
762.865	177.69
763.193	178.65
763.521	180.05
763.849	184.47
764.177	189.2
764.505	192.86
764.832	188.34
765.16	190.28
765.488	195.12
765.815	198.24
766.143	192.11
766.471	189.52
766.798	184.79
767.126	190.38
767.453	195.12
767.78	192.86
768.108	191.89
768.435	193.07
768.762	192.21
769.089	202.01
769.417	196.84
769.744	197.27
770.071	192.32
770.398	193.83
770.725	194.8
771.052	195.98
771.378	184.57
771.705	188.55
772.032	191.57
772.359	195.01
772.685	190.06
773.012	188.02
773.338	187.59
773.665	195.44
773.991	189.52
774.318	188.55
774.644	189.09
774.971	189.2
775.297	185.54
775.623	188.45
775.949	187.26
776.275	189.2
776.601	186.08
776.927	182.96
777.253	185
777.579	194.26
777.905	192.32
778.231	187.69
778.557	193.72
778.883	198.24
779.208	201.79
779.534	199.75
779.86	195.23
780.185	196.73
780.511	197.06
780.836	191.57
781.162	190.81
781.487	193.61
781.812	197.49
782.138	200.28
782.463	200.82
782.788	207.92
783.113	203.62
783.438	197.27
783.763	190.17
784.088	188.88
784.413	185.97
784.738	181.67
785.063	174.24
785.388	186.29
785.712	191.78
786.037	189.95
786.362	190.38
786.686	194.04
787.011	201.9
787.335	202.01
787.66	202.54
787.984	199.85
788.308	202.01
788.633	200.71
788.957	198.67
789.281	192.86
789.605	197.7
789.93	196.09
790.254	196.09
790.578	199.32
790.902	197.38
791.225	197.81
791.549	204.05
791.873	200.5
792.197	195.44
792.521	196.19
792.844	194.8
793.168	197.16
793.492	196.84
793.815	190.71
794.139	193.93
794.462	190.06
794.785	194.04
795.109	191.89
795.432	195.23
795.755	203.4
796.078	204.16
796.401	199.64
796.725	210.83
797.048	198.13
797.371	200.39
797.694	197.81
798.016	190.28
798.339	189.2
798.662	183.82
798.985	179.84
799.308	185.11
799.63	188.12
799.953	192
800.275	190.92
800.598	190.49
800.92	200.18
801.243	201.14
801.565	203.62
801.887	201.9
802.21	205.13
802.532	207.82
802.854	209.97
803.176	210.4
803.498	205.88
803.82	209.65
804.142	212.66
804.464	204.7
804.786	208.79
805.108	218.47
805.429	217.07
805.751	215.78
806.073	211.48
806.394	211.26
806.716	215.03
807.038	209.43
807.359	203.51
807.68	199.75
808.002	202.44
808.323	199.64
808.644	201.36
808.966	201.68
809.287	200.18
809.608	201.58
809.929	203.62
810.25	203.62
810.571	209.86
810.892	209.32
811.213	209.22
811.534	217.18
811.854	216.86
812.175	221.48
812.496	225.36
812.816	229.02
813.137	227.83
813.458	229.12
813.778	223.96
814.098	228.37
814.419	232.24
814.739	235.37
815.059	233.21
815.38	240.32
815.7	239.24
816.02	246.99
816.34	250
816.66	250.43
816.98	253.01
817.3	264.42
817.62	266.36
817.94	277.33
818.26	280.13
818.579	287.66
818.899	299.72
819.219	305.2
819.538	306.07
819.858	310.8
820.177	315.97
820.497	323.93
820.816	328.56
821.135	323.93
821.455	328.45
821.774	334.15
822.093	338.35
822.412	341.25
822.731	344.7
823.05	338.46
823.369	348.25
823.688	343.19
824.007	332.97
824.326	327.26
824.645	326.83
824.963	324.9
825.282	322.96
825.601	311.12
825.919	304.99
826.238	308.43
826.556	333.72
826.875	328.23
827.193	320.05
827.511	315
827.83	313.92
828.148	322.21
828.466	323.18
828.784	301.01
829.102	306.82
829.42	314.35
829.738	322.64
830.056	331.25
830.374	337.38
830.692	344.27
831.01	355.89
831.327	359.23
831.645	366.76
831.963	378.16
832.28	388.39
832.598	395.81
832.915	402.59
833.233	403.13
833.55	410.23
833.867	413.46
834.185	412.6
834.502	407.87
834.819	404.96
835.136	405.17
835.453	405.82
835.77	407.54
836.087	406.04
836.404	413.57
836.721	415.61
837.038	419.92
837.355	420.78
837.671	424.11
837.988	422.29
838.305	430.68
838.621	435.84
838.938	454.14
839.254	471.79
839.571	499.23
839.887	530.11
840.203	571
840.52	618.67
840.836	671.94
841.152	722.63
841.468	783.1
841.784	853.91
842.1	921.38
842.416	1005.21
842.732	1086.14
843.048	1168.46
843.364	1256.16
843.679	1342.47
843.995	1424.46
844.311	1518.52
844.626	1597.5
844.942	1679.29
845.257	1750.1
845.573	1814.02
845.888	1881.06
846.203	1936.48
846.519	1983.72
846.834	2029.99
847.149	2069.38
847.464	2109.41
847.779	2143.09
848.094	2169.13
848.409	2192.27
848.724	2212.93
849.039	2225.74
849.354	2223.26
849.669	2217.77
849.983	2214.33
850.298	2189.58
850.613	2169.24
850.927	2142.44
851.242	2111.24
851.556	2092.84
851.871	2065.93
852.185	2053.88
852.499	2052.8
852.814	2056.79
853.128	2078.31
853.442	2099.08
853.756	2116.29
854.07	2147.07
854.384	2181.61
854.698	2225.95
855.012	2272.44
855.326	2300.31
855.64	2343.68
855.953	2399.2
856.267	2456.45
856.581	2498.96
856.894	2523.28
857.208	2541.9
857.521	2567.83
857.835	2582.47
858.148	2565.35
858.461	2561.16
858.775	2538.78
859.088	2539.74
859.401	2525.32
859.714	2522.96
860.027	2531.24
860.34	2569.98
860.653	2590.21
860.966	2645.53
861.279	2721.93
861.592	2838.47
861.904	2945.97
862.217	3083.39
862.53	3251.16
862.842	3457.88
863.155	3702.48
863.467	3950.2
863.78	4216.86
864.092	4507.08
864.405	4829.06
864.717	5166.2
865.029	5507.22
865.341	5834.68
865.653	6177.96
865.966	6518.33
866.278	6865.16
866.589	7191.11
866.901	7491.67
867.213	7782.11
867.525	8073.42
867.837	8322.97
868.149	8540.55
868.46	8741.14
868.772	8910.41
869.083	9049.88
869.395	9191.71
869.706	9311.59
870.018	9446.21
870.329	9571.25
870.64	9702.75
870.952	9839.09
871.263	9966.08
871.574	10068.84
871.885	10178.93
872.196	10280.94
872.507	10399.75
872.818	10478.52
873.129	10548.79
873.44	10614.97
873.75	10659.73
874.061	10663.39
874.372	10634.66
874.682	10586.34
874.993	10519.95
875.303	10422.56
875.614	10294.29
875.924	10132.98
876.235	9952.41
876.545	9774.74
876.855	9547.25
877.165	9265.64
877.475	8988.32
877.786	8693.04
878.096	8396.89
878.406	8052.75
878.715	7658.25
879.025	7280.54
879.335	6948.45
879.645	6564.93
879.955	6218.31
880.264	5893.44
880.574	5608.7
880.883	5363.67
881.193	5113.04
881.502	4886.2
881.812	4716.71
882.121	4547.65
882.43	4394.52
882.74	4311.77
883.049	4254.41
883.358	4226.01
883.667	4245.27
883.976	4293.48
884.285	4389.14
884.594	4547.33
884.903	4693.14
885.212	4897.93
885.52	5176.64
885.829	5481.61
886.138	5819.29
886.446	6237.68
886.755	6659.95
887.063	7187.89
887.372	7784.7
887.68	8434.23
887.988	9200.42
888.297	10072.72
888.605	11034.01
888.913	12158.43
889.221	13323.96
889.529	14665.87
889.837	16110.44
890.145	17687.91
890.453	19383.75
890.761	21135.76
891.069	22976.33
891.377	24946.04
891.684	26929.96
891.992	28879.43
892.299	30749.71
892.607	32530.02
892.914	34321.31
893.222	35983.47
893.529	37570.08
893.837	38946.1
894.144	40259.49
894.451	41345.5
894.758	42256.86
895.065	42991.84
895.372	43644.93
895.679	43948.5
895.986	44321.05
896.293	44330.52
896.6	44250.35
896.907	44032.65
897.213	43644.39
897.52	42949.98
897.827	42174.21
898.133	41017.94
898.44	39943.66
898.746	38774.68
899.053	37527.36
899.359	36165.33
899.665	34750.03
899.972	33352.92
900.278	31955.49
900.584	30522
900.89	29019.65
901.196	27532.9
901.502	26087.69
901.808	24710.91
902.114	23394.83
902.419	22116.31
902.725	20922.58
903.031	19887.04
903.337	18950.07
903.642	18158.6
903.948	17544.35
904.253	17046.98
904.559	16793.55
904.864	16661.84
905.169	16741.25
905.475	16975.85
905.78	17355.07
906.085	17826.62
906.39	18411.91
906.695	19024.76
907	19724.55
907.305	20448.23
907.61	21116.71
907.915	21772.92
908.219	22418.26
908.524	23040.36
908.829	23578.74
909.133	24055.99
909.438	24365.48
909.743	24706.07
910.047	24840.58
910.351	24961
910.656	24976.39
910.96	24916.88
911.264	24842.3
911.568	24746.42
911.873	24553.48
912.177	24433.06
912.481	24243.56
912.785	24142.19
913.088	24082.57
913.392	24003.16
913.696	23939.23
914	23957.53
914.304	24031.89
914.607	24158.01
914.911	24223.54
915.214	24353.21
915.518	24515.49
915.821	24723.39
916.124	24926.24
916.428	25106.92
916.731	25348.18
917.034	25609.79
917.337	25741.82
917.64	25959.31
917.943	26161.94
918.246	26363.49
918.549	26522.65
918.852	26639.84
919.155	26877.76
919.458	27194.14
919.76	27593.48
920.063	28005.31
920.366	28586.84
920.668	29395.53
920.971	30273.1
921.273	31284.86
921.576	32468.36
921.878	33560.18
922.18	35053.5
922.482	36480.09
922.784	38055.3
923.087	39821.63
923.389	41592.47
923.691	43472.75
923.992	45521.88
924.294	47424.44
924.596	49500.04
924.898	51383.01
925.2	53078.42
925.501	54642.97
925.803	56103.04
926.104	57297.41
926.406	58240.3
926.707	59002.83
927.009	59619.54
927.31	60052.25
927.611	60369.48
927.912	60478.82
928.214	60547.8
928.515	60538.97
928.816	60345.16
929.117	60110.9
929.418	59875.44
929.719	59582.2
930.019	59210.19
930.32	58889.51
930.621	58496.52
930.922	58044.23
931.222	57440.96
931.523	56791.75
931.823	56105.19
932.124	55350.95
932.424	54585.83
932.724	53658.98
933.025	52859.97
933.325	52226.14
933.625	51562.29
933.925	50937.93
934.225	50368.46
934.525	49790.16
934.825	49400.93
935.125	48938.63
935.425	48234.32
935.724	47510.96
936.024	46535.04
936.324	45521.66
936.623	44511.31
936.923	43253.01
937.222	41859.88
937.522	40743.53
937.821	39509.45
938.12	38348.76
938.42	37093.37
938.719	35649.02
939.018	34496.07
939.317	33475.38
939.616	32282.09
939.915	31093.42
940.214	30202.83
940.513	29340.55
940.812	28691.76
941.111	28191.48
941.409	27847.77
941.708	27818.28
942.006	28165.33
942.305	28609.33
942.603	29478.18
942.902	30401.91
943.2	31498.79
943.499	32854.47
943.797	34318.19
944.095	35814.09
944.393	37468.82
944.691	39137.22
944.989	40921.84
945.287	42628.12
945.585	44119.39
945.883	45508.97
946.181	47046.4
946.479	48488.28
946.776	49948.34
947.074	51449.84
947.371	52819.19
947.669	54281.72
947.966	55741.04
948.264	56969.52
948.561	57921.23
948.858	58799.77
949.156	59421.54
949.453	60117.78
949.75	60555.44
950.047	60825.11
950.344	61084.56
950.641	61338.2
950.938	61414.92
951.235	61472.39
951.532	61295.48
951.828	60970.49
952.125	60486.46
952.422	59799.69
952.718	58955.59
953.015	57901.86
953.311	56762.48
953.607	55397.33
953.904	53898.09
954.2	52255.63
954.496	50246.21
954.792	47949.04
955.089	45467.11
955.385	42653.08
955.681	39748.77
955.976	36643.66
956.272	33544.9
956.568	30614.66
956.864	27918.79
957.16	25344.63
957.455	22967.29
957.751	20743.19
958.046	18820.94
958.342	17071.62
958.637	15539.99
958.933	14229.08
959.228	13321.6
959.523	12710.69
959.818	12492.45
960.114	12679.91
960.409	13243.26
960.704	14173.87
960.999	15438.19
961.294	16843.05
961.588	18601.95
961.883	20701.44
962.178	23041.98
962.473	25625.5
962.767	28324.91
963.062	31155.29
963.356	34276.12
963.651	37368.21
963.945	40365.6
964.239	43390.65
964.534	46192.62
964.828	48912.27
965.122	51370.96
965.416	53379.84
965.71	55117.75
966.004	56502.81
966.298	57491.54
966.592	58217.59
966.886	58737.89
967.18	59114.31
967.473	59413.58
967.767	59611.58
968.061	59728.02
968.354	59778.81
968.648	59679.16
968.941	59413.69
969.234	58905.44
969.528	58225.12
969.821	57383.61
970.114	56454.93
970.407	55185.87
970.7	53818.57
970.993	52276.93
971.286	50558.07
971.579	48488.82
971.872	46186.7
972.165	43565.08
972.457	40890.74
972.75	38201.98
973.043	35488.14
973.335	32830.15
973.628	30522.76
973.92	28371.08
974.213	26505.97
974.505	24815.94
974.797	23225.77
975.089	21774.54
975.382	20545.83
975.674	19367.6
975.966	18405.89
976.258	17587.4
976.55	16941.95
976.841	16432.09
977.133	16065.03
977.425	15779.64
977.717	15592.4
978.008	15396.98
978.3	15245.68
978.591	15169.81
978.883	15091.47
979.174	14991.61
979.465	14911.44
979.757	14803.72
980.048	14667.38
980.339	14499.18
980.63	14282.56
980.921	14016.12
981.212	13717.17
981.503	13352.27
981.794	12954.11
982.085	12548.95
982.376	12084.39
982.666	11549.68
982.957	11008.29
983.248	10460.12
983.538	9895.05
983.828	9309.86
984.119	8729.2
984.409	8151.65
984.7	7602.3
984.99	7058.54
985.28	6560.3
985.57	6087.89
985.86	5649.8
986.15	5229.26
986.44	4858.76
986.73	4534.85
987.02	4268.73
987.309	4009.28
987.599	3794.16
987.889	3632.42
988.178	3496.08
988.468	3403.32
988.757	3330.04
989.047	3271.07
989.336	3225.66
989.625	3199.61
989.915	3165.18
990.204	3146.45
990.493	3131.5
990.782	3106.64
991.071	3071.88
991.36	3057.03
991.649	3035.29
991.938	2997.63
992.226	2950.17
992.515	2888.94
992.804	2839.12
993.092	2777.13
993.381	2702.02
993.669	2608.18
993.958	2528.34
994.246	2442.79
994.534	2362.19
994.823	2257.7
995.111	2172.58
995.399	2073.04
995.687	1974.14
995.975	1871.37
996.263	1771.29
996.551	1664.01
996.839	1573.94
997.126	1479.24
997.414	1398.1
997.702	1324.92
997.989	1256.38
998.277	1193.1
998.564	1134.45
998.852	1080.76
999.139	1033.84
999.426	995.96
999.713	963.14
1000.001	938.17
1000.288	921.38
1000.575	906.75
1000.862	886.63
1001.149	860.69
1001.436	836.37
1001.722	812.27
1002.009	793.65
1002.296	767.18
1002.582	745.44
1002.869	724.99
1003.156	709.39
1003.442	691.42
1003.728	678.51
1004.015	659.35
1004.301	644.61
1004.587	627.39
1004.873	616.74
1005.16	602.43
1005.446	591.99
1005.732	574.02
1006.017	559.6
1006.303	544.64
1006.589	539.04
1006.875	525.7
1007.161	514.08
1007.446	505.79
1007.732	502.89
1008.017	500.09
1008.303	496.43
1008.588	485.88
1008.873	476.95
1009.159	472.75
1009.444	463.18
1009.729	457.04
1010.014	446.61
1010.299	443.59
1010.584	441.01
1010.869	431.32
1011.154	423.79
1011.439	419.27
1011.723	415.18
1012.008	404.85
1012.293	399.15
1012.577	386.88
1012.862	381.82
1013.146	376.87
1013.43	367.73
1013.715	358.47
1013.999	356.43
1014.283	348.25
1014.567	345.56
1014.851	348.14
1015.135	345.24
1015.419	344.91
1015.703	343.62
1015.987	338.24
1016.271	333.29
1016.555	326.62
1016.838	324.68
1017.122	329.74
1017.405	324.68
1017.689	325.97
1017.972	326.4
1018.256	327.37
1018.539	327.8
1018.822	319.62
1019.105	315
1019.388	315.21
1019.671	309.19
1019.954	304.24
1020.237	297.13
1020.52	298.21
1020.803	300.9
1021.086	303.48
1021.368	308.65
1021.651	308.7
1021.934	316.76
1022.216	327.72
