339.735	58.53
340.108	51.22
340.482	34.36
340.855	10.90
341.228	-14.55
341.602	-21.92
341.975	-30.38
342.348	-26.86
342.721	-31.77
343.094	-32.85
343.468	-20.26
343.841	-13.40
344.214	-4.28
344.587	9.67
344.960	17.74
345.333	26.04
345.706	30.91
346.079	30.94
346.452	39.99
346.824	40.47
347.197	43.79
347.570	53.76
347.943	63.83
348.316	77.09
348.688	88.68
349.061	102.74
349.434	114.20
349.806	119.69
350.179	124.40
350.552	126.84
350.924	129.34
351.297	130.23
351.669	125.71
352.042	131.94
352.414	135.71
352.787	136.80
353.159	146.70
353.531	143.32
353.904	142.12
354.276	144.92
354.648	145.16
355.020	145.81
355.393	147.62
355.765	140.51
356.137	145.64
356.509	147.54
356.881	151.45
357.253	149.68
357.625	150.05
357.997	145.43
358.369	149.80
358.741	162.06
359.113	165.65
359.485	161.25
359.857	164.71
360.229	173.12
360.600	174.32
360.972	169.80
361.344	157.29
361.716	159.97
362.087	156.45
362.459	152.90
362.831	148.05
363.202	145.43
363.574	144.22
363.945	142.55
364.317	132.40
364.688	133.90
365.060	135.22
365.431	132.09
365.803	132.69
366.174	134.13
366.545	130.28
366.917	131.99
367.288	133.39
367.659	137.17
368.030	133.65
368.402	142.44
368.773	144.52
369.144	145.51
369.515	149.59
369.886	148.29
370.257	142.52
370.628	146.65
370.999	138.39
371.370	133.14
371.741	131.48
372.112	131.34
372.483	135.62
372.853	144.20
373.224	142.26
373.595	147.18
373.966	153.41
374.336	161.67
374.707	184.31
375.078	187.02
375.448	185.87
375.819	190.87
376.190	187.02
376.560	182.33
376.931	176.33
377.301	154.86
377.671	150.84
378.042	142.83
378.412	140.02
378.783	145.59
379.153	148.83
379.523	154.31
379.893	152.96
380.264	152.53
380.634	155.69
381.004	161.49
381.374	155.35
381.744	155.47
382.114	152.68
382.484	157.42
382.854	167.29
383.224	166.17
383.594	160.26
383.964	169.92
384.334	169.61
384.704	166.34
385.074	168.08
385.444	157.89
385.814	163.48
386.183	167.90
386.553	158.51
386.923	162.50
387.292	169.29
387.662	163.43
388.032	161.07
388.401	159.23
388.771	155.79
389.140	156.80
389.510	153.64
389.879	147.78
390.248	147.05
390.618	150.78
390.987	147.09
391.356	149.55
391.726	158.57
392.095	156.45
392.464	160.24
392.833	161.52
393.203	157.84
393.572	161.61
393.941	162.04
394.310	147.44
394.679	149.80
395.048	153.02
395.417	146.86
395.786	179.04
396.155	176.57
396.524	175.70
396.893	181.36
397.261	184.85
397.630	182.61
397.999	193.55
398.368	179.49
398.736	182.62
399.105	175.43
399.474	172.15
399.842	165.91
400.211	166.73
400.579	162.37
400.948	151.23
401.317	149.81
401.685	155.09
402.053	156.17
402.422	163.26
402.790	164.59
403.158	168.32
403.527	165.73
403.895	168.24
404.263	167.07
404.632	170.55
405.000	169.68
405.368	160.68
405.736	160.39
406.104	160.12
406.472	155.05
406.840	168.01
407.208	166.66
407.576	166.02
407.944	172.58
408.312	168.34
408.680	169.14
409.048	168.75
409.415	158.49
409.783	160.94
410.151	160.56
410.519	160.86
410.886	165.85
411.254	159.48
411.622	162.96
411.989	161.40
412.357	158.61
412.724	152.56
413.092	147.01
413.459	147.70
413.827	155.22
414.194	153.12
414.561	157.20
414.929	161.30
415.296	166.35
415.663	173.19
416.030	165.53
416.398	165.35
416.765	163.79
417.132	158.00
417.499	153.38
417.866	156.04
418.233	151.68
418.600	147.45
418.967	140.95
419.334	138.67
419.701	143.75
420.068	140.33
420.435	131.45
420.802	138.72
421.168	150.94
421.535	151.00
421.902	156.01
422.269	147.70
422.635	150.54
423.002	153.65
423.369	151.06
423.735	146.28
424.102	156.25
424.468	149.21
424.835	152.27
425.201	156.36
425.567	160.22
425.934	157.43
426.300	159.38
426.667	157.98
427.033	161.88
427.399	160.41
427.765	157.50
428.131	153.75
428.498	155.35
428.864	153.72
429.230	153.01
429.596	160.49
429.962	169.87
430.328	174.67
430.694	185.89
431.060	190.20
431.426	190.78
431.792	187.03
432.157	183.96
432.523	181.01
432.889	183.27
433.255	174.97
433.620	172.16
433.986	170.51
434.352	173.22
434.717	173.08
435.083	167.12
435.448	159.75
435.814	158.69
436.179	157.41
436.545	158.34
436.910	160.18
437.276	160.99
437.641	167.78
438.006	176.12
438.372	177.59
438.737	183.02
439.102	183.50
439.467	181.51
439.832	182.23
440.197	186.15
440.563	179.16
440.928	185.53
441.293	186.71
441.658	191.66
442.023	192.74
442.387	196.87
442.752	195.86
443.117	195.45
443.482	193.38
443.847	187.07
444.212	192.41
444.576	195.86
444.941	191.83
445.306	194.75
445.670	201.92
446.035	205.41
446.399	210.52
446.764	206.90
447.128	210.31
447.493	217.77
447.857	220.05
448.222	225.92
448.586	223.07
448.950	227.86
449.315	224.98
449.679	223.62
450.043	225.83
450.407	229.64
450.772	227.05
451.136	235.62
451.500	236.86
451.864	246.41
452.228	253.74
452.592	251.18
452.956	248.17
453.320	253.68
453.684	251.82
454.047	254.54
454.411	252.41
454.775	248.77
455.139	253.45
455.503	254.81
455.866	253.92
456.230	251.65
456.594	246.39
456.957	247.75
457.321	246.86
457.684	242.64
458.048	237.99
458.411	234.38
458.775	233.67
459.138	230.74
459.501	232.52
459.865	232.32
460.228	224.54
460.591	229.38
460.955	224.92
461.318	223.49
461.681	228.52
462.044	214.68
462.407	217.32
462.770	223.58
463.133	216.07
463.496	221.93
463.859	219.65
464.222	210.92
464.585	215.60
464.948	213.60
465.311	211.88
465.674	215.64
466.036	212.78
466.399	211.89
466.762	215.48
467.124	213.37
467.487	209.77
467.850	211.43
468.212	212.04
468.575	211.86
468.937	215.06
469.300	214.76
469.662	218.76
470.024	228.77
470.387	225.71
470.749	224.72
471.111	221.48
471.474	215.65
471.836	213.09
472.198	210.98
472.560	202.68
472.922	208.49
473.284	209.70
473.646	216.96
474.008	223.74
474.370	224.02
474.732	222.96
475.094	223.38
475.456	217.85
475.818	213.02
476.180	203.59
476.542	202.56
476.903	204.96
477.265	206.52
477.627	202.82
477.988	199.86
478.350	200.74
478.711	206.32
479.073	203.49
479.435	205.19
479.796	211.15
480.157	213.58
480.519	220.12
480.880	222.35
481.241	219.22
481.603	224.05
481.964	226.96
482.325	220.71
482.686	223.13
483.048	222.72
483.409	220.28
483.770	221.73
484.131	218.79
484.492	213.67
484.853	215.21
485.214	216.01
485.575	217.37
485.936	221.90
486.296	225.31
486.657	228.75
487.018	233.71
487.379	237.57
487.739	239.14
488.100	244.23
488.461	244.07
488.821	244.65
489.182	258.38
489.542	259.90
489.903	260.61
490.263	257.87
490.624	253.69
490.984	253.71
491.345	253.32
491.705	240.79
492.065	237.17
492.425	239.90
492.786	242.82
493.146	247.49
493.506	247.97
493.866	252.26
494.226	255.79
494.586	261.99
494.946	259.77
495.306	262.82
495.666	268.30
496.026	270.12
496.386	270.78
496.746	266.14
497.106	267.36
497.465	269.62
497.825	271.33
498.185	261.39
498.544	261.88
498.904	261.88
499.264	266.34
499.623	268.04
499.983	273.51
500.342	280.15
500.702	284.54
501.061	289.42
501.420	294.28
501.780	294.17
502.139	291.32
502.498	287.59
502.858	286.90
503.217	285.70
503.576	289.28
503.935	285.26
504.294	285.93
504.653	282.59
505.012	280.26
505.371	270.56
505.730	281.37
506.089	270.47
506.448	269.57
506.807	274.41
507.166	283.53
507.524	286.76
507.883	293.38
508.242	283.79
508.601	289.28
508.959	302.22
509.318	300.04
509.676	294.73
510.035	300.50
510.393	298.68
510.752	304.00
511.110	310.89
511.469	303.27
511.827	303.85
512.185	312.64
512.544	317.76
512.902	323.94
513.260	323.52
513.618	317.85
513.976	324.71
514.334	325.44
514.692	328.80
515.050	328.01
515.408	329.02
515.766	331.76
516.124	337.76
516.482	333.71
516.840	345.00
517.198	345.39
517.556	350.35
517.913	354.76
518.271	358.34
518.629	361.13
518.986	368.95
519.344	372.33
519.701	378.06
520.059	375.54
520.416	373.42
520.774	374.65
521.131	384.28
521.489	388.94
521.846	385.81
522.203	385.88
522.561	391.91
522.918	395.41
523.275	405.16
523.632	408.83
523.989	417.67
524.346	424.47
524.703	427.06
525.060	432.75
525.417	439.98
525.774	441.90
526.131	438.30
526.488	428.93
526.845	429.34
527.202	429.76
527.559	423.44
527.915	427.60
528.272	431.65
528.629	431.88
528.985	431.71
529.342	431.54
529.698	437.37
530.055	439.05
530.411	430.40
530.768	429.19
531.124	436.42
531.480	438.59
531.837	436.96
532.193	433.11
532.549	438.26
532.906	447.39
533.262	442.40
533.618	437.09
533.974	439.73
534.330	445.74
534.686	453.76
535.042	449.65
535.398	452.29
535.754	461.95
536.110	468.60
536.466	467.47
536.821	465.86
537.177	461.19
537.533	462.68
537.889	457.97
538.244	448.72
538.600	447.53
538.955	450.68
539.311	453.48
539.667	452.57
540.022	454.66
540.377	452.27
540.733	452.68
541.088	455.38
541.444	455.37
541.799	453.53
542.154	455.46
542.509	457.29
542.864	464.95
543.220	469.55
543.575	468.57
543.930	473.16
544.285	475.17
544.640	474.95
544.995	471.93
545.350	472.00
545.705	473.83
546.059	473.57
546.414	474.25
546.769	478.33
547.124	486.21
547.478	491.94
547.833	493.07
548.188	491.64
548.542	498.82
548.897	499.68
549.251	498.73
549.606	496.72
549.960	492.12
550.315	490.13
550.669	496.45
551.023	486.37
551.378	484.77
551.732	486.84
552.086	487.26
552.440	495.24
552.794	499.62
553.148	498.16
553.502	504.23
553.856	504.06
554.210	508.10
554.564	506.12
554.918	508.69
555.272	539.80
555.626	542.12
555.980	543.44
556.334	547.98
556.687	542.73
557.041	546.11
557.395	545.68
557.748	517.09
558.102	524.92
558.455	528.49
558.809	530.50
559.162	537.81
559.516	542.43
559.869	543.01
560.222	552.58
560.576	548.68
560.929	545.29
561.282	550.15
561.635	549.57
561.988	555.84
562.342	562.22
562.695	559.51
563.048	559.38
563.401	564.35
563.754	566.49
564.107	574.42
564.459	575.59
564.812	572.37
565.165	578.37
565.518	588.17
565.871	597.40
566.223	596.16
566.576	594.94
566.929	600.43
567.281	610.82
567.634	601.91
567.986	598.23
568.339	600.91
568.691	603.90
569.044	612.68
569.396	610.41
569.748	606.53
570.100	620.50
570.453	633.51
570.805	634.56
571.157	638.11
571.509	628.54
571.861	628.15
572.213	638.10
572.565	635.39
572.917	627.95
573.269	631.71
573.621	635.55
573.973	641.44
574.325	645.11
574.677	638.42
575.028	635.25
575.380	637.72
575.732	633.23
576.083	630.89
576.435	631.66
576.786	630.89
577.138	629.66
577.489	633.32
577.841	642.75
578.192	649.02
578.543	648.12
578.895	653.87
579.246	654.44
579.597	654.18
579.948	653.32
580.300	643.83
580.651	639.39
581.002	637.55
581.353	630.88
581.704	623.74
582.055	616.87
582.406	613.74
582.757	616.79
583.107	616.39
583.458	619.37
583.809	616.26
584.160	621.62
584.510	631.44
584.861	636.02
585.212	626.56
585.562	623.63
585.913	619.22
586.263	624.68
586.614	624.57
586.964	621.82
587.315	615.24
587.665	616.93
588.015	611.49
588.365	609.79
588.716	598.02
589.066	590.12
589.416	586.86
589.766	597.37
590.116	598.99
590.466	605.78
590.816	605.86
591.166	609.46
591.516	615.68
591.866	615.87
592.216	605.55
592.566	606.66
592.915	600.74
593.265	604.77
593.615	609.44
593.964	606.72
594.314	604.72
594.663	608.23
595.013	608.38
595.362	613.77
595.712	610.33
596.061	604.64
596.411	612.35
596.760	619.32
597.109	614.67
597.458	609.81
597.808	598.30
598.157	599.33
598.506	603.62
598.855	601.12
599.204	593.93
599.553	597.94
599.902	597.58
600.251	604.18
600.600	598.83
600.949	593.69
601.297	588.88
601.646	591.57
601.995	587.45
602.344	589.14
602.692	591.32
603.041	593.83
603.389	594.16
603.738	593.28
604.086	593.22
604.435	591.32
604.783	592.22
605.132	582.41
605.480	583.16
605.828	584.60
606.177	585.82
606.525	589.03
606.873	594.32
607.221	590.37
607.569	597.31
607.917	603.86
608.265	605.71
608.613	598.92
608.961	592.20
609.309	585.13
609.657	582.69
610.005	584.24
610.352	575.57
610.700	572.21
611.048	576.52
611.395	575.34
611.743	569.36
612.091	576.51
612.438	568.51
612.786	567.08
613.133	564.71
613.480	568.24
613.828	567.37
614.175	569.72
614.522	562.13
614.870	568.33
615.217	573.96
615.564	576.73
615.911	563.98
616.258	572.87
616.605	591.02
616.952	594.40
617.299	587.70
617.646	584.27
617.993	582.59
618.340	591.51
618.687	588.02
619.033	576.05
619.380	572.16
619.727	576.26
620.073	573.93
620.420	571.96
620.767	570.41
621.113	571.52
621.459	567.31
621.806	569.50
622.152	572.00
622.499	572.93
622.845	579.26
623.191	583.81
623.537	580.53
623.884	581.55
624.230	577.23
624.576	569.23
624.922	571.58
625.268	568.85
625.614	559.83
625.960	559.13
626.306	550.63
626.652	544.57
626.998	548.43
627.343	542.22
627.689	535.00
628.035	541.40
628.380	538.08
628.726	544.56
629.072	546.94
629.417	545.35
629.763	553.35
630.108	556.33
630.453	550.17
630.799	547.14
631.144	538.52
631.489	538.11
631.835	532.72
632.180	516.96
632.525	505.22
632.870	500.00
633.215	497.44
633.560	497.09
633.905	489.88
634.250	492.56
634.595	500.94
634.940	503.26
635.285	495.83
635.630	485.69
635.974	481.42
636.319	478.04
636.664	466.17
637.008	451.67
637.353	441.98
637.698	440.10
638.042	444.78
638.387	443.80
638.731	447.12
639.075	447.52
639.420	448.11
639.764	452.78
640.108	454.46
640.452	451.58
640.797	447.45
641.141	441.81
641.485	446.81
641.829	452.51
642.173	448.60
642.517	448.59
642.861	448.95
643.205	451.25
643.549	448.66
643.892	442.41
644.236	435.44
644.580	431.92
644.923	427.19
645.267	423.36
645.611	424.87
645.954	424.80
646.298	421.91
646.641	423.04
646.985	429.44
647.328	428.05
647.671	429.30
648.015	423.05
648.358	421.27
648.701	421.55
649.044	421.48
649.387	414.26
649.731	411.13
650.074	408.50
650.417	408.02
650.760	406.89
651.102	402.16
651.445	396.25
651.788	397.69
652.131	396.62
652.474	386.96
652.816	384.19
653.159	384.79
653.502	386.66
653.844	380.50
654.187	378.10
654.529	375.32
654.872	381.27
655.214	378.18
655.557	376.62
655.899	372.88
656.241	375.14
656.583	370.13
656.926	367.64
657.268	366.52
657.610	370.00
657.952	367.72
658.294	361.37
658.636	358.85
658.978	359.36
659.320	360.06
659.662	361.25
660.004	355.75
660.345	357.22
660.687	362.14
661.029	359.84
661.371	356.02
661.712	356.61
662.054	342.73
662.395	344.56
662.737	342.26
663.078	341.67
663.420	347.96
663.761	353.72
664.102	347.19
664.444	353.50
664.785	348.06
665.126	350.16
665.467	348.60
665.808	342.99
666.149	339.03
666.490	349.26
666.831	347.89
667.172	346.65
667.513	340.46
667.854	336.73
668.195	336.26
668.535	337.91
668.876	323.67
669.217	322.35
669.557	325.52
669.898	326.92
670.239	327.26
670.579	328.29
670.920	327.04
671.260	350.03
671.600	355.36
671.941	354.21
672.281	350.17
672.621	349.10
672.961	344.96
673.302	337.50
673.642	320.40
673.982	315.62
674.322	310.84
674.662	311.76
675.002	317.27
675.342	313.99
675.682	316.14
676.021	334.15
676.361	327.68
676.701	332.46
677.041	330.35
677.380	318.89
677.720	320.05
678.059	324.39
678.399	304.62
678.738	305.34
679.078	300.53
679.417	295.14
679.756	302.39
680.096	302.78
680.435	296.33
680.774	290.46
681.113	290.17
681.453	293.69
681.792	298.08
682.131	295.99
682.470	297.32
682.809	298.63
683.148	302.40
683.486	305.58
683.825	301.92
684.164	297.52
684.503	294.26
684.841	290.28
685.180	289.33
685.519	287.75
685.857	281.02
686.196	277.88
686.534	277.30
686.873	272.20
687.211	269.70
687.549	261.02
687.888	254.83
688.226	258.96
688.564	260.72
688.902	261.24
689.240	266.02
689.578	267.93
689.917	272.25
690.255	275.67
690.592	270.88
690.930	272.28
691.268	292.41
691.606	289.95
691.944	287.29
692.282	290.01
692.619	290.39
692.957	290.41
693.294	285.52
693.632	257.98
693.970	255.10
694.307	260.54
694.644	260.83
694.982	259.30
695.319	261.89
695.656	259.79
695.994	267.49
696.331	267.75
696.668	261.40
697.005	261.54
697.342	256.44
697.679	250.35
698.016	253.06
698.353	250.56
698.690	245.63
699.027	240.89
699.364	233.22
699.700	235.32
700.037	235.62
700.374	230.92
700.710	225.36
701.047	226.14
701.384	225.00
701.720	222.95
702.057	222.11
702.393	223.38
702.729	227.90
703.066	230.79
703.402	231.13
703.738	240.73
704.074	240.03
704.410	238.72
704.747	241.00
705.083	238.42
705.419	233.21
705.755	226.31
706.091	211.18
706.426	207.22
706.762	205.75
707.098	199.03
707.434	195.57
707.769	198.70
708.105	208.83
708.441	212.98
708.776	223.88
709.112	228.28
709.447	229.63
709.783	232.21
710.118	228.50
710.453	219.28
710.789	222.77
711.124	221.52
711.459	216.14
711.794	214.30
712.129	214.15
712.464	222.17
712.799	228.52
713.134	227.24
713.469	220.82
713.804	221.21
714.139	223.59
714.474	220.67
714.809	218.88
715.143	216.90
715.478	214.79
715.813	217.21
716.147	216.52
716.482	213.11
716.816	208.61
717.151	207.91
717.485	204.94
717.819	204.19
718.154	206.91
718.488	204.74
718.822	206.95
719.156	211.35
719.491	205.85
719.825	205.88
720.159	203.53
720.493	199.51
720.827	203.34
721.161	201.33
721.494	206.43
721.828	208.98
722.162	213.99
722.496	218.15
722.829	213.96
723.163	217.38
723.497	217.60
723.830	210.46
724.164	209.37
724.497	210.38
724.830	210.05
725.164	212.99
725.497	213.35
725.830	213.58
726.164	217.90
726.497	226.25
726.830	218.86
727.163	212.13
727.496	213.32
727.829	205.19
728.162	203.79
728.495	202.41
728.828	189.84
729.160	187.74
729.493	194.55
729.826	193.78
730.159	197.62
730.491	198.84
730.824	203.55
731.156	211.31
731.489	218.79
731.821	226.22
732.154	228.70
732.486	228.82
732.818	226.70
733.151	213.43
733.483	216.56
733.815	216.85
734.147	210.23
734.479	203.12
734.811	204.26
735.143	208.66
735.475	215.50
735.807	205.30
736.139	197.51
736.471	195.52
736.803	197.29
737.134	201.48
737.466	198.19
737.798	193.57
738.129	199.84
738.461	206.85
738.792	207.47
739.124	211.74
739.455	203.46
739.786	199.97
740.118	199.90
740.449	198.67
740.780	197.72
741.111	195.15
741.442	195.04
741.773	202.00
742.104	210.38
742.435	216.32
742.766	213.56
743.097	216.11
743.428	214.48
743.759	212.18
744.090	208.48
744.420	210.15
744.751	211.55
745.081	215.74
745.412	214.21
745.743	219.98
746.073	217.53
746.403	216.76
746.734	220.74
747.064	216.57
747.394	213.27
747.725	209.07
748.055	202.65
748.385	206.85
748.715	208.29
749.045	193.96
749.375	192.00
749.705	191.40
750.035	194.68
750.365	201.72
750.695	203.00
751.024	198.19
751.354	199.31
751.684	204.83
752.013	201.27
752.343	200.54
752.673	197.77
753.002	194.48
753.331	199.44
753.661	205.29
753.990	202.35
754.320	206.27
754.649	203.84
754.978	199.29
755.307	192.26
755.636	188.29
755.965	186.52
756.294	185.65
756.623	186.35
756.952	186.77
757.281	188.68
757.610	195.22
757.939	198.36
758.267	196.91
758.596	200.56
758.925	195.81
759.253	196.94
759.582	196.93
759.910	198.17
760.239	199.91
760.567	197.51
760.896	193.31
761.224	196.80
761.552	195.75
761.881	195.54
762.209	199.59
762.537	194.29
762.865	199.06
763.193	202.36
763.521	201.27
763.849	204.48
764.177	204.57
764.505	200.62
764.832	205.74
765.160	205.10
765.488	204.83
765.815	210.42
766.143	208.82
766.471	208.48
766.798	208.72
767.126	204.41
767.453	200.03
767.780	194.92
768.108	192.77
768.435	195.34
768.762	203.91
769.089	202.43
769.417	205.32
769.744	209.55
770.071	213.48
770.398	207.31
770.725	204.07
771.052	197.86
771.378	200.22
771.705	202.32
772.032	204.50
772.359	202.24
772.685	209.60
773.012	211.97
773.338	214.32
773.665	213.62
773.991	206.19
774.318	207.12
774.644	210.51
774.971	205.56
775.297	201.81
775.623	200.34
775.949	199.83
776.275	204.19
776.601	203.23
776.927	202.95
777.253	208.92
777.579	213.28
777.905	214.70
778.231	216.11
778.557	217.64
778.883	215.57
779.208	218.07
779.534	218.76
779.860	216.12
780.185	216.10
780.511	219.03
780.836	216.97
781.162	217.43
781.487	213.78
781.812	207.02
782.138	210.99
782.463	215.76
782.788	213.56
783.113	213.59
783.438	209.61
783.763	209.52
784.088	216.79
784.413	215.88
784.738	217.21
785.063	220.96
785.388	220.98
785.712	223.73
786.037	227.72
786.362	226.20
786.686	232.16
787.011	234.87
787.335	232.10
787.660	230.93
787.984	235.89
788.308	230.29
788.633	227.13
788.957	222.62
789.281	214.52
789.605	214.35
789.930	217.88
790.254	214.45
790.578	216.90
790.902	222.87
791.225	222.99
791.549	219.65
791.873	220.52
792.197	225.07
792.521	221.55
792.844	227.21
793.168	223.39
793.492	220.78
793.815	225.26
794.139	224.42
794.462	219.15
794.785	219.28
795.109	212.55
795.432	210.15
795.755	206.25
796.078	204.72
796.401	206.40
796.725	211.25
797.048	219.63
797.371	225.43
797.694	229.22
798.016	231.15
798.339	234.46
798.662	226.73
798.985	225.69
799.308	221.60
799.630	218.87
799.953	218.41
800.275	218.68
800.598	217.99
800.920	224.79
801.243	223.78
801.565	227.45
801.887	233.70
802.210	236.70
802.532	240.99
802.854	241.26
803.176	239.53
803.498	238.49
803.820	233.70
804.142	231.72
804.464	238.96
804.786	239.13
805.108	241.15
805.429	243.95
805.751	244.30
806.073	248.84
806.394	241.52
806.716	230.66
807.038	230.10
807.359	230.10
807.680	234.44
808.002	234.93
808.323	227.54
808.644	230.06
808.966	231.16
809.287	235.15
809.608	233.16
809.929	227.82
810.250	230.34
810.571	235.37
810.892	235.29
811.213	241.54
811.534	235.92
811.854	236.62
812.175	242.94
812.496	239.38
812.816	240.83
813.137	244.31
813.458	239.29
813.778	242.89
814.098	245.04
814.419	239.09
814.739	243.61
815.059	248.20
815.380	248.35
815.700	252.84
816.020	253.03
816.340	253.67
816.660	259.18
816.980	260.49
817.300	260.55
817.620	265.00
817.940	269.33
818.260	273.57
818.579	273.01
818.899	275.16
819.219	280.00
819.538	279.45
819.858	279.02
820.177	278.15
820.497	274.02
820.816	274.14
821.135	271.29
821.455	264.29
821.774	263.99
822.093	262.80
822.412	260.15
822.731	266.51
823.050	267.86
823.369	265.56
823.688	272.97
824.007	281.16
824.326	288.22
824.645	298.40
824.963	306.74
825.282	322.27
825.601	351.30
825.919	380.18
826.238	389.75
826.556	402.34
826.875	415.40
827.193	425.91
827.511	433.72
827.830	434.88
828.148	429.66
828.466	446.13
828.784	462.54
829.102	473.05
829.420	487.03
829.738	501.97
830.056	514.61
830.374	529.73
830.692	541.70
831.010	555.15
831.327	569.66
831.645	584.51
831.963	609.77
832.280	631.40
832.598	644.14
832.915	658.42
833.233	678.30
833.550	701.21
833.867	726.83
834.185	738.61
834.502	762.91
834.819	799.31
835.136	831.36
835.453	855.30
835.770	878.27
836.087	893.36
836.404	907.49
836.721	915.31
837.038	914.76
837.355	913.62
837.671	916.39
837.988	918.51
838.305	919.89
838.621	913.89
838.938	904.03
839.254	899.61
839.571	900.35
839.887	892.40
840.203	875.13
840.520	863.42
840.836	863.77
841.152	859.12
841.468	858.44
841.784	859.22
842.100	856.66
842.416	865.44
842.732	876.60
843.048	887.74
843.364	905.29
843.679	918.98
843.995	935.28
844.311	965.69
844.626	981.11
844.942	987.71
845.257	995.23
845.573	1003.54
845.888	1002.71
846.203	993.57
846.519	981.86
846.834	975.73
847.149	969.76
847.464	959.56
847.779	944.69
848.094	933.41
848.409	917.06
848.724	888.14
849.039	861.55
849.354	834.05
849.669	802.82
849.983	774.36
850.298	740.93
850.613	703.02
850.927	675.33
851.242	656.54
851.556	637.10
851.871	617.62
852.185	605.63
852.499	601.09
852.814	606.23
853.128	620.98
853.442	643.79
853.756	689.20
854.070	750.02
854.384	815.21
854.698	908.08
855.012	1030.13
855.326	1168.20
855.640	1326.16
855.953	1492.01
856.267	1683.29
856.581	1907.31
856.894	2134.36
857.208	2372.55
857.521	2631.33
857.835	2888.06
858.148	3150.88
858.461	3419.01
858.775	3663.77
859.088	3907.27
859.401	4137.52
859.714	4342.46
860.027	4538.31
860.340	4714.21
860.653	4865.18
860.966	5017.30
861.279	5151.91
861.592	5260.93
861.904	5359.83
862.217	5436.06
862.530	5502.84
862.842	5552.75
863.155	5570.38
863.467	5569.89
863.780	5577.31
864.092	5560.79
864.405	5516.19
864.717	5474.23
865.029	5422.41
865.341	5358.22
865.653	5285.72
865.966	5189.50
866.278	5114.37
866.589	5052.05
866.901	4977.48
867.213	4909.42
867.525	4849.80
867.837	4824.70
868.149	4827.68
868.460	4812.19
868.772	4829.27
869.083	4867.01
869.395	4909.23
869.706	4972.17
870.018	5024.55
870.329	5061.55
870.640	5096.08
870.952	5093.93
871.263	5070.40
871.574	5040.78
871.885	4981.99
872.196	4879.75
872.507	4737.03
872.818	4576.87
873.129	4403.15
873.440	4198.82
873.750	3973.97
874.061	3739.62
874.372	3527.89
874.682	3346.21
874.993	3175.88
875.303	3024.45
875.614	2913.34
875.924	2850.54
876.235	2838.33
876.545	2854.65
876.855	2928.16
877.165	3064.62
877.475	3258.77
877.786	3514.06
878.096	3825.19
878.406	4212.55
878.715	4646.37
879.025	5115.27
879.335	5669.72
879.645	6281.39
879.955	6920.99
880.264	7599.44
880.574	8286.07
880.883	8979.24
881.193	9683.92
881.502	10357.59
881.812	11003.30
882.121	11653.26
882.430	12267.57
882.740	12833.40
883.049	13396.49
883.358	13946.37
883.667	14444.36
883.976	14898.17
884.285	15327.37
884.594	15802.05
884.903	16237.29
885.212	16652.01
885.520	17121.96
885.829	17564.45
886.138	18028.66
886.446	18554.02
886.755	19011.23
887.063	19545.99
887.372	20092.05
887.680	20550.34
887.988	21105.78
888.297	21625.36
888.605	22019.19
888.913	22428.33
889.221	22729.39
889.529	23013.79
889.837	23272.22
890.145	23378.22
890.453	23445.23
890.761	23475.87
891.069	23362.94
891.377	23175.82
891.684	22845.30
891.992	22377.49
892.299	21852.30
892.607	21270.45
892.914	20607.72
893.222	19875.93
893.529	19123.03
893.837	18307.35
894.144	17464.70
894.451	16672.74
894.758	15836.48
895.065	15025.80
895.372	14296.53
895.679	13532.44
895.986	12879.06
896.293	12357.22
896.600	11844.02
896.907	11396.31
897.213	11003.79
897.520	10687.98
897.827	10550.30
898.133	10487.93
898.440	10481.27
898.746	10558.53
899.053	10749.10
899.359	11032.12
899.665	11393.58
899.972	11831.89
900.278	12314.96
900.584	12867.24
900.890	13501.78
901.196	14183.41
901.502	14957.35
901.808	15816.45
902.114	16710.35
902.419	17713.96
902.725	18847.03
903.031	20077.45
903.337	21445.54
903.642	22970.32
903.948	24642.14
904.253	26483.93
904.559	28546.16
904.864	30786.14
905.169	33219.64
905.475	35851.77
905.780	38595.21
906.085	41450.73
906.390	44413.79
906.695	47224.23
907.000	49831.07
907.305	52265.51
907.610	54458.45
907.915	56353.67
908.219	57930.23
908.524	59217.91
908.829	60329.58
909.133	61277.40
909.438	62021.72
909.743	62621.99
910.047	63046.82
910.351	63375.14
910.656	63586.38
910.960	63649.65
911.264	63611.21
911.568	63473.71
911.873	63276.46
912.177	63073.43
912.481	62736.60
912.785	62279.49
913.088	61795.71
913.392	61276.27
913.696	60724.32
914.000	60035.71
914.304	59255.56
914.607	58436.97
914.911	57506.83
915.214	56453.40
915.518	55200.00
915.821	53823.79
916.124	52329.40
916.428	50512.10
916.731	48553.05
917.034	46616.27
917.337	44530.49
917.640	42403.64
917.943	40220.35
918.246	38163.58
918.549	36424.56
918.852	34826.27
919.155	33348.87
919.458	32131.90
919.760	31268.53
920.063	30707.75
920.366	30325.41
920.668	30191.35
920.971	30163.49
921.273	30321.75
921.576	30725.82
921.878	31106.77
922.180	31635.91
922.482	32206.41
922.784	32662.04
923.087	33232.96
923.389	33733.66
923.691	34200.54
923.992	34703.59
924.294	34984.24
924.596	35128.51
924.898	35268.87
925.200	35310.33
925.501	35107.90
925.803	34731.23
926.104	34290.25
926.406	33689.18
926.707	32988.83
927.009	32188.47
927.310	31230.85
927.611	30311.60
927.912	29250.34
928.214	28008.58
928.515	26860.39
928.816	25750.91
929.117	24588.16
929.418	23504.84
929.719	22486.62
930.019	21521.34
930.320	20597.20
930.621	19681.53
930.922	18860.86
931.222	18085.34
931.523	17363.04
931.823	16682.87
932.124	16071.05
932.424	15578.15
932.724	15126.66
933.025	14633.33
933.325	14183.31
933.625	13791.17
933.925	13448.25
934.225	13193.12
934.525	12997.02
934.825	12903.50
935.125	12905.08
935.425	13032.98
935.724	13317.14
936.024	13713.19
936.324	14206.00
936.623	14855.44
936.923	15658.15
937.222	16587.75
937.522	17648.00
937.821	18798.59
938.120	20160.02
938.420	21841.43
938.719	23679.03
939.018	25569.44
939.317	27797.05
939.616	30171.07
939.915	32567.52
940.214	35099.27
940.513	37625.68
940.812	40191.19
941.111	42837.00
941.409	45235.85
941.708	47555.41
942.006	49704.25
942.305	51499.71
942.603	53073.73
942.902	54405.25
943.200	55440.04
943.499	56280.23
943.797	56943.65
944.095	57486.97
944.393	57941.51
944.691	58155.96
944.989	58155.93
945.287	58104.15
945.585	57950.61
945.883	57685.94
946.181	57423.15
946.479	57036.53
946.776	56666.36
947.074	56406.71
947.371	56171.37
947.669	55891.74
947.966	55692.49
948.264	55577.42
948.561	55601.20
948.858	55625.79
949.156	55566.30
949.453	55522.87
949.750	55575.90
950.047	55578.38
950.344	55542.00
950.641	55579.33
950.938	55684.77
951.235	55818.11
951.532	55953.02
951.828	56159.34
952.125	56350.32
952.422	56554.40
952.718	56669.93
953.015	56701.32
953.311	56702.79
953.607	56605.16
953.904	56323.47
954.200	55989.16
954.496	55548.84
954.792	55060.89
955.089	54425.28
955.385	53729.77
955.681	53090.78
955.976	52451.75
956.272	51792.77
956.568	51096.67
956.864	50359.65
957.160	49599.53
957.455	48956.85
957.751	48335.51
958.046	47771.56
958.342	47483.48
958.637	47343.78
958.933	47235.84
959.228	47418.94
959.523	47861.76
959.818	48506.95
960.114	49367.33
960.409	50139.23
960.704	50995.14
960.999	52119.61
961.294	53275.01
961.588	54235.23
961.883	55001.99
962.178	55585.72
962.473	56138.14
962.767	56582.91
963.062	56781.36
963.356	56970.33
963.651	57171.38
963.945	57444.85
964.239	57803.10
964.534	58113.32
964.828	58381.06
965.122	58629.40
965.416	58738.18
965.710	58663.51
966.004	58409.85
966.298	57972.68
966.592	57362.47
966.886	56605.78
967.180	55651.15
967.473	54572.23
967.767	53286.39
968.061	51755.06
968.354	49953.41
968.648	47866.16
968.941	45537.44
969.234	43097.92
969.528	40408.81
969.821	37640.88
970.114	34970.91
970.407	32386.07
970.700	29913.11
970.993	27611.35
971.286	25415.52
971.579	23314.46
971.872	21353.95
972.165	19442.23
972.457	17554.86
972.750	15774.92
973.043	14015.57
973.335	12321.30
973.628	10783.26
973.920	9349.80
974.213	8007.90
974.505	6843.65
974.797	5800.33
975.089	4915.06
975.382	4202.55
975.674	3623.41
975.966	3188.71
976.258	2881.01
976.550	2687.14
976.841	2612.76
977.133	2622.37
977.425	2694.25
977.717	2839.25
978.008	3021.96
978.300	3232.56
978.591	3485.42
978.883	3752.76
979.174	4018.97
979.465	4289.80
979.757	4570.67
980.048	4859.45
980.339	5171.86
980.630	5489.54
980.921	5800.38
981.212	6123.11
981.503	6448.53
981.794	6726.93
982.085	6979.11
982.376	7175.36
982.666	7300.76
982.957	7377.48
983.248	7410.82
983.538	7405.09
983.828	7384.95
984.119	7322.24
984.409	7236.26
984.700	7125.70
984.990	6974.45
985.280	6789.50
985.570	6569.97
985.860	6311.01
986.150	6045.87
986.440	5764.32
986.730	5491.87
987.020	5251.35
987.309	5005.23
987.599	4743.96
987.889	4486.74
988.178	4229.17
988.468	3975.56
988.757	3705.42
989.047	3429.70
989.336	3174.91
989.625	2941.30
989.915	2727.95
990.204	2529.50
990.493	2347.34
990.782	2198.78
991.071	2062.23
991.360	1932.99
991.649	1824.60
991.938	1718.79
992.226	1623.39
992.515	1539.65
992.804	1459.25
993.092	1383.40
993.381	1316.22
993.669	1249.09
993.958	1192.56
994.246	1138.57
994.534	1089.50
994.823	1046.56
995.111	1012.48
995.399	986.52
995.687	957.80
995.975	933.24
996.263	911.50
996.551	888.27
996.839	863.45
997.126	836.54
997.414	809.31
997.702	798.09
997.989	785.14
998.277	770.30
998.564	760.74
998.852	754.53
999.139	754.32
999.426	743.16
999.713	718.85
1000.001	695.99
1000.288	674.01
1000.575	655.36
1000.862	628.87
1001.149	596.34
1001.436	570.42
1001.722	550.73
1002.009	534.13
1002.296	512.94
1002.582	487.94
1002.869	475.07
1003.156	466.36
1003.442	456.31
1003.728	441.67
1004.015	435.35
1004.301	433.80
1004.587	432.69
1004.873	426.45
1005.160	415.97
1005.446	407.51
1005.732	410.04
1006.017	402.76
1006.303	399.79
1006.589	399.16
1006.875	395.09
1007.161	399.53
1007.446	398.41
1007.732	395.89
1008.017	398.49
1008.303	395.58
1008.588	392.91
1008.873	392.20
1009.159	388.90
1009.444	394.03
1009.729	392.53
1010.014	385.87
1010.299	382.46
1010.584	377.77
1010.869	373.73
1011.154	368.18
1011.439	362.92
1011.723	359.74
1012.008	364.15
1012.293	363.18
1012.577	361.68
1012.862	364.85
1013.146	363.37
1013.430	359.57
1013.715	356.84
1013.999	347.00
1014.283	335.49
1014.567	327.53
1014.851	321.81
1015.135	318.33
1015.419	311.01
1015.703	308.40
1015.987	302.46
1016.271	305.95
1016.555	311.26
1016.838	305.52
1017.122	304.21
1017.405	305.44
1017.689	303.27
1017.972	306.26
1018.256	305.04
1018.539	297.62
1018.822	296.73
1019.105	295.28
1019.388	300.16
1019.671	299.20
1019.954	300.77
1020.237	297.99
1020.520	297.47
1020.803	301.48
1021.086	303.60
1021.368	300.35
1021.651	284.33
1021.934	248.09
1022.216	184.45
