339.735	50.97
340.108	33.93
340.482	10.24
340.855	-14.90
341.228	-22.08
341.602	-30.41
341.975	-26.85
342.348	-31.92
342.721	-32.67
343.094	-20.03
343.468	-13.26
343.841	-3.97
344.214	9.93
344.587	17.92
344.960	26.23
345.333	30.91
345.706	31.08
346.079	40.12
346.452	40.46
346.824	43.97
347.197	53.99
347.570	64.12
347.943	77.38
348.316	89.02
348.688	103.07
349.061	114.38
349.434	119.82
349.806	124.49
350.179	126.89
350.552	129.42
350.924	130.13
351.297	125.73
351.669	132.11
352.042	135.70
352.414	136.98
352.787	146.79
353.159	143.20
353.531	142.16
353.904	144.97
354.276	145.14
354.648	145.90
355.020	147.50
355.393	140.49
355.765	145.76
356.137	147.62
356.509	151.46
356.881	149.68
357.253	149.97
357.625	145.38
357.997	150.08
358.369	162.31
358.741	165.58
359.113	161.21
359.485	164.93
359.857	173.25
360.229	174.30
360.600	169.48
360.972	157.19
361.344	160.00
361.716	156.32
362.087	152.79
362.459	147.95
362.831	145.37
363.202	144.24
363.574	142.32
363.945	132.28
364.317	134.01
364.688	135.17
365.060	132.03
365.431	132.76
365.803	134.06
366.174	130.25
366.545	132.03
366.917	133.51
367.288	137.10
367.659	133.74
368.030	142.63
368.402	144.51
368.773	145.61
369.144	149.67
369.515	148.10
369.886	142.56
370.257	146.60
370.628	138.14
370.999	133.06
371.370	131.45
371.741	131.37
372.112	135.89
372.483	144.27
372.853	142.27
373.224	147.40
373.595	153.53
373.966	162.29
374.336	184.72
374.707	186.93
375.078	185.99
375.448	190.90
375.819	186.83
376.190	182.28
376.560	175.81
376.931	154.46
377.301	150.70
377.671	142.61
378.042	140.12
378.412	145.71
378.783	148.99
379.153	154.37
379.523	152.90
379.893	152.55
380.264	155.93
380.634	161.43
381.004	155.25
381.374	155.42
381.744	152.67
382.114	157.73
382.484	167.48
382.854	165.92
383.224	160.39
383.594	170.14
383.964	169.45
384.334	166.42
384.704	167.86
385.074	157.78
385.444	163.79
385.814	167.70
386.183	158.37
386.553	162.80
386.923	169.25
387.292	163.26
387.662	161.04
388.032	159.10
388.401	155.77
388.771	156.79
389.140	153.45
389.510	147.63
389.879	147.18
390.248	150.76
390.618	146.99
390.987	149.86
391.356	158.63
391.726	156.46
392.095	160.39
392.464	161.41
392.833	157.83
393.203	161.82
393.572	161.66
393.941	147.17
394.310	150.12
394.679	152.65
395.048	147.57
395.417	179.61
395.786	176.32
396.155	175.83
396.524	181.60
396.893	184.70
397.261	182.96
397.630	193.37
397.999	179.31
398.368	182.57
398.736	175.23
399.105	171.96
399.474	165.83
399.842	166.74
400.211	162.00
400.579	150.96
400.948	149.98
401.317	155.16
401.685	156.37
402.053	163.39
402.422	164.72
402.790	168.30
403.158	165.75
403.527	168.25
403.895	167.11
404.263	170.67
404.632	169.41
405.000	160.48
405.368	160.50
405.736	159.85
406.104	155.32
406.472	168.27
406.840	166.49
407.208	166.24
407.576	172.59
407.944	168.22
408.312	169.27
408.680	168.42
409.048	158.35
409.415	161.04
409.783	160.47
410.151	161.08
410.519	165.72
410.886	159.45
411.254	163.03
411.622	161.30
411.989	158.44
412.357	152.29
412.724	146.87
413.092	147.99
413.459	155.27
413.827	153.14
414.194	157.41
414.561	161.42
414.929	166.72
415.296	173.08
415.663	165.34
416.030	165.38
416.398	163.63
416.765	157.72
417.132	153.43
417.499	156.00
417.866	151.49
418.233	147.22
418.600	140.71
418.967	138.81
419.334	143.85
419.701	139.94
420.068	131.39
420.435	139.31
420.802	151.09
421.168	151.19
421.535	155.85
421.902	147.56
422.269	150.74
422.635	153.70
423.002	150.73
423.369	146.60
423.735	156.24
424.102	149.08
424.468	152.45
424.835	156.59
425.201	160.17
425.567	157.45
425.934	159.35
426.300	158.07
426.667	161.94
427.033	160.31
427.399	157.31
427.765	153.74
428.131	155.37
428.498	153.60
428.864	153.16
429.230	160.95
429.596	170.09
429.962	175.07
430.328	186.25
430.694	190.29
431.060	190.68
431.426	186.90
431.792	183.75
432.157	181.12
432.523	183.07
432.889	174.71
433.255	172.06
433.620	170.56
433.986	173.32
434.352	172.93
434.717	166.75
435.083	159.59
435.448	158.65
435.814	157.39
436.179	158.43
436.545	160.20
436.910	161.13
437.276	168.23
437.641	176.28
438.006	177.76
438.372	183.17
438.737	183.43
439.102	181.42
439.467	182.50
439.832	185.91
440.197	179.21
440.563	185.70
440.928	186.88
441.293	191.76
441.658	192.90
442.023	196.94
442.387	195.80
442.752	195.46
443.117	193.07
443.482	187.07
443.847	192.73
444.212	195.75
444.576	191.75
444.941	195.08
445.306	202.12
445.670	205.69
446.035	210.48
446.399	206.83
446.764	210.70
447.128	217.91
447.493	220.35
447.857	225.88
448.222	223.18
448.586	227.90
448.950	224.83
449.315	223.63
449.679	226.11
450.043	229.51
450.407	227.30
450.772	235.80
451.136	237.11
451.500	246.93
451.864	253.83
452.228	250.90
452.592	248.37
452.956	253.71
453.320	251.86
453.684	254.61
454.047	252.15
454.411	248.86
454.775	253.64
455.139	254.79
455.503	253.88
455.866	251.38
456.230	246.33
456.594	247.82
456.957	246.71
457.321	242.40
457.684	237.76
458.048	234.33
458.411	233.55
458.775	230.70
459.138	232.70
459.501	231.93
459.865	224.59
460.228	229.42
460.591	224.60
460.955	223.88
461.318	228.08
461.681	214.30
462.044	217.85
462.407	223.32
462.770	216.08
463.133	222.16
463.496	219.12
463.859	210.93
464.222	215.72
464.585	213.38
464.948	212.04
465.311	215.65
465.674	212.59
466.036	212.05
466.399	215.54
466.762	213.12
467.124	209.75
467.487	211.53
467.850	211.99
468.212	211.99
468.575	215.12
468.937	214.75
469.300	219.35
469.662	228.88
470.024	225.57
470.387	224.65
470.749	221.18
471.111	215.40
471.474	213.11
471.836	210.48
472.198	202.74
472.560	208.66
472.922	209.91
473.284	217.44
473.646	223.91
474.008	223.92
474.370	223.02
474.732	223.17
475.094	217.62
475.456	212.53
475.818	203.30
476.180	202.65
476.542	205.13
476.903	206.42
477.265	202.61
477.627	199.74
477.988	201.07
478.350	206.34
478.711	203.38
479.073	205.51
479.435	211.33
479.796	213.86
480.157	220.44
480.519	222.18
480.880	219.27
481.241	224.43
481.603	226.67
481.964	220.64
482.325	223.26
482.686	222.56
483.048	220.30
483.409	221.73
483.770	218.44
484.131	213.61
484.492	215.31
484.853	216.03
485.214	217.57
485.575	222.14
485.936	225.49
486.296	229.00
486.657	234.01
487.018	237.65
487.379	239.40
487.739	244.41
488.100	243.85
488.461	245.34
488.821	258.79
489.182	259.93
489.542	260.57
489.903	257.60
490.263	253.54
490.624	253.90
490.984	252.78
491.345	240.22
491.705	237.25
492.065	240.05
492.425	243.12
492.786	247.56
493.146	248.16
493.506	252.43
493.866	256.22
494.226	262.01
494.586	259.74
494.946	263.18
495.306	268.48
495.666	270.26
496.026	270.54
496.386	266.06
496.746	267.44
497.106	269.95
497.465	270.85
497.825	261.16
498.185	261.87
498.544	262.09
498.904	266.49
499.264	268.25
499.623	273.94
499.983	280.49
500.342	284.79
500.702	289.79
501.061	294.42
501.420	294.07
501.780	291.04
502.139	287.52
502.498	286.74
502.858	285.95
503.217	289.13
503.576	285.25
503.935	285.74
504.294	282.64
504.653	279.43
505.012	271.06
505.371	281.17
505.730	270.02
506.089	269.71
506.448	275.04
506.807	283.74
507.166	287.37
507.524	293.03
507.883	283.55
508.242	290.18
508.601	302.59
508.959	299.51
509.318	294.98
509.676	300.55
510.035	298.70
510.393	304.67
510.752	310.67
511.110	302.91
511.469	304.35
511.827	313.07
512.185	318.14
512.544	324.24
512.902	323.02
513.260	318.10
513.618	324.91
513.976	325.64
514.334	328.83
514.692	328.03
515.050	329.03
515.408	332.34
515.766	337.46
516.124	334.22
516.482	345.30
516.840	345.55
517.198	350.68
517.556	355.08
517.913	358.43
518.271	361.62
518.629	369.24
518.986	372.75
519.344	378.10
519.701	375.35
520.059	373.29
520.416	375.13
520.774	384.88
521.131	388.89
521.489	385.58
521.846	386.27
522.203	392.09
522.561	396.04
522.918	405.51
523.275	409.28
523.632	418.30
523.989	424.71
524.346	427.31
524.703	433.30
525.060	440.28
525.417	441.90
525.774	437.65
526.131	428.63
526.488	429.58
526.845	429.33
527.202	423.42
527.559	428.02
527.915	431.74
528.272	431.89
528.629	431.60
528.985	431.79
529.342	437.82
529.698	438.62
530.055	429.91
530.411	429.60
530.768	436.77
531.124	438.61
531.480	436.64
531.837	433.10
532.193	439.07
532.549	447.45
532.906	441.83
533.262	437.07
533.618	439.99
533.974	446.50
534.330	453.71
534.686	449.49
535.042	452.84
535.398	462.68
535.754	468.67
536.110	467.43
536.466	465.46
536.821	461.18
537.177	462.65
537.533	457.27
537.889	448.34
538.244	447.66
538.600	451.01
538.955	453.42
539.311	452.71
539.667	454.58
540.022	452.15
540.377	452.85
540.733	455.52
541.088	455.19
541.444	453.62
541.799	455.52
542.154	457.71
542.509	465.55
542.864	469.49
543.220	468.78
543.575	473.43
543.930	475.26
544.285	474.75
544.640	471.79
544.995	472.15
545.350	473.87
545.705	473.55
546.059	474.40
546.414	478.87
546.769	486.75
547.124	492.26
547.478	492.82
547.833	492.05
548.188	499.13
548.542	499.62
548.897	498.62
549.251	496.50
549.606	491.59
549.960	490.74
550.315	496.02
550.669	485.82
551.023	484.97
551.378	486.78
551.732	487.67
552.086	495.90
552.440	499.44
552.794	498.56
553.148	504.33
553.502	504.25
553.856	508.34
554.210	505.43
554.564	510.89
554.918	540.96
555.272	541.95
555.626	543.95
555.980	547.78
556.334	542.46
556.687	547.04
557.041	543.45
557.395	516.64
557.748	525.58
558.102	528.55
558.455	530.91
558.809	538.47
559.162	542.31
559.516	543.76
559.869	552.76
560.222	548.12
560.576	545.63
560.929	550.19
561.282	549.79
561.635	556.57
561.988	562.25
562.342	559.24
562.695	559.78
563.048	564.48
563.401	567.03
563.754	574.89
564.107	575.23
564.459	572.55
564.812	579.03
565.165	589.15
565.518	597.59
565.871	595.98
566.223	594.95
566.576	601.58
566.929	610.59
567.281	601.22
567.634	598.39
567.986	600.99
568.339	604.64
568.691	612.98
569.044	609.74
569.396	607.11
569.748	622.03
570.100	633.73
570.453	635.04
570.805	637.62
571.157	627.89
571.509	628.94
571.861	638.46
572.213	634.59
572.565	627.95
572.917	632.06
573.269	635.94
573.621	642.04
573.973	644.82
574.325	637.82
574.677	635.48
575.028	637.54
575.380	632.87
575.732	630.90
576.083	631.69
576.435	630.73
576.786	629.72
577.138	633.98
577.489	643.61
577.841	648.94
578.192	648.49
578.543	654.15
578.895	654.34
579.246	654.33
579.597	652.66
579.948	643.18
580.300	639.29
580.651	637.12
581.002	630.24
581.353	623.13
581.704	616.30
582.055	613.99
582.406	616.72
582.757	616.74
583.107	619.13
583.458	616.38
583.809	622.35
584.160	632.44
584.510	635.35
584.861	626.21
585.212	623.03
585.562	619.54
585.913	624.85
586.263	624.57
586.614	621.04
586.964	615.38
587.315	616.48
587.665	611.47
588.015	608.92
588.365	597.25
588.716	589.27
589.066	587.72
589.416	597.64
589.766	599.58
590.116	605.96
590.466	606.00
590.816	609.94
591.166	616.29
591.516	614.84
591.866	605.52
592.216	606.19
592.566	600.69
592.915	605.38
593.265	609.47
593.615	606.28
593.964	605.05
594.314	608.18
594.663	608.84
595.013	613.91
595.362	609.57
595.712	604.84
596.061	613.39
596.411	619.11
596.760	614.44
597.109	608.67
597.458	597.91
597.808	599.75
598.157	603.87
598.506	600.17
598.855	594.20
599.204	597.78
599.553	598.28
599.902	604.01
600.251	598.39
600.600	592.95
600.949	589.15
601.297	591.28
601.646	587.40
601.995	589.35
602.344	591.58
602.692	593.99
603.041	594.01
603.389	593.39
603.738	592.86
604.086	591.69
604.435	591.34
604.783	582.11
605.132	583.33
605.480	584.76
605.828	585.86
606.177	589.86
606.525	593.94
606.873	590.67
607.221	598.04
607.569	604.39
607.917	605.28
608.265	598.24
608.613	591.51
608.961	584.52
609.309	583.04
609.657	583.66
610.005	574.82
610.352	572.41
610.700	576.97
611.048	574.28
611.395	570.14
611.743	576.01
612.091	568.22
612.438	566.67
612.786	565.12
613.133	568.03
613.480	567.92
613.828	568.86
614.175	562.38
614.522	568.78
614.870	574.92
615.217	575.49
615.564	563.78
615.911	574.77
616.258	592.17
616.605	593.82
616.952	587.35
617.299	583.69
617.646	583.39
617.993	591.86
618.340	586.93
618.687	575.06
619.033	572.56
619.380	576.21
619.727	573.75
620.073	571.63
620.420	570.65
620.767	571.11
621.113	567.26
621.459	569.87
621.806	572.02
622.152	573.32
622.499	580.10
622.845	583.56
623.191	580.51
623.537	581.53
623.884	576.19
624.230	569.14
624.576	571.83
624.922	567.76
625.268	559.66
625.614	558.63
625.960	549.53
626.306	544.84
626.652	548.42
626.998	540.84
627.343	535.66
627.689	541.13
628.035	538.41
628.380	545.23
628.726	546.60
629.072	545.86
629.417	554.22
629.763	555.71
630.108	549.99
630.453	546.20
630.799	538.19
631.144	538.06
631.489	531.35
631.835	515.34
632.180	504.50
632.525	499.46
632.870	497.64
633.215	496.34
633.560	489.62
633.905	493.41
634.250	501.63
634.595	502.88
634.940	494.67
635.285	484.93
635.630	481.25
635.974	477.17
636.319	464.56
636.664	450.36
637.008	441.25
637.353	440.67
637.698	444.71
638.042	444.06
638.387	447.34
638.731	447.43
639.075	448.51
639.420	453.24
639.764	454.24
640.108	451.31
640.452	446.65
640.797	441.82
641.141	447.83
641.485	452.23
641.829	448.47
642.173	448.53
642.517	449.26
642.861	451.20
643.205	448.14
643.549	441.52
643.892	434.96
644.236	431.50
644.580	426.54
644.923	423.38
645.267	425.01
645.611	424.59
645.954	421.56
646.298	423.98
646.641	429.32
646.985	428.38
647.328	428.71
647.671	422.68
648.015	421.13
648.358	421.86
648.701	420.75
649.044	413.76
649.387	410.78
649.731	408.37
650.074	407.98
650.417	406.60
650.760	401.30
651.102	396.07
651.445	398.07
651.788	395.56
652.131	386.39
652.474	383.95
652.816	385.36
653.159	385.98
653.502	380.31
653.844	377.35
654.187	376.11
654.529	381.08
654.872	378.15
655.214	375.94
655.557	373.24
655.899	374.71
656.241	369.77
656.583	367.28
656.926	366.89
657.268	370.11
657.610	367.02
657.952	360.80
658.294	358.91
658.636	359.28
658.978	360.49
659.320	360.67
659.662	355.50
660.004	357.82
660.345	362.44
660.687	358.86
661.029	356.76
661.371	354.81
661.712	342.53
662.054	344.47
662.395	342.05
662.737	341.83
663.078	349.46
663.420	352.58
663.761	348.06
664.102	352.97
664.444	348.14
664.785	350.13
665.126	348.34
665.467	341.70
665.808	340.29
666.149	349.41
666.490	347.92
666.831	345.93
667.172	340.02
667.513	336.12
667.854	337.18
668.195	336.29
668.535	322.88
668.876	322.61
669.217	325.98
669.557	326.62
669.898	328.03
670.239	327.01
670.579	329.59
670.920	351.51
671.260	355.56
671.600	353.59
671.941	350.14
672.281	348.53
672.621	344.75
672.961	335.28
673.302	319.42
673.642	314.99
673.982	310.52
674.322	312.45
674.662	317.57
675.002	312.85
675.342	319.03
675.682	333.75
676.021	327.85
676.361	332.89
676.701	329.13
677.041	317.77
677.380	321.86
677.720	321.88
678.059	304.00
678.399	305.33
678.738	299.29
679.078	295.80
679.417	302.96
679.756	302.25
680.096	295.35
680.435	290.20
680.774	290.31
681.113	294.53
681.453	297.88
681.792	296.05
682.131	297.46
682.470	298.93
682.809	303.06
683.148	305.40
683.486	301.28
683.825	297.14
684.164	293.71
684.503	289.97
684.841	289.38
685.180	287.04
685.519	280.22
685.857	278.03
686.196	276.59
686.534	271.97
686.873	268.91
687.211	259.69
687.549	255.03
687.888	259.49
688.226	260.56
688.564	261.87
688.902	266.30
689.240	268.36
689.578	272.86
689.917	275.69
690.255	269.57
690.592	275.17
690.930	293.02
691.268	289.31
691.606	287.43
691.944	290.44
692.282	289.87
692.619	291.30
692.957	281.77
693.294	256.32
693.632	255.72
693.970	261.06
694.307	260.26
694.644	259.93
694.982	261.32
695.319	260.54
695.656	268.25
695.994	266.77
696.331	261.26
696.668	261.34
697.005	255.20
697.342	250.53
697.679	253.14
698.016	249.76
698.353	245.35
698.690	239.54
699.027	233.18
699.364	235.57
699.700	235.34
700.037	229.88
700.374	225.30
700.710	226.13
701.047	224.73
701.384	222.73
701.720	222.16
702.057	223.73
702.393	228.80
702.729	230.30
703.066	232.51
703.402	241.15
703.738	239.62
704.074	239.00
704.410	241.06
704.747	237.55
705.083	232.88
705.419	224.17
705.755	209.95
706.091	207.31
706.426	204.86
706.762	198.44
707.098	195.22
707.434	200.40
707.769	209.20
708.105	214.43
708.441	224.91
708.776	228.50
709.112	229.91
709.447	232.49
709.783	226.76
710.118	219.36
710.453	223.12
710.789	220.65
711.124	215.88
711.459	213.87
711.794	214.99
712.129	223.31
712.464	228.93
712.799	226.29
713.134	220.40
713.469	221.76
713.804	223.35
714.139	220.28
714.474	218.78
714.809	216.31
715.143	215.10
715.478	217.26
715.813	216.29
716.147	212.29
716.482	208.46
716.816	207.63
717.151	204.46
717.485	204.70
717.819	206.81
718.154	204.46
718.488	208.11
718.822	210.72
719.156	205.50
719.491	206.11
719.825	202.33
720.159	200.30
720.493	202.87
720.827	201.90
721.161	206.96
721.494	209.31
721.828	215.21
722.162	217.50
722.496	214.06
722.829	218.01
723.163	216.63
723.497	209.85
723.830	209.68
724.164	210.13
724.497	210.52
724.830	213.09
725.164	213.47
725.497	213.54
725.830	219.55
726.164	226.08
726.497	217.07
726.830	212.60
727.163	212.33
727.496	204.37
727.829	204.24
728.162	200.85
728.495	188.37
728.828	189.09
729.160	194.38
729.493	194.34
729.826	197.82
730.159	199.24
730.491	204.63
730.824	212.44
731.156	219.90
731.489	227.18
731.821	228.28
732.154	229.66
732.486	224.19
732.818	213.36
733.151	216.93
733.483	216.41
733.815	208.61
734.147	203.21
734.479	204.20
734.811	210.49
735.143	214.58
735.475	203.70
735.807	196.99
736.139	195.41
736.471	198.10
736.803	201.50
737.134	197.19
737.466	193.70
737.798	201.64
738.129	206.52
738.461	208.73
738.792	210.80
739.124	202.48
739.455	199.94
739.786	199.74
740.118	198.53
740.449	197.51
740.780	194.59
741.111	195.99
741.442	202.95
741.773	212.14
742.104	215.69
742.435	214.08
742.766	215.84
743.097	214.50
743.428	211.16
743.759	208.89
744.090	209.84
744.420	212.76
744.751	215.10
745.081	215.16
745.412	220.12
745.743	216.79
746.073	217.69
746.403	220.40
746.734	215.88
747.064	212.91
747.394	207.92
747.725	202.33
748.055	208.51
748.385	205.88
748.715	193.13
749.045	191.86
749.375	191.49
749.705	195.81
750.035	202.45
750.365	202.46
750.695	197.50
751.024	200.69
751.354	204.40
751.684	201.08
752.013	200.29
752.343	197.13
752.673	194.41
753.002	201.27
753.331	204.50
753.661	203.09
753.990	206.12
754.320	203.36
754.649	198.14
754.978	191.38
755.307	187.96
755.636	186.25
755.965	185.74
756.294	186.42
756.623	186.90
756.952	189.34
757.281	196.60
757.610	197.50
757.939	198.08
758.267	199.68
758.596	195.87
758.925	196.95
759.253	197.04
759.582	198.45
759.910	200.05
760.239	196.40
760.567	193.61
760.896	197.26
761.224	194.85
761.552	196.95
761.881	198.50
762.209	194.58
762.537	200.04
762.865	202.19
763.193	201.43
763.521	205.26
763.849	203.39
764.177	201.28
764.505	206.22
764.832	204.42
765.160	205.95
765.488	210.51
765.815	208.41
766.143	208.89
766.471	207.98
766.798	203.96
767.126	198.82
767.453	194.77
767.780	192.10
768.108	197.53
768.435	203.55
768.762	203.04
769.089	205.37
769.417	211.25
769.744	212.17
770.071	207.31
770.398	202.38
770.725	198.29
771.052	200.11
771.378	203.46
771.705	203.49
772.032	203.40
772.359	210.32
772.685	212.16
773.012	214.91
773.338	212.33
773.665	205.58
773.991	208.11
774.318	210.05
774.644	204.57
774.971	201.71
775.297	199.78
775.623	200.62
775.949	204.46
776.275	202.69
776.601	203.82
776.927	209.81
777.253	213.80
777.579	214.63
777.905	216.82
778.231	217.07
778.557	215.88
778.883	218.41
779.208	218.54
779.534	215.55
779.860	216.95
780.185	218.70
780.511	216.91
780.836	217.44
781.162	212.25
781.487	206.90
781.812	212.42
782.138	215.40
782.463	213.55
782.788	213.33
783.113	208.58
783.438	211.13
783.763	216.92
784.088	215.77
784.413	217.91
784.738	221.31
785.063	220.75
785.388	225.23
785.712	226.98
786.037	227.18
786.362	232.82
786.686	235.06
787.011	230.86
787.335	232.39
787.660	235.18
787.984	229.47
788.308	226.75
788.633	221.12
788.957	213.61
789.281	215.41
789.605	217.46
789.930	214.12
790.254	218.32
790.578	223.04
790.902	222.92
791.225	218.55
791.549	222.50
791.873	223.66
792.197	222.82
792.521	227.01
792.844	222.50
793.168	221.13
793.492	226.24
793.815	222.72
794.139	219.73
794.462	217.93
794.785	212.03
795.109	209.56
795.432	205.54
795.755	205.08
796.078	206.61
796.401	213.10
796.725	220.36
797.048	227.00
797.371	228.63
797.694	233.07
798.016	232.66
798.339	226.69
798.662	224.82
798.985	221.26
799.308	218.15
799.630	219.17
799.953	217.59
800.275	219.60
800.598	224.85
800.920	223.81
801.243	228.94
801.565	234.14
801.887	237.61
802.210	241.35
802.532	240.96
802.854	239.28
803.176	238.19
803.498	232.23
803.820	233.19
804.142	239.43
804.464	238.95
804.786	242.25
805.108	243.50
805.429	245.40
805.751	248.63
806.073	238.82
806.394	230.09
806.716	230.22
807.038	230.13
807.359	236.05
807.680	232.72
808.002	228.11
808.323	229.88
808.644	232.13
808.966	235.18
809.287	232.33
809.608	227.02
809.929	232.40
810.250	234.43
810.571	237.11
810.892	241.01
811.213	234.89
811.534	238.37
811.854	242.73
812.175	238.69
812.496	242.34
812.816	243.36
813.137	239.10
813.458	244.39
813.778	243.65
814.098	239.11
814.419	245.22
814.739	247.89
815.059	249.22
815.380	253.29
815.700	252.71
816.020	254.61
816.340	260.03
816.660	260.04
816.980	261.44
817.300	265.62
817.620	270.48
817.940	273.70
818.260	272.89
818.579	276.32
818.899	280.26
819.219	279.06
819.538	279.32
819.858	277.18
820.177	273.77
820.497	274.23
820.816	269.76
821.135	263.62
821.455	264.45
821.774	261.58
822.093	261.07
822.412	267.61
822.731	267.03
823.050	266.22
823.369	275.17
823.688	281.92
824.007	290.67
824.326	299.57
824.645	309.49
824.963	326.15
825.282	359.01
825.601	382.28
825.919	392.29
826.238	404.61
826.556	418.30
826.875	426.86
827.193	435.91
827.511	432.42
827.830	431.88
828.148	450.03
828.466	464.78
828.784	475.37
829.102	490.38
829.420	504.34
829.738	517.59
830.056	532.58
830.374	543.71
830.692	558.75
831.010	571.65
831.327	589.37
831.645	614.53
831.963	634.96
832.280	645.83
832.598	663.15
832.915	681.34
833.233	708.06
833.550	729.08
833.867	742.32
834.185	769.55
834.502	807.15
834.819	835.97
835.136	860.82
835.453	881.47
835.770	896.54
836.087	909.68
836.404	915.92
836.721	913.96
837.038	914.35
837.355	916.57
837.671	919.29
837.988	919.16
838.305	912.04
838.621	902.16
838.938	900.05
839.254	899.51
839.571	889.53
839.887	871.19
840.203	863.38
840.520	863.28
840.836	857.96
841.152	859.54
841.468	857.91
841.784	857.87
842.100	867.77
842.416	878.85
842.732	890.51
843.048	909.63
843.364	920.21
843.679	942.18
843.995	969.97
844.311	983.08
844.626	988.67
844.942	997.61
845.257	1003.96
845.573	1001.63
845.888	990.66
846.203	980.36
846.519	974.54
846.834	968.18
847.149	956.54
847.464	941.74
847.779	931.32
848.094	911.31
848.409	882.10
848.724	856.27
849.039	827.35
849.354	796.60
849.669	768.07
849.983	732.64
850.298	696.03
850.613	670.93
850.927	652.68
851.242	632.60
851.556	614.29
851.871	604.19
852.185	600.99
852.499	609.04
852.814	624.70
853.128	651.27
853.442	702.04
853.756	763.23
854.070	831.82
854.384	933.17
854.698	1058.00
855.012	1201.07
855.326	1361.57
855.640	1530.27
855.953	1730.13
856.267	1956.66
856.581	2184.52
856.894	2427.33
857.208	2688.84
857.521	2942.43
857.835	3211.90
858.148	3473.63
858.461	3716.15
858.775	3960.36
859.088	4183.90
859.401	4386.09
859.714	4579.65
860.027	4748.64
860.340	4897.68
860.653	5050.72
860.966	5175.79
861.279	5285.20
861.592	5377.70
861.904	5451.92
862.217	5515.34
862.530	5560.56
862.842	5569.46
863.155	5571.87
863.467	5576.81
863.780	5552.25
864.092	5505.75
864.405	5465.56
864.717	5406.85
865.029	5345.24
865.341	5264.29
865.653	5170.36
865.966	5100.83
866.278	5036.17
866.589	4960.39
866.901	4896.71
867.213	4837.64
867.525	4827.72
867.837	4823.45
868.149	4812.34
868.460	4837.76
868.772	4875.22
869.083	4921.57
869.395	4987.31
869.706	5031.82
870.018	5071.58
870.329	5099.00
870.640	5089.20
870.952	5064.63
871.263	5031.19
871.574	4962.22
871.885	4850.99
872.196	4700.20
872.507	4540.52
872.818	4358.27
873.129	4149.95
873.440	3918.95
873.750	3689.09
874.061	3483.74
874.372	3307.27
874.682	3137.57
874.993	2996.02
875.303	2893.24
875.614	2844.89
875.924	2839.19
876.235	2864.86
876.545	2955.67
876.855	3103.02
877.165	3313.77
877.475	3578.61
877.786	3908.40
878.096	4310.79
878.406	4752.35
878.715	5233.38
879.025	5811.37
879.335	6423.22
879.645	7078.34
879.955	7758.66
880.264	8447.69
880.574	9142.17
880.883	9847.62
881.193	10506.44
881.502	11157.15
881.812	11800.21
882.121	12407.00
882.430	12958.23
882.740	13535.03
883.049	14062.22
883.358	14561.56
883.667	14992.50
883.976	15440.13
884.285	15908.53
884.594	16334.78
884.903	16754.55
885.212	17240.40
885.520	17656.60
885.829	18161.44
886.138	18662.76
886.446	19127.14
886.755	19684.53
887.063	20204.80
887.372	20664.75
887.680	21254.47
887.988	21712.35
888.297	22125.16
888.605	22508.66
888.913	22794.09
889.221	23084.45
889.529	23313.62
889.837	23386.98
890.145	23467.91
890.453	23456.37
890.761	23326.13
891.069	23113.34
891.377	22739.29
891.684	22256.32
891.992	21716.20
892.299	21120.79
892.607	20432.69
892.914	19697.91
893.222	18932.46
893.529	18103.11
893.837	17266.31
894.144	16481.09
894.451	15622.70
894.758	14852.13
895.065	14109.52
895.372	13356.72
895.679	12745.48
895.986	12234.47
896.293	11721.59
896.600	11304.23
896.907	10906.75
897.213	10643.51
897.520	10529.93
897.827	10480.67
898.133	10490.65
898.440	10594.79
898.746	10811.42
899.053	11113.52
899.359	11495.89
899.665	11946.52
899.972	12442.53
900.278	13018.68
900.584	13666.50
900.890	14362.64
901.196	15166.81
901.502	16033.05
901.808	16944.74
902.114	17990.04
902.419	19140.66
902.725	20402.25
903.031	21808.55
903.337	23378.41
903.642	25078.33
903.948	26983.44
904.253	29084.94
904.559	31380.05
904.864	33862.72
905.169	36526.52
905.475	39299.09
905.780	42191.88
906.085	45149.58
906.390	47888.56
906.695	50469.30
907.000	52835.66
907.305	54972.52
907.610	56772.88
907.915	58293.40
908.219	59497.93
908.524	60599.94
908.829	61473.12
909.133	62195.92
909.438	62737.61
909.743	63142.60
910.047	63439.13
910.351	63619.47
910.656	63642.65
910.960	63592.24
911.264	63418.69
911.568	63232.86
911.873	63002.30
912.177	62627.55
912.481	62154.70
912.785	61668.24
913.088	61134.53
913.392	60572.80
913.696	59829.43
914.000	59061.61
914.304	58199.03
914.607	57257.80
914.911	56143.11
915.214	54858.19
915.518	53447.55
915.821	51903.05
916.124	49996.11
916.428	48063.02
916.731	46085.29
917.034	43976.85
917.337	41846.87
917.640	39653.44
917.943	37687.30
918.246	36002.74
918.549	34424.58
918.852	33002.61
919.155	31871.13
919.458	31097.23
919.760	30594.74
920.063	30258.49
920.366	30192.50
920.668	30161.86
920.971	30426.20
921.273	30825.17
921.576	31221.80
921.878	31801.59
922.180	32330.01
922.482	32792.43
922.784	33392.31
923.087	33835.27
923.389	34350.40
923.691	34800.20
923.992	35028.89
924.294	35162.73
924.596	35300.42
924.898	35280.53
925.200	35018.24
925.501	34618.68
925.803	34153.99
926.104	33500.46
926.406	32797.29
926.707	31941.67
927.009	30974.53
927.310	30060.65
927.611	28917.72
927.912	27692.94
928.214	26565.72
928.515	25444.10
928.816	24279.75
929.117	23235.99
929.418	22212.75
929.719	21275.58
930.019	20343.76
930.320	19452.41
930.621	18651.44
930.922	17879.31
931.222	17181.26
931.523	16502.02
931.823	15930.93
932.124	15453.26
932.424	15000.48
932.724	14498.20
933.025	14079.01
933.325	13685.36
933.625	13374.36
933.925	13131.65
934.225	12960.16
934.525	12896.05
934.825	12923.39
935.125	13096.76
935.425	13417.38
935.724	13836.76
936.024	14364.24
936.324	15065.89
936.623	15897.23
936.923	16870.01
937.222	17952.91
937.522	19145.07
937.821	20593.69
938.120	22338.74
938.420	24193.60
938.719	26134.50
939.018	28471.25
939.317	30811.33
939.616	33266.29
939.915	35798.71
940.214	38328.52
940.513	40917.05
940.812	43549.06
941.111	45862.57
941.409	48204.53
941.708	50224.25
942.006	51965.39
942.305	53467.77
942.603	54728.52
942.902	55681.75
943.200	56492.18
943.499	57094.58
943.797	57634.87
944.095	58027.30
944.393	58173.67
944.691	58137.96
944.989	58083.06
945.287	57876.71
945.585	57613.81
945.883	57334.05
946.181	56913.10
946.479	56590.17
946.776	56336.95
947.074	56101.73
947.371	55813.21
947.669	55663.41
947.966	55555.76
948.264	55632.39
948.561	55601.46
948.858	55558.64
949.156	55517.17
949.453	55602.90
949.750	55551.44
950.047	55554.96
950.344	55594.23
950.641	55730.66
950.938	55848.49
951.235	56007.02
951.532	56220.65
951.828	56401.66
952.125	56609.09
952.422	56675.73
952.718	56711.50
953.015	56684.57
953.311	56548.52
953.607	56218.67
953.904	55889.04
954.200	55393.83
954.496	54915.93
954.792	54204.83
955.089	53554.50
955.385	52896.08
955.681	52269.96
955.976	51588.12
956.272	50893.59
956.568	50134.07
956.864	49397.69
957.160	48781.98
957.455	48153.63
957.751	47652.81
958.046	47443.10
958.342	47302.43
958.637	47245.18
958.933	47537.02
959.228	48021.84
959.523	48745.93
959.818	49614.48
960.114	50355.89
960.409	51308.02
960.704	52467.14
960.999	53585.95
961.294	54477.61
961.588	55195.88
961.883	55737.56
962.178	56298.92
962.473	56661.08
962.767	56825.57
963.062	57037.58
963.356	57232.37
963.651	57553.35
963.945	57901.86
964.239	58194.78
964.534	58457.97
964.828	58685.33
965.122	58730.98
965.416	58609.73
965.710	58296.15
966.004	57809.69
966.298	57149.47
966.592	56346.98
966.886	55332.10
967.180	54219.43
967.473	52846.86
967.767	51253.54
968.061	49345.10
968.354	47197.70
968.648	44798.22
968.941	42330.35
969.234	39560.67
969.528	36831.33
969.821	34171.74
970.114	31628.59
970.407	29190.94
970.700	26945.75
970.993	24760.64
971.286	22709.94
971.579	20773.49
971.872	18865.13
972.165	16992.23
972.457	15250.89
972.750	13481.54
973.043	11836.17
973.335	10339.16
973.628	8926.33
973.920	7632.12
974.213	6516.68
974.505	5503.02
974.797	4684.02
975.089	4011.13
975.382	3474.80
975.674	3081.73
975.966	2809.33
976.258	2651.38
976.550	2609.70
976.841	2637.01
977.133	2731.17
977.425	2894.13
977.717	3083.08
978.008	3306.15
978.300	3569.27
978.591	3834.14
978.883	4103.13
979.174	4375.63
979.465	4659.06
979.757	4953.18
980.048	5272.80
980.339	5586.04
980.630	5899.33
980.921	6225.80
981.212	6542.77
981.503	6805.23
981.794	7051.18
982.085	7219.23
982.376	7330.91
982.666	7391.56
982.957	7413.40
983.248	7398.55
983.538	7373.06
983.828	7293.88
984.119	7207.37
984.409	7081.39
984.700	6920.13
984.990	6723.50
985.280	6492.56
985.570	6225.20
985.860	5961.10
986.150	5673.01
986.440	5414.15
986.730	5175.45
987.020	4922.43
987.309	4661.43
987.599	4405.96
987.889	4146.63
988.178	3893.90
988.468	3614.82
988.757	3347.01
989.047	3097.25
989.336	2871.14
989.625	2663.63
989.915	2468.75
990.204	2295.31
990.493	2155.83
990.782	2018.50
991.071	1896.22
991.360	1791.41
991.649	1685.60
991.938	1595.90
992.226	1513.38
992.515	1434.31
992.804	1360.42
993.092	1295.33
993.381	1228.30
993.669	1176.45
993.958	1120.70
994.246	1075.76
994.534	1033.79
994.823	1003.93
995.111	977.61
995.399	948.75
995.687	926.45
995.975	903.98
996.263	880.47
996.551	854.86
996.839	827.29
997.126	803.13
997.414	795.92
997.702	779.01
997.989	767.16
998.277	758.00
998.564	754.04
998.852	752.96
999.139	735.77
999.426	710.68
999.713	689.07
1000.001	667.17
1000.288	648.52
1000.575	617.76
1000.862	586.87
1001.149	563.40
1001.436	545.02
1001.722	528.09
1002.009	504.52
1002.296	481.61
1002.582	472.87
1002.869	462.83
1003.156	452.25
1003.442	437.48
1003.728	435.43
1004.015	432.97
1004.301	431.87
1004.587	422.79
1004.873	412.81
1005.160	406.86
1005.446	410.21
1005.732	399.16
1006.017	401.04
1006.303	397.21
1006.589	395.62
1006.875	400.75
1007.161	396.63
1007.446	396.62
1007.732	398.52
1008.017	393.93
1008.303	392.90
1008.588	391.23
1008.873	389.19
1009.159	395.69
1009.444	389.64
1009.729	384.64
1010.014	381.10
1010.299	376.15
1010.584	372.27
1010.869	366.04
1011.154	361.61
1011.439	360.18
1011.723	365.45
1012.008	361.60
1012.293	362.77
1012.577	365.14
1012.862	361.91
1013.146	358.68
1013.430	354.69
1013.715	342.49
1013.999	332.49
1014.283	325.29
1014.567	320.47
1014.851	316.47
1015.135	308.94
1015.419	307.55
1015.703	301.22
1015.987	309.24
1016.271	310.09
1016.555	303.77
1016.838	305.11
1017.122	304.84
1017.405	303.40
1017.689	307.25
1017.972	302.50
1018.256	296.23
1018.539	296.89
1018.822	295.58
1019.105	301.67
1019.388	298.20
1019.671	301.52
1019.954	296.22
1020.237	299.16
1020.520	302.41
1020.803	303.44
1021.086	296.54
1021.368	274.36
1021.651	229.31
1021.934	153.97
1022.216	41.38
