339.735	51.54
340.108	32.37
340.482	13.10
340.855	-5.94
341.228	-18.52
341.602	-29.01
341.975	-31.72
342.348	-29.29
342.721	-23.69
343.094	-19.95
343.468	-10.63
343.841	4.60
344.214	17.24
344.587	24.11
344.960	27.45
345.333	32.76
345.706	44.04
346.079	51.82
346.452	54.41
346.824	59.20
347.197	72.37
347.570	84.75
347.943	91.27
348.316	99.93
348.688	113.59
349.061	127.23
349.434	136.71
349.806	141.64
350.179	148.79
350.552	155.65
350.924	155.29
351.297	154.87
351.669	154.27
352.042	155.12
352.414	156.43
352.787	154.86
353.159	154.93
353.531	160.69
353.904	162.07
354.276	160.44
354.648	164.45
355.020	170.83
355.393	175.26
355.765	177.39
356.137	171.43
356.509	167.14
356.881	169.44
357.253	166.86
357.625	159.85
357.997	161.84
358.369	167.81
358.741	168.60
359.113	169.52
359.485	169.43
359.857	164.67
360.229	161.07
360.600	150.67
360.972	142.60
361.344	142.67
361.716	137.69
362.087	134.30
362.459	134.97
362.831	135.99
363.202	140.57
363.574	139.12
363.945	136.63
364.317	135.41
364.688	137.42
365.060	139.54
365.431	138.80
365.803	135.36
366.174	134.64
366.545	139.38
366.917	145.93
367.288	149.78
367.659	150.97
368.030	150.89
368.402	154.34
368.773	155.77
369.144	152.96
369.515	148.39
369.886	143.87
370.257	141.22
370.628	141.41
370.999	139.51
371.370	137.94
371.741	138.50
372.112	139.29
372.483	143.96
372.853	144.42
373.224	144.21
373.595	149.71
373.966	161.73
374.336	175.90
374.707	177.90
375.078	173.37
375.448	180.04
375.819	188.18
376.190	184.77
376.560	174.86
376.931	166.65
377.301	173.33
377.671	174.13
378.042	166.62
378.412	160.10
378.783	159.38
379.153	158.99
379.523	153.53
379.893	147.53
380.264	146.18
380.634	149.22
381.004	149.55
381.374	149.45
381.744	152.54
382.114	157.88
382.484	159.31
382.854	161.26
383.224	162.76
383.594	165.15
383.964	162.74
384.334	156.75
384.704	154.23
385.074	153.99
385.444	154.49
385.814	151.98
386.183	146.74
386.553	151.49
386.923	155.04
387.292	153.06
387.662	149.83
388.032	151.35
388.401	154.88
388.771	157.64
389.140	156.28
389.510	157.74
389.879	156.56
390.248	159.27
390.618	160.15
390.987	163.75
391.356	166.14
391.726	165.85
392.095	166.48
392.464	166.37
392.833	163.90
393.203	162.30
393.572	157.17
393.941	158.68
394.310	159.82
394.679	159.33
395.048	170.32
395.417	188.50
395.786	188.80
396.155	187.87
396.524	183.42
396.893	180.88
397.261	176.75
397.630	173.59
397.999	167.13
398.368	165.55
398.736	164.83
399.105	168.55
399.474	168.80
399.842	169.87
400.211	165.15
400.579	156.27
400.948	158.31
401.317	161.60
401.685	160.01
402.053	159.39
402.422	161.50
402.790	159.67
403.158	156.23
403.527	154.73
403.895	148.84
404.263	143.86
404.632	144.18
405.000	146.06
405.368	149.99
405.736	153.56
406.104	157.21
406.472	167.23
406.840	168.71
407.208	167.08
407.576	163.87
407.944	163.08
408.312	163.40
408.680	159.21
409.048	153.68
409.415	154.87
409.783	153.36
410.151	153.85
410.519	148.81
410.886	144.50
411.254	146.99
411.622	146.96
411.989	149.51
412.357	154.17
412.724	153.69
413.092	153.59
413.459	154.18
413.827	155.29
414.194	153.64
414.561	151.78
414.929	148.01
415.296	148.55
415.663	150.12
416.030	151.21
416.398	145.79
416.765	141.68
417.132	142.86
417.499	141.58
417.866	137.96
418.233	139.50
418.600	141.56
418.967	145.37
419.334	144.91
419.701	139.75
420.068	140.62
420.435	148.16
420.802	150.00
421.168	148.07
421.535	149.42
421.902	158.28
422.269	165.94
422.635	166.43
423.002	160.07
423.369	157.53
423.735	159.63
424.102	163.28
424.468	162.37
424.835	160.86
425.201	163.65
425.567	166.62
425.934	167.63
426.300	167.22
426.667	167.80
427.033	166.39
427.399	165.39
427.765	164.72
428.131	167.95
428.498	167.03
428.864	167.27
429.230	164.93
429.596	163.75
429.962	170.05
430.328	171.60
430.694	171.26
431.060	174.98
431.426	175.16
431.792	175.93
432.157	177.94
432.523	172.85
432.889	170.18
433.255	169.94
433.620	164.68
433.986	161.10
434.352	159.33
434.717	162.49
435.083	167.94
435.448	165.35
435.814	162.01
436.179	163.68
436.545	167.84
436.910	168.42
437.276	165.13
437.641	165.36
438.006	170.76
438.372	175.14
438.737	179.66
439.102	182.82
439.467	183.43
439.832	179.30
440.197	174.79
440.563	172.87
440.928	169.10
441.293	168.11
441.658	167.59
442.023	172.17
442.387	180.21
442.752	185.29
443.117	187.62
443.482	194.32
443.847	199.74
444.212	201.60
444.576	199.11
444.941	197.54
445.306	197.18
445.670	198.18
446.035	195.63
446.399	194.71
446.764	198.29
447.128	200.72
447.493	200.89
447.857	199.83
448.222	197.32
448.586	198.11
448.950	197.90
449.315	191.65
449.679	193.22
450.043	198.01
450.407	198.69
450.772	205.99
451.136	212.97
451.500	213.46
451.864	219.03
452.228	221.51
452.592	222.05
452.956	225.85
453.320	225.04
453.684	222.71
454.047	220.61
454.411	218.56
454.775	219.00
455.139	222.88
455.503	224.12
455.866	224.14
456.230	222.67
456.594	224.96
456.957	227.15
457.321	225.57
457.684	217.14
458.048	214.22
458.411	217.35
458.775	217.00
459.138	216.79
459.501	219.70
459.865	220.73
460.228	221.27
460.591	221.58
460.955	216.47
461.318	216.94
461.681	213.30
462.044	204.58
462.407	200.05
462.770	198.60
463.133	199.19
463.496	199.52
463.859	197.97
464.222	200.74
464.585	204.16
464.948	208.42
465.311	214.46
465.674	214.02
466.036	214.77
466.399	216.87
466.762	212.43
467.124	206.87
467.487	200.07
467.850	194.95
468.212	194.87
468.575	191.93
468.937	185.88
469.300	188.08
469.662	196.85
470.024	199.74
470.387	200.23
470.749	198.50
471.111	199.31
471.474	203.55
471.836	200.91
472.198	193.08
472.560	190.94
472.922	188.17
473.284	185.64
473.646	186.96
474.008	189.23
474.370	192.38
474.732	195.52
475.094	198.31
475.456	198.90
475.818	200.75
476.180	197.41
476.542	193.08
476.903	192.37
477.265	192.01
477.627	192.05
477.988	190.28
478.350	193.08
478.711	194.07
479.073	193.55
479.435	186.72
479.796	182.12
480.157	183.39
480.519	185.88
480.880	181.17
481.241	177.15
481.603	178.66
481.964	182.42
482.325	182.58
482.686	182.11
483.048	184.72
483.409	187.44
483.770	192.84
484.131	197.66
484.492	201.09
484.853	207.93
485.214	209.34
485.575	209.42
485.936	215.68
486.296	218.60
486.657	223.06
487.018	222.66
487.379	221.37
487.739	223.64
488.100	225.34
488.461	223.25
488.821	223.13
489.182	223.98
489.542	226.02
489.903	227.32
490.263	229.67
490.624	227.97
490.984	224.96
491.345	222.29
491.705	222.36
492.065	224.70
492.425	223.38
492.786	219.95
493.146	221.27
493.506	221.81
493.866	220.10
494.226	221.16
494.586	225.19
494.946	232.22
495.306	238.67
495.666	243.06
496.026	243.59
496.386	242.02
496.746	237.60
497.106	228.77
497.465	222.04
497.825	214.03
498.185	209.38
498.544	209.99
498.904	209.11
499.264	211.57
499.623	216.20
499.983	219.41
500.342	227.75
500.702	234.76
501.061	238.84
501.420	240.89
501.780	241.98
502.139	244.05
502.498	246.14
502.858	242.31
503.217	241.33
503.576	239.52
503.935	238.83
504.294	242.44
504.653	242.87
505.012	243.53
505.371	243.99
505.730	242.66
506.089	245.31
506.448	244.37
506.807	243.16
507.166	247.84
507.524	251.47
507.883	252.91
508.242	256.11
508.601	255.72
508.959	258.34
509.318	256.90
509.676	248.64
510.035	245.66
510.393	249.31
510.752	254.48
511.110	255.90
511.469	253.59
511.827	256.40
512.185	254.78
512.544	252.47
512.902	250.21
513.260	243.97
513.618	242.16
513.976	243.25
514.334	248.61
514.692	257.78
515.050	263.59
515.408	264.78
515.766	265.05
516.124	265.17
516.482	264.21
516.840	263.48
517.198	263.61
517.556	264.95
517.913	269.29
518.271	273.93
518.629	276.65
518.986	281.86
519.344	283.49
519.701	283.80
520.059	283.96
520.416	281.38
520.774	281.14
521.131	281.26
521.489	282.92
521.846	289.81
522.203	295.02
522.561	294.54
522.918	293.00
523.275	297.16
523.632	300.69
523.989	302.22
524.346	297.22
524.703	294.85
525.060	299.36
525.417	300.78
525.774	298.69
526.131	297.29
526.488	296.39
526.845	296.47
527.202	292.58
527.559	291.10
527.915	293.12
528.272	293.79
528.629	296.43
528.985	296.89
529.342	297.12
529.698	302.98
530.055	307.18
530.411	306.25
530.768	312.28
531.124	313.56
531.480	309.35
531.837	310.28
532.193	310.85
532.549	311.91
532.906	310.60
533.262	306.46
533.618	304.14
533.974	304.12
534.330	299.75
534.686	295.56
535.042	294.49
535.398	292.44
535.754	294.03
536.110	300.17
536.466	307.39
536.821	312.77
537.177	316.46
537.533	317.67
537.889	320.00
538.244	314.47
538.600	305.61
538.955	299.79
539.311	298.78
539.667	298.89
540.022	297.24
540.377	297.16
540.733	302.06
541.088	313.03
541.444	316.65
541.799	318.19
542.154	320.89
542.509	321.97
542.864	324.04
543.220	320.14
543.575	315.93
543.930	311.71
544.285	307.15
544.640	303.93
544.995	300.30
545.350	303.42
545.705	306.69
546.059	307.70
546.414	311.77
546.769	318.38
547.124	322.51
547.478	322.83
547.833	320.30
548.188	321.53
548.542	319.86
548.897	315.23
549.251	316.32
549.606	315.75
549.960	317.07
550.315	315.13
550.669	314.02
551.023	315.71
551.378	318.61
551.732	318.08
552.086	316.54
552.440	313.51
552.794	311.57
553.148	310.25
553.502	312.16
553.856	316.89
554.210	315.71
554.564	329.76
554.918	346.31
555.272	349.88
555.626	351.46
555.980	349.50
556.334	344.70
556.687	347.11
557.041	336.56
557.395	323.41
557.748	325.61
558.102	330.67
558.455	339.20
558.809	347.25
559.162	352.75
559.516	357.63
559.869	359.42
560.222	362.69
560.576	364.89
560.929	360.24
561.282	357.31
561.635	354.65
561.988	353.08
562.342	351.21
562.695	349.25
563.048	353.01
563.401	353.69
563.754	358.58
564.107	358.11
564.459	356.53
564.812	355.82
565.165	351.54
565.518	346.34
565.871	346.51
566.223	348.38
566.576	345.01
566.929	348.01
567.281	350.63
567.634	353.87
567.986	355.50
568.339	356.31
568.691	356.60
569.044	357.82
569.396	358.47
569.748	362.49
570.100	366.26
570.453	370.26
570.805	370.99
571.157	374.98
571.509	375.46
571.861	375.68
572.213	372.60
572.565	374.90
572.917	373.24
573.269	375.57
573.621	374.03
573.973	376.41
574.325	380.84
574.677	382.89
575.028	381.68
575.380	376.19
575.732	377.19
576.083	377.35
576.435	369.91
576.786	363.34
577.138	363.87
577.489	362.90
577.841	367.72
578.192	366.86
578.543	366.44
578.895	370.93
579.246	376.36
579.597	373.41
579.948	368.95
580.300	364.29
580.651	363.70
581.002	365.05
581.353	369.39
581.704	371.26
582.055	371.12
582.406	378.09
582.757	382.53
583.107	386.05
583.458	382.32
583.809	377.87
584.160	374.16
584.510	369.76
584.861	364.72
585.212	362.06
585.562	361.95
585.913	361.00
586.263	367.37
586.614	370.62
586.964	371.05
587.315	368.67
587.665	364.31
588.015	362.13
588.365	360.72
588.716	356.54
589.066	355.07
589.416	355.06
589.766	354.86
590.116	355.89
590.466	357.23
590.816	367.13
591.166	373.72
591.516	374.52
591.866	375.71
592.216	380.74
592.566	383.70
592.915	382.43
593.265	375.80
593.615	370.09
593.964	365.78
594.314	366.18
594.663	367.42
595.013	369.30
595.362	368.32
595.712	366.72
596.061	367.29
596.411	369.84
596.760	368.56
597.109	366.72
597.458	363.40
597.808	369.31
598.157	380.79
598.506	382.25
598.855	381.60
599.204	378.59
599.553	379.17
599.902	381.69
600.251	374.68
600.600	365.23
600.949	361.25
601.297	363.22
601.646	364.49
601.995	366.12
602.344	364.35
602.692	360.74
603.041	361.12
603.389	359.33
603.738	354.64
604.086	348.37
604.435	342.76
604.783	340.90
605.132	346.48
605.480	351.92
605.828	359.52
606.177	369.33
606.525	375.92
606.873	378.73
607.221	380.81
607.569	377.80
607.917	372.83
608.265	371.81
608.613	366.02
608.961	364.45
609.309	362.45
609.657	364.92
610.005	370.26
610.352	375.56
610.700	373.24
611.048	368.65
611.395	374.91
611.743	381.74
612.091	384.27
612.438	380.51
612.786	374.13
613.133	372.78
613.480	373.50
613.828	368.12
614.175	368.55
614.522	366.87
614.870	368.11
615.217	372.38
615.564	374.63
615.911	380.17
616.258	382.65
616.605	381.94
616.952	381.71
617.299	377.06
617.646	376.34
617.993	378.37
618.340	376.81
618.687	375.30
619.033	369.61
619.380	370.07
619.727	373.76
620.073	375.90
620.420	378.61
620.767	379.20
621.113	379.82
621.459	383.60
621.806	386.51
622.152	387.94
622.499	384.82
622.845	378.75
623.191	372.93
623.537	374.71
623.884	373.69
624.230	367.35
624.576	363.38
624.922	361.76
625.268	357.32
625.614	354.65
625.960	354.66
626.306	353.29
626.652	357.19
626.998	359.11
627.343	363.20
627.689	368.51
628.035	377.71
628.380	382.32
628.726	381.46
629.072	374.43
629.417	373.10
629.763	374.34
630.108	374.59
630.453	369.32
630.799	364.80
631.144	365.18
631.489	363.65
631.835	357.98
632.180	348.61
632.525	343.49
632.870	336.16
633.215	332.70
633.560	337.13
633.905	338.28
634.250	340.27
634.595	342.04
634.940	341.40
635.285	348.40
635.630	356.58
635.974	354.22
636.319	352.00
636.664	349.76
637.008	352.92
637.353	353.13
637.698	344.89
638.042	335.47
638.387	336.44
638.731	336.17
639.075	337.54
639.420	333.16
639.764	335.05
640.108	342.21
640.452	339.17
640.797	331.76
641.141	333.83
641.485	336.88
641.829	335.79
642.173	330.02
642.517	322.62
642.861	322.62
643.205	322.49
643.549	319.54
643.892	314.27
644.236	314.56
644.580	312.39
644.923	307.06
645.267	303.38
645.611	301.39
645.954	301.91
646.298	306.22
646.641	308.65
646.985	307.74
647.328	312.91
647.671	311.53
648.015	311.54
648.358	312.89
648.701	308.70
649.044	304.76
649.387	300.07
649.731	295.66
650.074	299.53
650.417	303.36
650.760	300.76
651.102	298.86
651.445	299.72
651.788	305.57
652.131	305.79
652.474	301.65
652.816	298.91
653.159	298.53
653.502	298.41
653.844	296.22
654.187	292.96
654.529	293.34
654.872	292.96
655.214	286.49
655.557	283.20
655.899	278.87
656.241	279.10
656.583	282.60
656.926	285.76
657.268	286.72
657.610	293.71
657.952	294.58
658.294	291.24
658.636	289.88
658.978	288.54
659.320	281.51
659.662	274.37
660.004	266.64
660.345	270.42
660.687	274.36
661.029	273.02
661.371	274.23
661.712	278.83
662.054	284.30
662.395	291.00
662.737	292.97
663.078	292.64
663.420	291.48
663.761	289.58
664.102	289.67
664.444	289.84
664.785	288.47
665.126	280.98
665.467	280.11
665.808	283.30
666.149	289.66
666.490	284.31
666.831	282.02
667.172	279.14
667.513	282.37
667.854	279.99
668.195	275.68
668.535	267.96
668.876	269.54
669.217	266.11
669.557	261.01
669.898	262.65
670.239	267.04
670.579	274.76
670.920	281.92
671.260	280.55
671.600	280.42
671.941	283.59
672.281	278.88
672.621	274.20
672.961	262.35
673.302	253.87
673.642	257.97
673.982	260.51
674.322	262.54
674.662	263.52
675.002	264.82
675.342	280.59
675.682	285.50
676.021	279.37
676.361	276.17
676.701	274.37
677.041	272.17
677.380	267.88
677.720	253.65
678.059	251.28
678.399	251.37
678.738	246.16
679.078	247.55
679.417	247.22
679.756	250.23
680.096	248.64
680.435	245.03
680.774	244.17
681.113	246.21
681.453	247.49
681.792	244.25
682.131	243.11
682.470	245.62
682.809	245.79
683.148	249.02
683.486	245.14
683.825	243.78
684.164	246.14
684.503	242.63
684.841	237.57
685.180	233.58
685.519	229.85
685.857	226.45
686.196	225.88
686.534	224.91
686.873	221.52
687.211	220.42
687.549	218.58
687.888	220.02
688.226	219.29
688.564	215.18
688.902	213.95
689.240	216.53
689.578	218.59
689.917	221.34
690.255	224.77
690.592	242.73
690.930	252.03
691.268	253.95
691.606	254.33
691.944	252.31
692.282	252.31
692.619	249.67
692.957	232.58
693.294	227.83
693.632	231.64
693.970	241.06
694.307	245.45
694.644	246.24
694.982	245.97
695.319	245.40
695.656	241.15
695.994	232.84
696.331	227.27
696.668	221.34
697.005	216.75
697.342	215.73
697.679	221.03
698.016	221.42
698.353	219.22
698.690	208.42
699.027	209.08
699.364	215.47
699.700	209.97
700.037	205.22
700.374	206.29
700.710	207.63
701.047	208.41
701.384	207.37
701.720	205.84
702.057	208.14
702.393	210.14
702.729	208.12
703.066	212.15
703.402	215.63
703.738	215.15
704.074	215.82
704.410	219.67
704.747	220.12
705.083	217.00
705.419	212.30
705.755	209.45
706.091	210.98
706.426	206.45
706.762	199.08
707.098	193.93
707.434	202.40
707.769	206.07
708.105	203.43
708.441	202.30
708.776	204.72
709.112	209.35
709.447	212.53
709.783	204.63
710.118	202.30
710.453	203.10
710.789	206.00
711.124	208.70
711.459	203.38
711.794	200.73
712.129	206.58
712.464	212.44
712.799	210.01
713.134	208.05
713.469	206.37
713.804	207.92
714.139	207.22
714.474	202.47
714.809	199.13
715.143	199.52
715.478	196.34
715.813	194.93
716.147	198.59
716.482	201.62
716.816	201.07
717.151	202.74
717.485	202.67
717.819	208.72
718.154	210.94
718.488	204.93
718.822	205.01
719.156	203.28
719.491	197.98
719.825	193.38
720.159	187.63
720.493	182.56
720.827	186.23
721.161	185.65
721.494	185.69
721.828	190.93
722.162	193.88
722.496	194.37
722.829	195.50
723.163	195.21
723.497	194.42
723.830	194.84
724.164	194.91
724.497	194.45
724.830	197.36
725.164	200.59
725.497	202.72
725.830	208.37
726.164	212.09
726.497	211.95
726.830	213.87
727.163	216.11
727.496	209.46
727.829	202.14
728.162	193.55
728.495	192.95
728.828	190.14
729.160	191.74
729.493	190.32
729.826	193.43
730.159	198.47
730.491	202.78
730.824	201.00
731.156	196.51
731.489	193.82
731.821	191.02
732.154	187.03
732.486	187.50
732.818	188.05
733.151	191.20
733.483	192.85
733.815	195.48
734.147	199.11
734.479	203.81
734.811	203.63
735.143	202.19
735.475	203.02
735.807	202.91
736.139	204.31
736.471	202.57
736.803	205.59
737.134	204.95
737.466	200.20
737.798	195.69
738.129	196.43
738.461	191.07
738.792	190.71
739.124	186.90
739.455	186.10
739.786	190.18
740.118	191.92
740.449	191.58
740.780	199.05
741.111	205.85
741.442	204.34
741.773	207.40
742.104	209.85
742.435	212.52
742.766	216.69
743.097	210.46
743.428	204.36
743.759	207.51
744.090	203.89
744.420	195.77
744.751	193.93
745.081	192.37
745.412	191.85
745.743	195.01
746.073	187.89
746.403	189.44
746.734	194.01
747.064	194.85
747.394	191.34
747.725	191.81
748.055	192.52
748.385	190.37
748.715	192.42
749.045	193.68
749.375	189.49
749.705	190.33
750.035	192.56
750.365	187.85
750.695	193.15
751.024	201.12
751.354	203.31
751.684	206.72
752.013	209.79
752.343	210.67
752.673	213.40
753.002	215.26
753.331	210.57
753.661	205.41
753.990	204.51
754.320	206.86
754.649	206.99
754.978	207.52
755.307	203.43
755.636	199.90
755.965	201.59
756.294	200.77
756.623	195.91
756.952	195.42
757.281	198.70
757.610	203.47
757.939	212.55
758.267	212.53
758.596	209.23
758.925	212.71
759.253	210.42
759.582	208.75
759.910	202.14
760.239	193.84
760.567	191.16
760.896	191.15
761.224	189.04
761.552	189.16
761.881	186.67
762.209	188.94
762.537	185.85
762.865	186.71
763.193	188.28
763.521	191.56
763.849	197.12
764.177	203.23
764.505	211.12
764.832	215.45
765.160	216.54
765.488	217.69
765.815	216.26
766.143	209.21
766.471	201.91
766.798	194.09
767.126	189.29
767.453	188.02
767.780	192.32
768.108	192.24
768.435	190.40
768.762	187.42
769.089	190.68
769.417	195.62
769.744	199.86
770.071	196.08
770.398	197.61
770.725	199.74
771.052	203.23
771.378	204.66
771.705	203.71
772.032	204.25
772.359	203.84
772.685	200.35
773.012	198.30
773.338	200.29
773.665	196.31
773.991	208.44
774.318	201.32
774.644	202.16
774.971	212.32
775.297	213.15
775.623	210.57
775.949	207.33
776.275	189.16
776.601	191.48
776.927	189.74
777.253	181.70
777.579	187.29
777.905	188.00
778.231	193.19
778.557	201.31
778.883	201.50
779.208	203.12
779.534	207.24
779.860	206.48
780.185	212.10
780.511	211.69
780.836	205.16
781.162	206.68
781.487	208.23
781.812	202.84
782.138	198.15
782.463	198.92
782.788	198.85
783.113	201.89
783.438	200.69
783.763	203.32
784.088	209.42
784.413	211.58
784.738	209.35
785.063	209.66
785.388	210.69
785.712	211.05
786.037	209.05
786.362	210.11
786.686	216.48
787.011	212.46
787.335	212.78
787.660	210.54
787.984	214.27
788.308	215.12
788.633	208.82
788.957	206.70
789.281	208.94
789.605	209.04
789.930	211.66
790.254	211.76
790.578	208.31
790.902	207.06
791.225	203.23
791.549	204.29
791.873	201.88
792.197	200.17
792.521	196.88
792.844	198.73
793.168	200.54
793.492	202.35
793.815	198.80
794.139	203.99
794.462	208.10
794.785	204.65
795.109	206.40
795.432	204.60
795.755	203.94
796.078	209.55
796.401	210.97
796.725	215.31
797.048	221.44
797.371	217.77
797.694	219.53
798.016	223.23
798.339	225.43
798.662	219.95
798.985	212.12
799.308	214.56
799.630	214.02
799.953	217.01
800.275	212.56
800.598	213.61
800.920	213.66
801.243	218.37
801.565	215.10
801.887	217.16
802.210	215.19
802.532	217.96
802.854	217.10
803.176	216.68
803.498	219.84
803.820	225.43
804.142	225.86
804.464	230.32
804.786	229.52
805.108	228.93
805.429	233.61
805.751	231.13
806.073	227.31
806.394	229.54
806.716	225.81
807.038	222.29
807.359	224.48
807.680	226.31
808.002	224.36
808.323	223.62
808.644	229.37
808.966	231.13
809.287	239.57
809.608	242.29
809.929	247.34
810.250	251.04
810.571	251.28
810.892	250.20
811.213	251.46
811.534	254.24
811.854	258.11
812.175	250.56
812.496	250.96
812.816	256.62
813.137	253.79
813.458	259.28
813.778	256.83
814.098	252.64
814.419	262.81
814.739	267.47
815.059	268.07
815.380	278.57
815.700	280.46
816.020	287.38
816.340	293.07
816.660	294.98
816.980	299.57
817.300	306.58
817.620	312.88
817.940	314.10
818.260	313.44
818.579	316.50
818.899	320.91
819.219	317.36
819.538	318.11
819.858	314.38
820.177	316.73
820.497	323.25
820.816	326.69
821.135	326.83
821.455	335.47
821.774	331.97
822.093	339.25
822.412	341.08
822.731	344.97
823.050	345.60
823.369	353.54
823.688	351.33
824.007	359.15
824.326	354.09
824.645	355.38
824.963	352.38
825.282	364.24
825.601	363.19
825.919	360.22
826.238	353.77
826.556	350.85
826.875	349.15
827.193	346.27
827.511	327.77
827.830	321.45
828.148	320.35
828.466	320.90
828.784	329.55
829.102	330.51
829.420	339.63
829.738	347.38
830.056	362.42
830.374	365.82
830.692	372.24
831.010	371.69
831.327	372.93
831.645	365.92
831.963	365.75
832.280	359.44
832.598	355.94
832.915	351.05
833.233	345.19
833.550	347.34
833.867	344.13
834.185	337.14
834.502	334.11
834.819	325.62
835.136	325.00
835.453	323.59
835.770	312.49
836.087	305.11
836.404	304.26
836.721	294.53
837.038	293.34
837.355	280.99
837.671	277.28
837.988	281.30
838.305	284.19
838.621	293.59
838.938	303.50
839.254	316.27
839.571	335.36
839.887	356.56
840.203	384.25
840.520	417.30
840.836	449.11
841.152	489.86
841.468	535.96
841.784	586.66
842.100	633.92
842.416	683.81
842.732	728.44
843.048	786.20
843.364	848.95
843.679	895.04
843.995	960.12
844.311	1026.85
844.626	1080.37
844.942	1141.01
845.257	1192.25
845.573	1244.71
845.888	1292.34
846.203	1341.66
846.519	1373.76
846.834	1420.75
847.149	1459.66
847.464	1488.38
847.779	1516.70
848.094	1553.31
848.409	1566.59
848.724	1578.30
849.039	1598.75
849.354	1607.19
849.669	1612.21
849.983	1612.85
850.298	1604.82
850.613	1599.61
850.927	1605.67
851.242	1596.95
851.556	1603.57
851.871	1616.55
852.185	1627.55
852.499	1641.77
852.814	1661.18
853.128	1666.82
853.442	1686.21
853.756	1709.37
854.070	1713.23
854.384	1722.54
854.698	1743.53
855.012	1762.05
855.326	1785.21
855.640	1797.99
855.953	1799.20
856.267	1794.76
856.581	1785.27
856.894	1752.82
857.208	1704.59
857.521	1660.89
857.835	1598.84
858.148	1539.65
858.461	1462.83
858.775	1393.73
859.088	1335.17
859.401	1263.46
859.714	1204.31
860.027	1156.48
860.340	1128.57
860.653	1103.04
860.966	1103.24
861.279	1118.79
861.592	1164.93
861.904	1238.66
862.217	1336.50
862.530	1458.56
862.842	1610.95
863.155	1785.15
863.467	1981.95
863.780	2201.25
864.092	2451.08
864.405	2697.28
864.717	2972.85
865.029	3248.94
865.341	3541.72
865.653	3843.91
865.966	4149.37
866.278	4450.75
866.589	4726.60
866.901	4992.64
867.213	5256.88
867.525	5508.70
867.837	5731.02
868.149	5935.90
868.460	6152.66
868.772	6366.78
869.083	6557.76
869.395	6765.52
869.706	6951.71
870.018	7138.85
870.329	7311.46
870.640	7487.30
870.952	7632.57
871.263	7872.05
871.574	8088.45
871.885	8252.26
872.196	8457.78
872.507	8635.49
872.818	8759.70
873.129	8825.86
873.440	8954.97
873.750	9072.49
874.061	9082.55
874.372	9081.90
874.682	9009.64
874.993	8969.03
875.303	8929.41
875.614	8826.62
875.924	8630.39
876.235	8514.54
876.545	8367.82
876.855	8172.38
877.165	7925.42
877.475	7629.29
877.786	7357.68
878.096	7075.43
878.406	6752.74
878.715	6390.78
879.025	6122.51
879.335	5862.76
879.645	5601.76
879.955	5363.85
880.264	5109.87
880.574	4898.47
880.883	4724.80
881.193	4574.00
881.502	4466.84
881.812	4384.19
882.121	4336.43
882.430	4321.27
882.740	4376.78
883.049	4438.39
883.358	4532.23
883.667	4620.85
883.976	4761.03
884.285	4973.57
884.594	5136.77
884.903	5405.66
885.212	5667.81
885.520	5951.32
885.829	6334.00
886.138	6725.40
886.446	7167.09
886.755	7687.46
887.063	8244.68
887.372	8913.17
887.680	9611.22
887.988	10382.69
888.297	11233.28
888.605	12190.74
888.913	13244.65
889.221	14491.20
889.529	15747.21
889.837	17082.91
890.145	18675.99
890.453	20410.53
890.761	22038.99
891.069	23683.20
891.377	25344.87
891.684	27139.31
891.992	28790.34
892.299	30503.05
892.607	31936.94
892.914	33602.87
893.222	34967.37
893.529	36204.69
893.837	37445.95
894.144	38687.08
894.451	39620.76
894.758	40571.27
895.065	41239.33
895.372	41571.72
895.679	42205.93
895.986	42350.91
896.293	42500.33
896.600	42166.19
896.907	41808.49
897.213	41164.36
897.520	40593.49
897.827	40018.70
898.133	39140.81
898.440	38166.63
898.746	36971.01
899.053	36047.52
899.359	34730.53
899.665	33643.96
899.972	32213.51
900.278	30988.10
900.584	29553.79
900.890	28195.53
901.196	26803.35
901.502	25539.18
901.808	24286.52
902.114	23234.77
902.419	22153.84
902.725	21319.35
903.031	20451.94
903.337	19837.56
903.642	19425.22
903.948	19007.32
904.253	18860.63
904.559	18845.68
904.864	18898.11
905.169	19183.35
905.475	19447.30
905.780	19957.60
906.085	20382.74
906.390	20875.46
906.695	21451.94
907.000	21981.94
907.305	22548.61
907.610	23071.50
907.915	23611.28
908.219	23818.00
908.524	24147.17
908.829	24347.72
909.133	24591.75
909.438	24518.92
909.743	24449.10
910.047	24222.94
910.351	23908.45
910.656	23457.29
910.960	22973.61
911.264	22309.20
911.568	21558.05
911.873	20772.19
912.177	19898.57
912.481	18886.23
912.785	18011.43
913.088	17133.00
913.392	16281.11
913.696	15444.88
914.000	14629.48
914.304	13929.84
914.607	13262.11
914.911	12608.03
915.214	12093.82
915.518	11588.47
915.821	11123.78
916.124	10714.19
916.428	10407.82
916.731	10095.46
917.034	9895.55
917.337	9671.67
917.640	9442.42
917.943	9358.13
918.246	9341.76
918.549	9346.35
918.852	9536.56
919.155	9758.37
919.458	10160.27
919.760	10658.93
920.063	11377.51
920.366	12135.35
920.668	12964.76
920.971	14093.59
921.273	15397.45
921.576	16657.34
921.878	18176.87
922.180	19737.18
922.482	21507.43
922.784	23411.47
923.087	25515.01
923.389	27915.39
923.691	30069.71
923.992	32722.83
924.294	35084.29
924.596	37740.12
924.898	40156.11
925.200	42449.92
925.501	44478.03
925.803	46417.06
926.104	47991.42
926.406	49213.32
926.707	50094.05
927.009	51072.79
927.310	51769.53
927.611	52116.42
927.912	52388.02
928.214	52743.28
928.515	52764.73
928.816	52922.99
929.117	52854.63
929.418	52774.78
929.719	52658.84
930.019	52517.30
930.320	52203.07
930.621	51756.16
930.922	51311.57
931.222	51186.64
931.523	50467.26
931.823	50194.47
932.124	49939.89
932.424	49502.40
932.724	49425.35
933.025	49545.68
933.325	49599.67
933.625	49866.52
933.925	50090.61
934.225	50430.94
934.525	50635.35
934.825	50633.48
935.125	50528.92
935.425	50481.12
935.724	49988.76
936.024	49706.81
936.324	49473.28
936.623	48946.72
936.923	48488.87
937.222	47914.92
937.522	47394.32
937.821	46923.47
938.120	46586.24
938.420	45950.89
938.719	45318.67
939.018	44353.07
939.317	43539.66
939.616	42784.64
939.915	41924.72
940.214	41098.35
940.513	40663.11
940.812	40626.06
941.111	40381.49
941.409	40567.02
941.708	40856.86
942.006	41132.17
942.305	41665.16
942.603	42511.38
942.902	43191.93
943.200	44174.39
943.499	45097.01
943.797	46342.03
944.095	47776.57
944.393	48894.25
944.691	49675.02
944.989	51000.99
945.287	51836.18
945.585	52848.67
945.883	53566.68
946.181	54414.21
946.479	55196.21
946.776	56058.78
947.074	56872.87
947.371	57682.69
947.669	58641.11
947.966	59282.49
948.264	59697.65
948.561	60202.39
948.858	60337.27
949.156	60687.82
949.453	60549.63
949.750	60401.89
950.047	60428.00
950.344	60315.68
950.641	59969.26
950.938	59686.86
951.235	59115.38
951.532	58578.03
951.828	58015.67
952.125	57023.17
952.422	55413.75
952.718	54029.13
953.015	52165.57
953.311	50154.82
953.607	47937.07
953.904	45491.52
954.200	42872.55
954.496	40084.93
954.792	37497.45
955.089	34779.90
955.385	31981.85
955.681	29409.30
955.976	26654.60
956.272	24068.52
956.568	21646.32
956.864	19343.93
957.160	17188.78
957.455	15244.70
957.751	13494.03
958.046	11986.62
958.342	10678.57
958.637	9647.84
958.933	8935.83
959.228	8478.29
959.523	8329.72
959.818	8445.91
960.114	8864.39
960.409	9610.01
960.704	10783.73
960.999	12233.62
961.294	13945.18
961.588	15965.79
961.883	18291.92
962.178	20767.65
962.473	23526.29
962.767	26261.65
963.062	29264.63
963.356	32350.08
963.651	35372.82
963.945	38583.87
964.239	41326.17
964.534	44410.21
964.828	46982.59
965.122	49391.45
965.416	51180.76
965.710	52698.72
966.004	54155.06
966.298	55062.52
966.592	55989.52
966.886	56428.63
967.180	57396.25
967.473	57685.00
967.767	57855.17
968.061	58185.00
968.354	57765.04
968.648	57510.92
968.941	56862.33
969.234	56321.10
969.528	55439.96
969.821	54725.52
970.114	53713.12
970.407	52461.57
970.700	51041.82
970.993	49523.33
971.286	47853.18
971.579	45771.02
971.872	43701.75
972.165	41494.29
972.457	39338.34
972.750	37092.05
973.043	35241.88
973.335	33182.45
973.628	31184.55
973.920	29414.86
974.213	27538.03
974.505	25787.83
974.797	24115.42
975.089	22438.19
975.382	21049.89
975.674	19754.23
975.966	18670.67
976.258	17747.85
976.550	17000.39
976.841	16206.84
977.133	15550.46
977.425	14881.37
977.717	14321.23
978.008	13691.92
978.300	13208.46
978.591	12695.23
978.883	12246.06
979.174	11834.89
979.465	11469.77
979.757	11008.28
980.048	10657.15
980.339	10340.17
980.630	9946.72
980.921	9629.40
981.212	9250.07
981.503	8903.33
981.794	8523.80
982.085	8123.18
982.376	7758.52
982.666	7348.07
982.957	6916.25
983.248	6488.17
983.538	6092.43
983.828	5725.81
984.119	5346.59
984.409	5022.26
984.700	4697.48
984.990	4403.53
985.280	4124.47
985.570	3870.72
985.860	3656.43
986.150	3445.98
986.440	3244.00
986.730	3097.13
987.020	2974.97
987.309	2858.80
987.599	2763.85
987.889	2678.77
988.178	2601.19
988.468	2552.40
988.757	2493.75
989.047	2454.80
989.336	2415.40
989.625	2395.62
989.915	2399.33
990.204	2372.15
990.493	2360.50
990.782	2346.65
991.071	2326.08
991.360	2291.88
991.649	2258.62
991.938	2226.75
992.226	2180.16
992.515	2133.65
992.804	2082.19
993.092	2010.73
993.381	1958.06
993.669	1887.52
993.958	1828.30
994.246	1755.39
994.534	1682.90
994.823	1621.80
995.111	1553.17
995.399	1488.09
995.687	1417.02
995.975	1344.52
996.263	1280.34
996.551	1219.60
996.839	1154.99
997.126	1105.01
997.414	1048.67
997.702	995.51
997.989	950.98
998.277	898.49
998.564	863.70
998.852	826.94
999.139	792.53
999.426	768.45
999.713	746.51
1000.001	727.89
1000.288	706.17
1000.575	690.17
1000.862	664.22
1001.149	651.33
1001.436	634.01
1001.722	621.79
1002.009	606.91
1002.296	601.69
1002.582	585.75
1002.869	574.84
1003.156	563.55
1003.442	549.24
1003.728	543.94
1004.015	538.60
1004.301	523.67
1004.587	517.85
1004.873	512.01
1005.160	508.89
1005.446	507.52
1005.732	499.62
1006.017	489.10
1006.303	483.83
1006.589	482.01
1006.875	472.40
1007.161	465.61
1007.446	453.90
1007.732	445.81
1008.017	440.19
1008.303	432.73
1008.588	423.25
1008.873	420.67
1009.159	414.11
1009.444	407.69
1009.729	404.62
1010.014	399.15
1010.299	395.14
1010.584	391.44
1010.869	389.15
1011.154	378.81
1011.439	368.64
1011.723	359.81
1012.008	355.50
1012.293	352.19
1012.577	346.66
1012.862	342.92
1013.146	340.59
1013.430	339.62
1013.715	346.40
1013.999	342.11
1014.283	333.65
1014.567	329.68
1014.851	330.95
1015.135	332.27
1015.419	329.35
1015.703	322.65
1015.987	319.98
1016.271	316.75
1016.555	316.92
1016.838	316.66
1017.122	317.56
1017.405	316.58
1017.689	313.67
1017.972	310.65
1018.256	311.07
1018.539	308.82
1018.822	304.03
1019.105	297.57
1019.388	298.21
1019.671	301.82
1019.954	306.57
1020.237	307.13
1020.520	307.29
1020.803	308.42
1021.086	308.33
1021.368	308.42
1021.651	308.77
1021.934	308.75
1022.216	310.03
