339.735	67.97
340.108	55.24
340.482	35.26
340.855	16.56
341.228	-4.22
341.602	-16.89
341.975	-28.56
342.348	-32.00
342.721	-30.86
343.094	-24.42
343.468	-21.04
343.841	-12.99
344.214	2.45
344.587	16.30
344.960	23.70
345.333	27.53
345.706	31.64
346.079	43.25
346.452	51.99
346.824	54.63
347.197	58.29
347.570	70.99
347.943	84.45
348.316	91.58
348.688	99.07
349.061	112.56
349.434	126.94
349.806	137.24
350.179	142.19
350.552	148.67
350.924	157.06
351.297	157.24
351.669	156.68
352.042	155.93
352.414	157.00
352.787	158.51
353.159	157.46
353.531	155.56
353.904	161.45
354.276	164.92
354.648	162.79
355.020	164.64
355.393	171.88
355.765	176.29
356.137	179.70
356.509	174.09
356.881	169.23
357.253	171.35
357.625	170.23
357.997	161.80
358.369	162.50
358.741	170.59
359.113	169.91
359.485	171.00
359.857	172.19
360.229	167.49
360.600	163.29
360.972	155.09
361.344	144.41
361.716	144.31
362.087	139.92
362.459	135.24
362.831	136.64
363.202	136.17
363.574	142.21
363.945	141.43
364.317	139.04
364.688	137.06
365.060	138.61
365.431	140.19
365.803	140.88
366.174	137.22
366.545	135.46
366.917	140.06
367.288	147.48
367.659	150.76
368.030	152.45
368.402	152.42
368.773	156.27
369.144	158.74
369.515	155.47
369.886	150.91
370.257	146.67
370.628	142.72
370.999	142.80
371.370	141.94
371.741	139.56
372.112	140.52
372.483	140.19
372.853	145.21
373.224	145.73
373.595	145.54
373.966	149.90
374.336	160.82
374.707	177.16
375.078	180.58
375.448	174.89
375.819	179.39
376.190	190.51
376.560	188.66
376.931	179.34
377.301	167.39
377.671	175.24
378.042	177.02
378.412	168.98
378.783	161.48
379.153	160.43
379.523	161.79
379.893	156.42
380.264	149.60
380.634	146.23
381.004	150.74
381.374	152.28
381.744	151.42
382.114	152.96
382.484	159.49
382.854	161.07
383.224	163.81
383.594	164.02
383.964	167.16
384.334	165.40
384.704	159.55
385.074	156.29
385.444	156.21
385.814	156.90
386.183	154.72
386.553	148.41
386.923	152.67
387.292	157.20
387.662	155.24
388.032	152.40
388.401	153.22
388.771	155.83
389.140	160.00
389.510	157.68
389.879	159.41
390.248	158.24
390.618	160.85
390.987	161.68
391.356	165.81
391.726	167.84
392.095	168.18
392.464	168.13
392.833	168.83
393.203	165.36
393.572	165.06
393.941	158.56
394.310	160.74
394.679	161.44
395.048	162.74
395.417	167.40
395.786	191.12
396.155	191.60
396.524	192.09
396.893	184.80
397.261	183.65
397.630	178.43
397.999	177.46
398.368	169.40
398.736	167.93
399.105	165.67
399.474	171.68
399.842	171.03
400.211	172.56
400.579	169.69
400.948	158.54
401.317	158.82
401.685	164.17
402.053	162.11
402.422	162.24
402.790	163.31
403.158	163.06
403.527	158.45
403.895	158.17
404.263	151.15
404.632	146.29
405.000	146.41
405.368	148.04
405.736	151.00
406.104	155.46
406.472	156.91
406.840	169.11
407.208	171.46
407.576	170.25
407.944	165.99
408.312	165.13
408.680	165.88
409.048	163.48
409.415	154.97
409.783	156.64
410.151	155.62
410.519	155.41
410.886	151.24
411.254	146.36
411.622	147.93
411.989	149.37
412.357	150.85
412.724	156.14
413.092	156.09
413.459	155.06
413.827	155.61
414.194	156.36
414.561	156.18
414.929	154.25
415.296	149.98
415.663	150.64
416.030	151.27
416.398	154.46
416.765	148.10
417.132	143.48
417.499	143.81
417.866	144.11
418.233	139.64
418.600	141.24
418.967	141.81
419.334	146.93
419.701	147.37
420.068	142.58
420.435	140.72
420.802	149.71
421.168	151.76
421.535	149.92
421.902	149.93
422.269	157.81
422.635	167.10
423.002	168.82
423.369	162.27
423.735	160.07
424.102	159.76
424.468	164.86
424.835	165.01
425.201	161.60
425.567	165.36
425.934	167.81
426.300	169.75
426.667	169.00
427.033	170.54
427.399	168.10
427.765	167.89
428.131	165.66
428.498	170.12
428.864	168.90
429.230	169.36
429.596	168.75
429.962	165.66
430.328	169.71
430.694	174.91
431.060	171.67
431.426	177.42
431.792	178.83
432.157	176.43
432.523	180.90
432.889	175.78
433.255	172.26
433.620	172.04
433.986	167.84
434.352	163.64
434.717	161.48
435.083	162.45
435.448	169.61
435.814	166.71
436.179	164.56
436.545	165.18
436.910	168.92
437.276	171.14
437.641	167.28
438.006	165.80
438.372	171.28
438.737	177.79
439.102	181.06
439.467	185.12
439.832	186.08
440.197	184.28
440.563	176.65
440.928	175.95
441.293	171.59
441.658	171.55
442.023	168.15
442.387	173.57
442.752	180.04
443.117	188.28
443.482	188.82
443.847	195.95
444.212	201.63
444.576	204.66
444.941	202.69
445.306	199.03
445.670	199.65
446.035	200.02
446.399	198.32
446.764	196.63
447.128	199.51
447.493	202.72
447.857	202.71
448.222	202.89
448.586	200.29
448.950	201.19
449.315	201.22
449.679	195.72
450.043	193.67
450.407	201.34
450.772	201.39
451.136	205.75
451.500	214.61
451.864	215.71
452.228	219.79
452.592	224.45
452.956	225.63
453.320	228.26
453.684	228.50
454.047	226.00
454.411	223.86
454.775	222.80
455.139	220.13
455.503	224.92
455.866	225.82
456.230	226.73
456.594	224.92
456.957	227.76
457.321	228.39
457.684	230.08
458.048	220.37
458.411	216.29
458.775	218.84
459.138	220.37
459.501	216.95
459.865	223.29
460.228	222.33
460.591	224.62
460.955	224.62
461.318	219.97
461.681	218.24
462.044	218.08
462.407	207.66
462.770	203.33
463.133	200.56
463.496	201.45
463.859	201.70
464.222	199.88
464.585	202.10
464.948	207.64
465.311	208.85
465.674	216.62
466.036	216.93
466.399	215.51
466.762	220.16
467.124	215.98
467.487	209.74
467.850	204.22
468.212	197.16
468.575	197.24
468.937	196.23
469.300	188.52
469.662	188.13
470.024	197.75
470.387	202.20
470.749	202.47
471.111	202.23
471.474	201.15
471.836	204.43
472.198	204.94
472.560	196.75
472.922	193.56
473.284	191.16
473.646	188.01
474.008	188.48
474.370	192.34
474.732	193.07
475.094	197.41
475.456	200.00
475.818	201.00
476.180	202.26
476.542	202.21
476.903	195.70
477.265	195.54
477.627	194.98
477.988	194.37
478.350	191.85
478.711	194.39
479.073	195.48
479.435	196.14
479.796	190.24
480.157	184.74
480.519	183.83
480.880	188.82
481.241	183.68
481.603	179.31
481.964	180.11
482.325	184.43
482.686	185.40
483.048	184.27
483.409	186.59
483.770	188.19
484.131	194.46
484.492	199.39
484.853	203.04
485.214	208.54
485.575	213.09
485.936	209.83
486.296	218.17
486.657	221.27
487.018	225.91
487.379	225.62
487.739	224.54
488.100	225.49
488.461	228.46
488.821	226.98
489.182	228.16
489.542	226.18
489.903	228.47
490.263	229.37
490.624	232.06
490.984	231.12
491.345	228.57
491.705	226.90
492.065	225.56
492.425	227.23
492.786	227.24
493.146	223.43
493.506	223.10
493.866	224.95
494.226	222.52
494.586	223.45
494.946	225.78
495.306	235.25
495.666	240.56
496.026	246.39
496.386	245.48
496.746	245.66
497.106	242.56
497.465	232.74
497.825	225.12
498.185	219.22
498.544	211.49
498.904	213.32
499.264	213.14
499.623	212.78
499.983	218.12
500.342	220.51
500.702	227.97
501.061	237.61
501.420	240.47
501.780	242.95
502.139	243.60
502.498	246.45
502.858	249.89
503.217	246.12
503.576	243.56
503.935	242.31
504.294	241.60
504.653	245.01
505.012	246.90
505.371	246.19
505.730	247.24
506.089	244.64
506.448	247.32
506.807	249.09
507.166	245.48
507.524	249.99
507.883	255.18
508.242	255.52
508.601	257.75
508.959	258.89
509.318	259.25
509.676	262.64
510.035	252.06
510.393	249.63
510.752	251.16
511.110	257.81
511.469	257.97
511.827	257.58
512.185	258.50
512.544	260.08
512.902	256.21
513.260	254.10
513.618	248.39
513.976	245.95
514.334	247.08
514.692	250.38
515.050	258.83
515.408	265.54
515.766	267.55
516.124	268.57
516.482	269.96
516.840	268.22
517.198	266.42
517.556	265.91
517.913	268.41
518.271	271.30
518.629	276.73
518.986	279.23
519.344	284.39
519.701	286.44
520.059	286.69
520.416	287.40
520.774	284.84
521.131	283.27
521.489	284.14
521.846	285.54
522.203	291.52
522.561	299.46
522.918	295.69
523.275	297.61
523.632	299.24
523.989	304.38
524.346	305.45
524.703	302.28
525.060	297.28
525.417	301.84
525.774	303.18
526.131	302.41
526.488	302.03
526.845	300.00
527.202	301.21
527.559	298.19
527.915	295.38
528.272	295.11
528.629	297.96
528.985	298.60
529.342	302.19
529.698	299.63
530.055	303.90
530.411	310.38
530.768	308.85
531.124	315.02
531.480	318.47
531.837	313.87
532.193	314.91
532.549	316.06
532.906	315.52
533.262	317.47
533.618	311.51
533.974	307.40
534.330	308.77
534.686	304.96
535.042	298.86
535.398	298.46
535.754	296.04
536.110	296.59
536.466	302.96
536.821	309.69
537.177	317.78
537.533	320.94
537.889	318.70
538.244	323.04
538.600	319.60
538.955	311.77
539.311	303.62
539.667	303.25
540.022	301.27
540.377	301.91
540.733	300.75
541.088	305.31
541.444	314.88
541.799	320.65
542.154	321.24
542.509	323.92
542.864	326.63
543.220	328.96
543.575	325.64
543.930	320.09
544.285	316.56
544.640	312.03
544.995	306.89
545.350	304.17
545.705	306.86
546.059	311.32
546.414	310.97
546.769	313.76
547.124	321.55
547.478	325.22
547.833	328.25
548.188	325.76
548.542	324.27
548.897	322.12
549.251	321.09
549.606	318.96
549.960	319.08
550.315	319.22
550.669	320.81
551.023	317.34
551.378	318.90
551.732	322.10
552.086	322.34
552.440	320.93
552.794	318.05
553.148	316.82
553.502	314.19
553.856	315.78
554.210	319.32
554.564	319.76
554.918	326.43
555.272	349.61
555.626	353.42
555.980	355.21
556.334	354.07
556.687	348.93
557.041	350.45
557.395	345.84
557.748	326.15
558.102	328.67
558.455	333.55
558.809	341.77
559.162	349.99
559.516	356.00
559.869	362.16
560.222	364.18
560.576	365.38
560.929	369.58
561.282	365.63
561.635	361.60
561.988	358.98
562.342	357.06
562.695	355.39
563.048	356.54
563.401	355.60
563.754	358.69
564.107	359.16
564.459	362.87
564.812	360.23
565.165	360.58
565.518	357.95
565.871	351.62
566.223	348.78
566.576	352.55
566.929	349.04
567.281	351.18
567.634	354.26
567.986	356.53
568.339	361.02
568.691	361.16
569.044	360.04
569.396	362.10
569.748	362.93
570.100	365.05
570.453	369.99
570.805	374.13
571.157	376.17
571.509	376.90
571.861	380.41
572.213	381.00
572.565	379.50
572.917	378.43
573.269	379.75
573.621	377.81
573.973	378.29
574.325	378.87
574.677	384.63
575.028	385.98
575.380	385.45
575.732	383.75
576.083	380.72
576.435	381.84
576.786	376.22
577.138	368.01
577.489	367.24
577.841	368.40
578.192	369.55
578.543	375.62
578.895	370.04
579.246	375.08
579.597	380.66
579.948	378.16
580.300	374.56
580.651	371.38
581.002	371.13
581.353	370.49
581.704	373.51
582.055	374.09
582.406	375.31
582.757	381.84
583.107	385.70
583.458	388.83
583.809	388.40
584.160	381.90
584.510	380.63
584.861	375.71
585.212	372.38
585.562	366.13
585.913	366.73
586.263	365.83
586.614	370.51
586.964	375.02
587.315	376.90
587.665	374.84
588.015	371.91
588.365	367.97
588.716	366.28
589.066	361.87
589.416	360.26
589.766	360.13
590.116	358.44
590.466	360.63
590.816	361.39
591.166	368.46
591.516	377.96
591.866	380.19
592.216	379.43
592.566	384.29
592.915	388.49
593.265	387.45
593.615	382.12
593.964	375.07
594.314	370.23
594.663	369.87
595.013	372.62
595.362	375.47
595.712	374.25
596.061	370.68
596.411	372.39
596.760	374.55
597.109	374.81
597.458	371.74
597.808	370.26
598.157	371.39
598.506	383.64
598.855	388.81
599.204	387.18
599.553	384.36
599.902	383.37
600.251	386.43
600.600	384.59
600.949	371.83
601.297	365.38
601.646	366.90
601.995	366.85
602.344	370.40
602.692	368.29
603.041	366.25
603.389	364.70
603.738	364.65
604.086	360.03
604.435	353.80
604.783	348.83
605.132	343.25
605.480	349.37
605.828	356.73
606.177	361.83
606.525	370.88
606.873	380.24
607.221	383.49
607.569	385.55
607.917	383.03
608.265	377.85
608.613	375.90
608.961	371.57
609.309	370.34
609.657	367.08
610.005	368.50
610.352	373.10
610.700	379.69
611.048	379.82
611.395	375.29
611.743	376.13
612.091	384.63
612.438	388.28
612.786	385.14
613.133	381.11
613.480	377.50
613.828	377.19
614.175	373.91
614.522	371.87
614.870	371.72
615.217	370.42
615.564	374.89
615.911	378.20
616.258	382.59
616.605	386.94
616.952	387.89
617.299	386.89
617.646	383.44
617.993	379.99
618.340	381.58
618.687	381.69
619.033	378.41
619.380	375.90
619.727	374.16
620.073	377.92
620.420	378.25
620.767	382.33
621.113	384.63
621.459	384.55
621.806	386.07
622.152	392.52
622.499	391.96
622.845	390.16
623.191	384.47
623.537	379.98
623.884	379.29
624.230	378.56
624.576	374.41
624.922	367.75
625.268	366.11
625.614	361.56
625.960	360.53
626.306	360.29
626.652	356.52
626.998	360.62
627.343	364.41
627.689	364.74
628.035	372.85
628.380	381.35
628.726	385.89
629.072	384.53
629.417	381.64
629.763	376.81
630.108	379.42
630.453	377.15
630.799	374.81
631.144	369.57
631.489	370.14
631.835	368.99
632.180	364.92
632.525	356.08
632.870	347.96
633.215	342.55
633.560	338.22
633.905	339.26
634.250	343.69
634.595	342.43
634.940	345.07
635.285	345.50
635.630	350.08
635.974	359.24
636.319	359.65
636.664	356.47
637.008	354.88
637.353	356.99
637.698	358.38
638.042	352.51
638.387	341.49
638.731	339.50
639.075	341.83
639.420	341.32
639.764	338.59
640.108	337.78
640.452	344.78
640.797	345.45
641.141	337.76
641.485	337.83
641.829	339.53
642.173	339.85
642.517	336.41
642.861	327.05
643.205	325.67
643.549	326.23
643.892	323.52
644.236	319.64
644.580	316.78
644.923	316.60
645.267	313.89
645.611	307.10
645.954	307.33
646.298	305.79
646.641	308.80
646.985	313.65
647.328	310.53
647.671	314.28
648.015	317.14
648.358	314.21
648.701	317.11
649.044	314.81
649.387	308.64
649.731	305.24
650.074	300.20
650.417	301.62
650.760	305.39
651.102	306.05
651.445	302.75
651.788	302.74
652.131	306.02
652.474	310.70
652.816	307.74
653.159	303.06
653.502	302.28
653.844	301.77
654.187	301.47
654.529	297.51
654.872	296.94
655.214	296.46
655.557	292.71
655.899	286.73
656.241	282.73
656.583	281.51
656.926	286.02
657.268	288.32
657.610	290.33
657.952	294.05
658.294	299.33
658.636	296.83
658.978	293.88
659.320	292.92
659.662	286.52
660.004	279.27
660.345	272.47
660.687	271.69
661.029	277.54
661.371	277.00
661.712	275.62
662.054	281.81
662.395	287.21
662.737	291.98
663.078	295.21
663.420	295.20
663.761	295.36
664.102	294.13
664.444	292.08
664.785	293.31
665.126	292.31
665.467	287.04
665.808	283.99
666.149	285.85
666.490	290.76
666.831	291.47
667.172	284.95
667.513	283.64
667.854	285.04
668.195	285.95
668.535	280.87
668.876	274.84
669.217	271.00
669.557	270.59
669.898	266.36
670.239	264.48
670.579	268.90
670.920	275.86
671.260	284.70
671.600	284.81
671.941	283.19
672.281	285.50
672.621	284.42
672.961	277.65
673.302	269.36
673.642	258.57
673.982	258.71
674.322	264.50
674.662	265.16
675.002	266.97
675.342	269.03
675.682	279.03
676.021	289.27
676.361	284.87
676.701	279.75
677.041	278.64
677.380	274.33
677.720	272.72
678.059	260.62
678.399	252.54
678.738	253.59
679.078	251.27
679.417	248.90
679.756	250.74
680.096	251.82
680.435	253.09
680.774	248.75
681.113	247.09
681.453	248.07
681.792	251.27
682.131	247.32
682.470	245.98
682.809	247.72
683.148	248.52
683.486	249.63
683.825	251.07
684.164	247.11
684.503	248.44
684.841	246.95
685.180	241.19
685.519	237.22
685.857	232.72
686.196	230.29
686.534	228.98
686.873	227.86
687.211	225.66
687.549	222.56
687.888	223.15
688.226	222.62
688.564	223.81
688.902	218.81
689.240	216.04
689.578	218.15
689.917	221.28
690.255	223.21
690.592	226.64
690.930	239.13
691.268	253.83
691.606	256.88
691.944	257.21
692.282	255.98
692.619	255.18
692.957	254.45
693.294	241.11
693.632	228.78
693.970	232.80
694.307	240.26
694.644	248.66
694.982	249.33
695.319	249.65
695.656	247.70
695.994	244.49
696.331	237.88
696.668	230.59
697.005	226.20
697.342	220.28
697.679	217.38
698.016	220.96
698.353	224.61
698.690	222.24
699.027	214.64
699.364	210.27
699.700	216.31
700.037	215.59
700.374	209.44
700.710	207.68
701.047	209.59
701.384	211.17
701.720	209.98
702.057	209.55
702.393	210.23
702.729	212.35
703.066	211.87
703.402	212.97
703.738	217.72
704.074	219.62
704.410	217.19
704.747	221.82
705.083	222.66
705.419	220.75
705.755	215.89
706.091	212.28
706.426	212.85
706.762	211.02
707.098	203.43
707.434	197.23
707.769	200.88
708.105	207.99
708.441	205.94
708.776	205.80
709.112	207.33
709.447	210.76
709.783	214.26
710.118	210.93
710.453	203.86
710.789	205.27
711.124	207.95
711.459	210.20
711.794	207.85
712.129	203.14
712.464	207.12
712.799	214.21
713.134	213.78
713.469	210.17
713.804	209.92
714.139	210.43
714.474	209.36
714.809	205.95
715.143	202.11
715.478	201.79
715.813	200.05
716.147	197.14
716.482	199.98
716.816	203.64
717.151	203.65
717.485	204.67
717.819	205.28
718.154	207.58
718.488	213.82
718.822	209.26
719.156	206.78
719.491	205.85
719.825	200.86
720.159	197.37
720.493	191.08
720.827	185.85
721.161	187.81
721.494	189.04
721.828	187.80
722.162	190.47
722.496	195.94
722.829	196.85
723.163	197.42
723.497	198.02
723.830	197.86
724.164	197.26
724.497	196.88
724.830	196.23
725.164	199.53
725.497	202.77
725.830	204.83
726.164	208.57
726.497	213.26
726.830	214.98
727.163	216.14
727.496	217.83
727.829	214.87
728.162	207.26
728.495	198.78
728.828	194.11
729.160	194.01
729.493	193.36
729.826	194.37
730.159	196.18
730.491	199.53
730.824	204.05
731.156	204.12
731.489	200.29
731.821	196.31
732.154	194.75
732.486	191.00
732.818	188.92
733.151	190.04
733.483	192.47
733.815	194.26
734.147	196.37
734.479	199.98
734.811	204.92
735.143	206.56
735.475	205.74
735.807	204.94
736.139	205.99
736.471	207.03
736.803	206.69
737.134	206.44
737.466	208.28
737.798	203.30
738.129	199.86
738.461	198.32
738.792	195.68
739.124	193.10
739.455	191.00
739.786	187.78
740.118	190.73
740.449	194.31
740.780	193.30
741.111	198.56
741.442	206.48
741.773	207.25
742.104	208.55
742.435	211.70
742.766	214.52
743.097	218.31
743.428	215.65
743.759	208.00
744.090	209.45
744.420	209.17
744.751	201.61
745.081	196.21
745.412	194.99
745.743	193.90
746.073	196.13
746.403	192.60
746.734	190.07
747.064	194.66
747.394	197.15
747.725	195.43
748.055	193.67
748.385	194.19
748.715	194.11
749.045	194.66
749.375	195.84
749.705	193.26
750.035	191.67
750.365	194.52
750.695	191.99
751.024	192.56
751.354	201.72
751.684	205.78
752.013	208.45
752.343	212.03
752.673	212.53
753.002	215.02
753.331	217.24
753.661	215.47
753.990	209.21
754.320	207.43
754.649	208.14
754.978	210.01
755.307	208.45
755.636	207.64
755.965	203.94
756.294	202.84
756.623	203.77
756.952	199.20
757.281	197.53
757.610	199.37
757.939	204.55
758.267	212.66
758.596	215.50
758.925	213.21
759.253	214.30
759.582	215.16
759.910	212.79
760.239	207.34
760.567	199.43
760.896	193.57
761.224	194.35
761.552	192.07
761.881	192.09
762.209	190.56
762.537	189.47
762.865	189.05
763.193	187.94
763.521	190.14
763.849	193.24
764.177	198.21
764.505	203.54
764.832	211.41
765.160	217.18
765.488	218.97
765.815	219.82
766.143	219.27
766.471	215.23
766.798	207.56
767.126	198.90
767.453	191.69
767.780	190.77
768.108	192.83
768.435	195.32
768.762	192.68
769.089	190.68
769.417	192.25
769.744	196.24
770.071	201.27
770.398	200.49
770.725	199.60
771.052	202.01
771.378	203.86
771.705	206.04
772.032	205.68
772.359	206.60
772.685	206.81
773.012	205.05
773.338	200.71
773.665	201.96
773.991	200.71
774.318	206.10
774.644	207.39
774.971	203.06
775.297	211.27
775.623	216.47
775.949	214.76
776.275	211.16
776.601	198.63
776.927	192.35
777.253	193.51
777.579	186.89
777.905	186.78
778.231	190.56
778.557	194.74
778.883	200.91
779.208	204.29
779.534	205.65
779.860	208.25
780.185	209.19
780.511	212.12
780.836	214.84
781.162	209.30
781.487	208.14
781.812	209.59
782.138	206.26
782.463	202.03
782.788	200.62
783.113	201.49
783.438	202.77
783.763	204.09
784.088	203.47
784.413	209.59
784.738	214.08
785.063	212.83
785.388	211.41
785.712	213.09
786.037	214.38
786.362	212.19
786.686	212.22
787.011	216.36
787.335	216.49
787.660	215.25
787.984	213.84
788.308	215.24
788.633	217.44
788.957	214.25
789.281	210.25
789.605	211.49
789.930	212.05
790.254	212.79
790.578	214.01
790.902	212.02
791.225	210.42
791.549	207.21
791.873	205.98
792.197	205.90
792.521	204.38
792.844	200.81
793.168	200.64
793.492	203.05
793.815	204.11
794.139	202.95
794.462	204.41
794.785	209.78
795.109	207.46
795.432	207.49
795.755	208.09
796.078	206.42
796.401	210.32
796.725	212.38
797.048	216.02
797.371	222.30
797.694	222.04
798.016	221.32
798.339	225.02
798.662	227.77
798.985	225.40
799.308	216.49
799.630	215.69
799.953	217.33
800.275	218.92
800.598	217.75
800.920	215.77
801.243	216.62
801.565	219.51
801.887	219.83
802.210	219.86
802.532	218.73
802.854	219.16
803.176	220.89
803.498	219.17
803.820	221.15
804.142	226.58
804.464	228.35
804.786	231.61
805.108	232.41
805.429	231.48
805.751	235.12
806.073	235.06
806.394	231.85
806.716	231.47
807.038	229.30
807.359	226.27
807.680	226.65
808.002	229.11
808.323	228.19
808.644	226.68
808.966	230.32
809.287	233.20
809.608	239.65
809.929	244.39
810.250	249.09
810.571	253.09
810.892	254.87
811.213	253.92
811.534	254.65
811.854	256.84
812.175	258.99
812.496	256.82
812.816	254.29
813.137	257.10
813.458	257.67
813.778	258.42
814.098	260.67
814.419	257.16
814.739	261.52
815.059	268.15
815.380	270.91
815.700	278.11
816.020	282.50
816.340	287.44
816.660	294.85
816.980	297.59
817.300	300.78
817.620	307.65
817.940	314.45
818.260	316.37
818.579	318.37
818.899	320.18
819.219	322.95
819.538	323.98
819.858	322.51
820.177	321.13
820.497	320.67
820.816	325.15
821.135	329.26
821.455	330.42
821.774	336.93
822.093	337.53
822.412	340.02
822.731	345.60
823.050	347.18
823.369	348.97
823.688	354.40
824.007	355.50
824.326	358.74
824.645	359.84
824.963	358.91
825.282	357.54
825.601	365.06
825.919	368.93
826.238	367.03
826.556	359.91
826.875	356.07
827.193	353.87
827.511	351.31
827.830	337.41
828.148	325.73
828.466	324.03
828.784	324.79
829.102	330.98
829.420	333.73
829.738	339.96
830.056	349.88
830.374	362.93
830.692	369.52
831.010	375.46
831.327	377.95
831.645	378.15
831.963	373.77
832.280	370.01
832.598	365.06
832.915	360.17
833.233	355.12
833.550	353.19
833.867	349.10
834.185	349.76
834.502	343.87
834.819	338.41
835.136	335.09
835.453	329.11
835.770	327.47
836.087	319.95
836.404	311.51
836.721	308.51
837.038	301.68
837.355	296.56
837.671	289.12
837.988	280.94
838.305	284.41
838.621	286.30
838.938	294.08
839.254	303.93
839.571	315.07
839.887	333.20
840.203	354.17
840.520	378.26
840.836	411.81
841.152	443.47
841.468	481.09
841.784	525.78
842.100	577.79
842.416	622.09
842.732	673.19
843.048	725.27
843.364	774.85
843.679	834.95
843.995	891.08
844.311	947.55
844.626	1016.92
844.942	1075.58
845.257	1133.45
845.573	1191.04
845.888	1240.48
846.203	1292.47
846.519	1341.08
846.834	1381.85
847.149	1421.81
847.464	1465.45
847.779	1495.91
848.094	1528.18
848.409	1556.53
848.724	1577.38
849.039	1596.50
849.354	1607.33
849.669	1625.36
849.983	1634.15
850.298	1629.12
850.613	1631.74
850.927	1615.82
851.242	1633.55
851.556	1627.65
851.871	1626.54
852.185	1624.85
852.499	1644.69
852.814	1660.67
853.128	1670.18
853.442	1679.60
853.756	1696.67
854.070	1717.45
854.384	1729.46
854.698	1737.19
855.012	1762.18
855.326	1777.99
855.640	1796.70
855.953	1813.61
856.267	1821.91
856.581	1824.11
856.894	1815.04
857.208	1778.64
857.521	1738.64
857.835	1699.65
858.148	1642.77
858.461	1576.37
858.775	1509.81
859.088	1438.25
859.401	1369.26
859.714	1302.87
860.027	1242.84
860.340	1193.27
860.653	1148.40
860.966	1126.69
861.279	1116.36
861.592	1127.24
861.904	1164.39
862.217	1226.76
862.530	1319.13
862.842	1430.02
863.155	1569.01
863.467	1740.70
863.780	1933.25
864.092	2148.62
864.405	2380.85
864.717	2630.52
865.029	2905.87
865.341	3190.42
865.653	3483.72
865.966	3782.41
866.278	4086.54
866.589	4383.47
866.901	4695.36
867.213	4970.55
867.525	5223.03
867.837	5486.82
868.149	5715.43
868.460	5936.66
868.772	6165.56
869.083	6362.73
869.395	6574.58
869.706	6763.97
870.018	6938.95
870.329	7154.89
870.640	7310.52
870.952	7492.58
871.263	7674.75
871.574	7909.67
871.885	8076.66
872.196	8293.06
872.507	8472.26
872.818	8661.98
873.129	8795.64
873.440	8925.53
873.750	9016.73
874.061	9076.31
874.372	9142.64
874.682	9159.51
874.993	9141.47
875.303	9106.00
875.614	9061.29
875.924	8966.02
876.235	8836.15
876.545	8674.52
876.855	8526.67
877.165	8314.26
877.475	8096.41
877.786	7833.32
878.096	7564.23
878.406	7258.41
878.715	6930.31
879.025	6623.81
879.335	6303.36
879.645	6052.45
879.955	5786.02
880.264	5515.08
880.574	5265.27
880.883	5043.65
881.193	4850.66
881.502	4692.36
881.812	4569.09
882.121	4463.74
882.430	4404.44
882.740	4376.19
883.049	4402.35
883.358	4472.57
883.667	4540.53
883.976	4631.35
884.285	4775.86
884.594	4953.40
884.903	5146.53
885.212	5358.12
885.520	5623.52
885.829	5907.96
886.138	6258.90
886.446	6646.61
886.755	7081.79
887.063	7585.42
887.372	8123.61
887.680	8743.99
887.988	9441.03
888.297	10175.07
888.605	11077.88
888.913	11994.78
889.221	12988.53
889.529	14235.99
889.837	15411.97
890.145	16784.29
890.453	18232.06
890.761	19889.03
891.069	21591.23
891.377	23294.11
891.684	25115.88
891.992	26773.76
892.299	28527.88
892.607	30232.69
892.914	31812.19
893.222	33416.23
893.529	34892.35
893.837	36301.91
894.144	37624.84
894.451	38808.64
894.758	39758.43
895.065	40593.99
895.372	41511.19
895.679	42023.54
895.986	42537.03
896.293	42849.73
896.600	42909.00
896.907	42709.74
897.213	42299.36
897.520	41823.99
897.827	41382.63
898.133	40716.18
898.440	39787.88
898.746	39010.25
899.053	37903.67
899.359	36868.98
899.665	35715.10
899.972	34498.53
900.278	33107.48
900.584	31836.67
900.890	30452.70
901.196	29067.77
901.502	27678.11
901.808	26280.86
902.114	25127.06
902.419	23971.88
902.725	22870.84
903.031	21834.16
903.337	21050.70
903.642	20396.50
903.948	19842.63
904.253	19467.37
904.559	19120.76
904.864	18989.99
905.169	19109.40
905.475	19181.74
905.780	19489.61
906.085	19902.12
906.390	20384.02
906.695	20899.65
907.000	21518.92
907.305	22056.34
907.610	22578.38
907.915	23116.87
908.219	23672.05
908.524	23976.43
908.829	24401.82
909.133	24602.35
909.438	24787.34
909.743	24764.74
910.047	24722.57
910.351	24567.01
910.656	24284.52
910.960	23958.07
911.264	23442.14
911.568	22732.55
911.873	22108.82
912.177	21357.04
912.481	20552.88
912.785	19488.32
913.088	18700.97
913.392	17684.91
913.696	16858.10
914.000	15970.63
914.304	15152.35
914.607	14328.22
914.911	13688.00
915.214	13047.67
915.518	12415.34
915.821	11930.03
916.124	11385.66
916.428	10987.42
916.731	10659.80
917.034	10313.91
917.337	10087.26
917.640	9888.62
917.943	9674.51
918.246	9500.15
918.549	9459.30
918.852	9451.54
919.155	9570.37
919.458	9757.80
919.760	10121.56
920.063	10582.54
920.366	11172.78
920.668	11946.04
920.971	12804.02
921.273	13813.99
921.576	15021.03
921.878	16274.40
922.180	17754.63
922.482	19306.22
922.784	21077.59
923.087	22893.22
923.389	25014.71
923.691	27180.25
923.992	29495.00
924.294	32183.47
924.596	34487.05
924.898	37204.03
925.200	39633.65
925.501	42095.75
925.803	44313.26
926.104	46112.57
926.406	47773.36
926.707	49293.66
927.009	50245.18
927.310	51174.11
927.611	52061.41
927.912	52577.20
928.214	52873.07
928.515	53258.53
928.816	53582.16
929.117	53402.04
929.418	53478.91
929.719	53432.74
930.019	53444.25
930.320	53291.17
930.621	52962.92
930.922	52661.06
931.222	52208.86
931.523	51899.76
931.823	51423.93
932.124	50976.68
932.424	50437.57
932.724	50060.24
933.025	50135.10
933.325	50167.20
933.625	50158.42
933.925	50416.83
934.225	50838.63
934.525	50911.48
934.825	50943.15
935.125	51200.83
935.425	51068.05
935.724	51113.99
936.024	50752.97
936.324	50346.49
936.623	50179.25
936.923	49619.91
937.222	49362.92
937.522	48908.17
937.821	48093.23
938.120	47757.94
938.420	47323.48
938.719	46827.06
939.018	45858.36
939.317	45349.14
939.616	44692.26
939.915	43730.67
940.214	42765.47
940.513	41819.99
940.812	41449.53
941.111	41050.85
941.409	40768.07
941.708	40895.45
942.006	41133.00
942.305	41568.27
942.603	41964.53
942.902	42721.04
943.200	43343.61
943.499	44248.91
943.797	45302.99
944.095	46403.15
944.393	47817.14
944.691	48963.87
944.989	50103.79
945.287	51125.93
945.585	52019.14
945.883	53121.63
946.181	53792.54
946.479	54598.59
946.776	55360.24
947.074	56366.10
947.371	57464.26
947.669	58116.07
947.966	58950.12
948.264	59503.93
948.561	60516.07
948.858	60638.02
949.156	61027.49
949.453	61061.79
949.750	61205.94
950.047	61470.70
950.344	61310.96
950.641	60924.05
950.938	60683.05
951.235	60613.73
951.532	60055.17
951.828	59690.84
952.125	58909.43
952.422	57920.98
952.718	56797.58
953.015	55326.52
953.311	53637.30
953.607	51798.40
953.904	49491.78
954.200	47179.93
954.496	44589.75
954.792	42059.69
955.089	39214.39
955.385	36295.80
955.681	33651.99
955.976	30880.25
956.272	28180.05
956.568	25560.33
956.864	22959.94
957.160	20656.13
957.455	18303.61
957.751	16259.00
958.046	14393.57
958.342	12752.46
958.637	11329.12
958.933	10175.07
959.228	9369.84
959.523	8744.09
959.818	8457.35
960.114	8452.10
960.409	8727.79
960.704	9357.29
960.999	10328.29
961.294	11643.72
961.588	13261.46
961.883	15186.31
962.178	17423.93
962.473	19951.18
962.767	22555.85
963.062	25305.49
963.356	28352.75
963.651	31191.37
963.945	34556.96
964.239	37756.37
964.534	40713.13
964.828	43668.26
965.122	46466.26
965.416	48876.27
965.710	51093.92
966.004	52807.01
966.298	54223.80
966.592	55240.51
966.886	56116.88
967.180	57101.11
967.473	57595.02
967.767	58259.64
968.061	58549.07
968.354	58758.99
968.648	58669.40
968.941	58372.08
969.234	58030.32
969.528	57454.36
969.821	56540.41
970.114	55626.90
970.407	54816.77
970.700	53605.50
970.993	52415.28
971.286	50795.16
971.579	49145.54
971.872	47275.73
972.165	45237.39
972.457	43114.56
972.750	40792.88
973.043	38537.90
973.335	36532.21
973.628	34560.39
973.920	32359.23
974.213	30561.51
974.505	28772.42
974.797	26880.33
975.089	25285.80
975.382	23481.89
975.674	21875.35
975.966	20520.56
976.258	19440.80
976.550	18372.88
976.841	17533.31
977.133	16819.72
977.425	16023.69
977.717	15472.78
978.008	14791.69
978.300	14172.44
978.591	13557.88
978.883	13052.90
979.174	12627.89
979.465	12225.86
979.757	11792.65
980.048	11377.28
980.339	11042.04
980.630	10579.70
980.921	10270.17
981.212	9863.49
981.503	9507.05
981.794	9165.92
982.085	8773.50
982.376	8408.51
982.666	8022.68
982.957	7644.65
983.248	7207.62
983.538	6775.51
983.828	6394.00
984.119	5951.11
984.409	5583.81
984.700	5240.16
984.990	4918.74
985.280	4601.96
985.570	4306.14
985.860	4043.11
986.150	3800.46
986.440	3575.44
986.730	3387.93
987.020	3211.11
987.309	3074.62
987.599	2959.23
987.889	2846.48
988.178	2754.81
988.468	2668.01
988.757	2602.34
989.047	2536.00
989.336	2498.44
989.625	2461.25
989.915	2423.35
990.204	2404.10
990.493	2416.46
990.782	2408.13
991.071	2383.34
991.360	2367.58
991.649	2337.06
991.938	2296.41
992.226	2261.98
992.515	2232.78
992.804	2189.32
993.092	2135.07
993.381	2069.64
993.669	2015.07
993.958	1945.18
994.246	1884.28
994.534	1817.50
994.823	1740.31
995.111	1669.86
995.399	1610.69
995.687	1535.05
995.975	1461.33
996.263	1394.05
996.551	1328.46
996.839	1261.97
997.126	1203.25
997.414	1142.22
997.702	1088.40
997.989	1035.96
998.277	985.25
998.564	934.64
998.852	889.33
999.139	855.61
999.426	814.41
999.713	788.46
1000.001	764.45
1000.288	749.62
1000.575	721.85
1000.862	709.59
1001.149	682.72
1001.436	663.85
1001.722	647.04
1002.009	636.59
1002.296	617.89
1002.582	613.40
1002.869	603.93
1003.156	586.01
1003.442	576.44
1003.728	562.87
1004.015	550.54
1004.301	549.81
1004.587	534.71
1004.873	524.89
1005.160	520.90
1005.446	515.85
1005.732	518.15
1006.017	513.28
1006.303	496.90
1006.589	491.25
1006.875	488.32
1007.161	482.61
1007.446	476.03
1007.732	464.60
1008.017	454.46
1008.303	449.35
1008.588	444.71
1008.873	430.28
1009.159	425.10
1009.444	421.56
1009.729	418.66
1010.014	414.04
1010.299	406.86
1010.584	400.40
1010.869	396.67
1011.154	396.41
1011.439	387.46
1011.723	376.10
1012.008	368.54
1012.293	359.36
1012.577	359.12
1012.862	355.49
1013.146	348.13
1013.430	345.50
1013.715	343.47
1013.999	348.81
1014.283	347.84
1014.567	342.22
1014.851	333.90
1015.135	335.99
1015.419	333.90
1015.703	337.04
1015.987	327.82
1016.271	327.12
1016.555	321.11
1016.838	321.43
1017.122	320.45
1017.405	321.75
1017.689	320.79
1017.972	321.07
1018.256	315.23
1018.539	313.82
1018.822	314.81
1019.105	310.37
1019.388	303.25
1019.671	300.20
1019.954	304.73
1020.237	307.13
1020.520	312.23
1020.803	311.24
1021.086	310.27
1021.368	315.90
1021.651	315.36
1021.934	314.63
1022.216	315.74
