339.735	89.17
340.108	68.76
340.482	59.29
340.855	46.18
341.228	31.11
341.602	13.57
341.975	-2.35
342.348	-12.68
342.721	-15.91
343.094	-21.4
343.468	-16.67
343.841	-17.74
344.214	-12.25
344.587	-12.68
344.96	-4.18
345.333	3.35
345.706	7.22
346.079	12.71
346.452	22.4
346.824	27.78
347.197	39.72
347.57	44.78
347.943	56.51
348.316	68.78
348.688	78.57
349.061	87.18
349.434	97.19
349.806	104.5
350.179	111.93
350.552	112.9
350.924	117.2
351.297	122.91
351.669	127.32
352.042	131.08
352.414	135.71
352.787	138.4
353.159	140.98
353.531	147.87
353.904	150.35
354.276	147.55
354.648	152.28
355.02	152.39
355.393	156.26
355.765	160.57
356.137	159.28
356.509	160.25
356.881	166.81
357.253	162.18
357.625	158.42
357.997	158.63
358.369	160.78
358.741	157.88
359.113	154.65
359.485	163.37
359.857	168.75
360.229	171.65
360.6	177.57
360.972	176.17
361.344	178.76
361.716	176.28
362.087	159.17
362.459	150.56
362.831	151.53
363.202	137.65
363.574	140.55
363.945	141.31
364.317	138.94
364.688	144.86
365.06	145.07
365.431	139.48
365.803	139.48
366.174	135.5
366.545	129.9
366.917	130.65
367.288	128.29
367.659	124.63
368.03	124.73
368.402	129.79
368.773	125.06
369.144	129.9
369.515	133.45
369.886	136.68
370.257	144.75
370.628	149.7
370.999	148.41
371.37	153.47
371.741	150.24
372.112	148.84
372.483	145.61
372.853	138.62
373.224	132.81
373.595	134.53
373.966	134.1
374.336	137.22
374.707	137.65
375.078	139.69
375.448	165.41
375.819	172.08
376.19	173.7
376.56	174.88
376.931	175.2
377.301	171.33
377.671	169.18
378.042	147.23
378.412	143.57
378.783	145.83
379.153	147.87
379.523	146.47
379.893	153.79
380.264	152.28
380.634	151.1
381.004	151.53
381.374	144.53
381.744	142.38
382.114	146.69
382.484	143.46
382.854	146.79
383.224	153.14
383.594	154.54
383.964	156.69
384.334	152.07
384.704	154.65
385.074	155.4
385.444	153.9
385.814	150.78
386.183	153.79
386.553	155.94
386.923	160.46
387.292	153.9
387.662	159.39
388.032	161.11
388.401	160.46
388.771	155.94
389.14	155.62
389.51	159.92
389.879	162.18
390.248	155.08
390.618	156.26
390.987	152.61
391.356	153.47
391.726	151.85
392.095	143.78
392.464	139.15
392.833	142.17
393.203	136.14
393.572	141.95
393.941	145.4
394.31	145.4
394.679	147.01
395.048	153.36
395.417	148.09
395.786	162.18
396.155	159.49
396.524	188.55
396.893	187.58
397.261	183.38
397.63	180.26
397.999	185.53
398.368	180.48
398.736	183.92
399.105	164.77
399.474	167.13
399.842	169.72
400.211	171.44
400.579	168.64
400.948	166.38
401.317	163.9
401.685	148.95
402.053	150.35
402.422	153.57
402.79	147.87
403.158	152.93
403.527	146.26
403.895	145.4
404.263	150.56
404.632	145.61
405	148.19
405.368	144.86
405.736	138.72
406.104	142.17
406.472	139.37
406.84	135.6
407.208	139.37
407.576	143.14
407.944	149.81
408.312	153.04
408.68	154.44
409.048	155.73
409.415	156.91
409.783	159.06
410.151	152.39
410.519	160.14
410.886	161.21
411.254	160.57
411.622	158.31
411.989	160.68
412.357	158.31
412.724	157.99
413.092	144.97
413.459	142.06
413.827	139.69
414.194	145.93
414.561	140.98
414.929	139.69
415.296	140.98
415.663	152.71
416.03	154.22
416.398	150.88
416.765	146.9
417.132	143.67
417.499	147.44
417.866	142.71
418.233	136.03
418.6	136.46
418.967	141.09
419.334	139.26
419.701	144.64
420.068	139.8
420.435	144
420.802	145.29
421.168	146.9
421.535	154.54
421.902	161.43
422.269	161.43
422.635	163.37
423.002	165.73
423.369	170.9
423.735	172.08
424.102	165.84
424.468	160.35
424.835	161
425.201	158.31
425.567	156.59
425.934	154
426.3	150.88
426.667	157.34
427.033	161.32
427.399	157.77
427.765	159.39
428.131	157.66
428.498	156.37
428.864	160.35
429.23	156.37
429.596	158.95
429.962	159.17
430.328	164.87
430.694	170.15
431.06	165.41
431.426	161
431.792	156.8
432.157	156.37
432.523	162.72
432.889	155.19
433.255	157.13
433.62	161.32
433.986	161.43
434.352	162.18
434.717	155.83
435.083	150.88
435.448	158.52
435.814	157.88
436.179	158.09
436.545	162.72
436.91	162.18
437.276	158.74
437.641	159.39
438.006	159.92
438.372	157.88
438.737	157.77
439.102	152.28
439.467	155.51
439.832	161.54
440.197	162.61
440.563	165.52
440.928	162.18
441.293	166.7
441.658	176.17
442.023	179.08
442.387	180.8
442.752	187.58
443.117	183.06
443.482	186.5
443.847	183.27
444.212	179.94
444.576	180.91
444.941	184.35
445.306	184.14
445.67	186.4
446.035	186.29
446.399	184.14
446.764	181.12
447.128	179.83
447.493	178
447.857	177.89
448.222	177.03
448.586	180.91
448.95	181.98
449.315	186.4
449.679	186.18
450.043	188.66
450.407	185
450.772	188.66
451.136	186.07
451.5	187.69
451.864	187.26
452.228	190.05
452.592	188.87
452.956	190.05
453.32	186.29
453.684	193.5
454.047	196.3
454.411	202.97
454.775	202.11
455.139	196.83
455.503	193.61
455.866	194.68
456.23	192.64
456.594	184.78
456.957	180.26
457.321	176.93
457.684	182.41
458.048	188.01
458.411	190.38
458.775	183.06
459.138	193.17
459.501	189.3
459.865	191.56
460.228	195.97
460.591	200.82
460.955	195.65
461.318	196.3
461.681	189.95
462.044	193.07
462.407	186.5
462.77	185.86
463.133	179.29
463.496	179.51
463.859	182.2
464.222	183.6
464.585	183.81
464.948	191.24
465.311	187.04
465.674	190.27
466.036	194.47
466.399	204.58
466.762	207.49
467.124	204.47
467.487	207.27
467.85	207.7
468.212	202.86
468.575	200.92
468.937	189.3
469.3	187.15
469.662	188.55
470.024	182.52
470.387	183.49
470.749	197.37
471.111	195.22
471.474	194.14
471.836	195.33
472.198	191.35
472.56	192.31
472.922	192.96
473.284	174.67
473.646	180.15
474.008	183.6
474.37	185.86
474.732	184.57
475.094	186.29
475.456	181.88
475.818	187.36
476.18	183.38
476.542	179.62
476.903	174.45
477.265	177.14
477.627	172.19
477.988	177.03
478.35	174.77
478.711	172.41
479.073	171.33
479.435	174.13
479.796	176.6
480.157	177.57
480.519	174.02
480.88	175.63
481.241	180.58
481.603	180.8
481.964	180.37
482.325	181.12
482.686	178.22
483.048	182.84
483.409	183.81
483.77	181.23
484.131	183.6
484.492	182.41
484.853	179.29
485.214	184.24
485.575	183.71
485.936	190.7
486.296	192.1
486.657	191.24
487.018	184.89
487.379	185.64
487.739	192.42
488.1	193.39
488.461	187.58
488.821	180.91
489.182	182.2
489.542	188.01
489.903	202.64
490.263	199.42
490.624	199.63
490.984	195.33
491.345	202.54
491.705	203.51
492.065	205.66
492.425	188.87
492.786	182.95
493.146	180.8
493.506	182.41
493.866	179.51
494.226	179.08
494.586	180.48
494.946	181.45
495.306	185.32
495.666	188.12
496.026	200.49
496.386	214.05
496.746	215.34
497.106	217.93
497.465	223.84
497.825	223.84
498.185	225.03
498.544	222.66
498.904	207.81
499.264	207.59
499.623	208.24
499.983	205.66
500.342	205.12
500.702	203.83
501.061	203.94
501.42	204.04
501.78	202.64
502.139	201.57
502.498	202.32
502.858	209.42
503.217	204.26
503.576	206.2
503.935	217.17
504.294	217.6
504.653	213.62
505.012	213.08
505.371	211.04
505.73	214.91
506.089	207.27
506.448	200.6
506.807	197.48
507.166	203.29
507.524	208.99
507.883	205.87
508.242	203.83
508.601	207.59
508.959	204.58
509.318	210.07
509.676	208.56
510.035	204.9
510.393	204.15
510.752	205.66
511.11	199.52
511.469	206.3
511.827	214.05
512.185	215.99
512.544	219.11
512.902	224.49
513.26	224.06
513.618	229.98
513.976	228.79
514.334	223.52
514.692	218.14
515.05	217.93
515.408	222.88
515.766	226
516.124	227.83
516.482	223.63
516.84	214.91
517.198	219.54
517.556	218.03
517.913	217.6
518.271	218.89
518.629	220.29
518.986	233.31
519.344	246.44
519.701	248.16
520.059	251.72
520.416	246.12
520.774	243.86
521.131	243
521.489	236.65
521.846	235.04
522.203	232.99
522.561	235.79
522.918	235.9
523.275	240.2
523.632	237.4
523.989	238.48
524.346	239.66
524.703	247.63
525.06	249.24
525.417	255.16
525.774	254.94
526.131	260.97
526.488	265.27
526.845	263.01
527.202	258.82
527.559	256.56
527.915	256.34
528.272	256.77
528.629	253.11
528.985	252.47
529.342	252.68
529.698	254.51
530.055	252.25
530.411	248.81
530.768	247.95
531.124	251.28
531.48	249.24
531.837	252.47
532.193	252.58
532.549	257.2
532.906	254.51
533.262	260
533.618	260.54
533.974	258.28
534.33	254.84
534.686	252.04
535.042	253.33
535.398	259.36
535.754	256.67
536.11	255.91
536.466	259.68
536.821	257.53
537.177	257.96
537.533	252.47
537.889	249.78
538.244	249.35
538.6	245.8
538.955	243.32
539.311	245.69
539.667	247.52
540.022	248.92
540.377	251.18
540.733	253.01
541.088	254.41
541.444	252.15
541.799	249.13
542.154	249.02
542.509	246.55
542.864	245.47
543.22	245.15
543.575	243.86
543.93	247.2
544.285	256.23
544.64	261.51
544.995	263.12
545.35	265.27
545.705	262.37
546.059	267.1
546.414	267.96
546.769	266.46
547.124	261.08
547.478	269.04
547.833	267.43
548.188	268.5
548.542	266.78
548.897	262.8
549.251	262.58
549.606	260.54
549.96	258.17
550.315	256.56
550.669	253.01
551.023	246.23
551.378	247.52
551.732	248.81
552.086	251.72
552.44	248.49
552.794	248.06
553.148	254.19
553.502	259.25
553.856	263.34
554.21	259.89
554.564	262.69
554.918	258.93
555.272	262.69
555.626	256.99
555.98	298.31
556.334	300.57
556.687	303.15
557.041	297.77
557.395	306.92
557.748	307.03
558.102	312.95
558.455	275.28
558.809	275.82
559.162	272.16
559.516	276.36
559.869	265.49
560.222	268.72
560.576	272.27
560.929	277.86
561.282	277.22
561.635	276.25
561.988	283.68
562.342	287.44
562.695	287.87
563.048	287.23
563.401	277.43
563.754	271.3
564.107	281.52
564.459	272.48
564.812	275.28
565.165	273.13
565.518	268.83
565.871	271.95
566.223	279.8
566.576	272.05
566.929	272.16
567.281	277.33
567.634	280.77
567.986	285.83
568.339	290.02
568.691	287.76
569.044	291.85
569.396	295.73
569.748	288.52
570.1	288.41
570.453	280.34
570.805	283.68
571.157	291.53
571.509	292.82
571.861	291.42
572.213	290.56
572.565	292.28
572.917	304.66
573.269	301
573.621	299.71
573.973	302.51
574.325	307.78
574.677	314.88
575.028	312.19
575.38	311.65
575.732	312.95
576.083	310.69
576.435	310.26
576.786	300.68
577.138	301.22
577.489	296.16
577.841	293.68
578.192	295.62
578.543	297.77
578.895	290.56
579.246	296.59
579.597	299.39
579.948	302.18
580.3	293.58
580.651	294.76
581.002	291.75
581.353	294.22
581.704	299.17
582.055	294.54
582.406	294.76
582.757	304.23
583.107	299.6
583.458	298.31
583.809	301
584.16	298.31
584.51	298.42
584.861	300.03
585.212	296.27
585.562	304.55
585.913	301.86
586.263	300.36
586.614	293.79
586.964	291.53
587.315	284.21
587.665	286.9
588.015	276.14
588.365	280.45
588.716	280.34
589.066	277.97
589.416	278.83
589.766	284.54
590.116	286.58
590.466	293.15
590.816	290.78
591.166	292.18
591.516	295.84
591.866	299.28
592.216	310.26
592.566	303.69
592.915	302.51
593.265	300.14
593.615	298.1
593.964	291.21
594.314	290.02
594.663	281.31
595.013	282.38
595.362	284
595.712	287.44
596.061	286.15
596.411	286.26
596.76	280.77
597.109	283.46
597.458	285.18
597.808	279.05
598.157	285.18
598.506	286.47
598.855	292.07
599.204	304.01
599.553	306.7
599.902	303.05
600.251	303.48
600.6	299.49
600.949	305.41
601.297	304.44
601.646	298.31
601.995	289.59
602.344	294.87
602.692	300.89
603.041	294.22
603.389	291.1
603.738	292.82
604.086	289.27
604.435	286.37
604.783	281.85
605.132	273.78
605.48	277.33
605.828	275.17
606.177	279.37
606.525	280.55
606.873	286.8
607.221	290.56
607.569	289.81
607.917	288.52
608.265	291.85
608.613	291.75
608.961	290.78
609.309	289.92
609.657	286.69
610.005	284.54
610.352	285.51
610.7	276.14
611.048	273.78
611.395	275.07
611.743	274.31
612.091	274.53
612.438	278.62
612.786	284.43
613.133	287.12
613.48	284.64
613.828	280.66
614.175	278.3
614.522	275.07
614.87	277.11
615.217	271.19
615.564	278.4
615.911	282.38
616.258	289.92
616.605	296.37
616.952	303.48
617.299	308.96
617.646	314.34
617.993	311.98
618.34	312.62
618.687	309.83
619.033	331.24
619.38	330.59
619.727	324.68
620.073	314.99
620.42	311.44
620.767	318.76
621.113	315.74
621.459	290.78
621.806	293.25
622.152	298.53
622.499	297.77
622.845	309.07
623.191	297.88
623.537	304.77
623.884	305.84
624.23	302.29
624.576	294.65
624.922	299.6
625.268	289.49
625.614	290.78
625.96	285.61
626.306	282.38
626.652	276.25
626.998	275.6
627.343	273.02
627.689	275.5
628.035	276.04
628.38	273.02
628.726	276.79
629.072	283.46
629.417	281.31
629.763	278.94
630.108	273.24
630.453	274.1
630.799	276.79
631.144	274.74
631.489	269.15
631.835	270.55
632.18	272.91
632.525	274.64
632.87	267.53
633.215	266.67
633.56	265.7
633.905	263.44
634.25	267
634.595	266.57
634.94	263.77
635.285	264.84
635.63	263.01
635.974	265.27
636.319	260.22
636.664	252.79
637.008	255.05
637.353	256.34
637.698	255.37
638.042	254.41
638.387	251.18
638.731	255.48
639.075	255.91
639.42	254.94
639.764	256.45
640.108	255.48
640.452	260.65
640.797	259.46
641.141	266.03
641.485	268.29
641.829	264.52
642.173	258.71
642.517	261.62
642.861	253.01
643.205	252.04
643.549	250.85
643.892	250.32
644.236	254.73
644.58	257.2
644.923	256.88
645.267	260.65
645.611	254.73
645.954	254.94
646.298	258.93
646.641	257.31
646.985	254.3
647.328	252.58
647.671	249.67
648.015	255.48
648.358	248.06
648.701	240.42
649.044	237.51
649.387	239.66
649.731	237.08
650.074	240.2
650.417	239.34
650.76	241.06
651.102	240.2
651.445	235.68
651.788	234.93
652.131	241.06
652.474	239.56
652.816	237.94
653.159	243
653.502	246.55
653.844	246.98
654.187	241.06
654.529	237.62
654.872	235.9
655.214	239.45
655.557	244.51
655.899	245.15
656.241	247.95
656.583	245.58
656.926	245.58
657.268	243.54
657.61	237.62
657.952	229.65
658.294	233.85
658.636	234.5
658.978	246.44
659.32	243.32
659.662	242.78
660.004	238.8
660.345	234.5
660.687	220.51
661.029	216.96
661.371	213.84
661.712	214.27
662.054	214.7
662.395	217.71
662.737	220.72
663.078	225.46
663.42	226.86
663.761	222.66
664.102	227.72
664.444	226.32
664.785	227.07
665.126	219.75
665.467	226.75
665.808	225.78
666.149	230.95
666.49	227.4
666.831	228.15
667.172	237.94
667.513	243.32
667.854	237.73
668.195	241.17
668.535	232.67
668.876	235.68
669.217	237.4
669.557	226.75
669.898	227.5
670.239	228.04
670.579	229.22
670.92	232.78
671.26	227.5
671.6	223.52
671.941	234.71
672.281	231.91
672.621	230.3
672.961	220.62
673.302	218.36
673.642	221.91
673.982	222.66
674.322	212.22
674.662	212.01
675.002	217.71
675.342	226.96
675.682	232.88
676.021	226.53
676.361	226.53
676.701	272.59
677.041	275.6
677.38	271.19
677.72	270.76
678.059	266.67
678.399	271.84
678.738	272.48
679.078	225.78
679.417	225.14
679.756	223.31
680.096	216.2
680.435	211.58
680.774	210.18
681.113	214.7
681.453	216.96
681.792	218.46
682.131	220.19
682.47	223.09
682.809	231.38
683.148	227.29
683.486	222.12
683.825	218.89
684.164	215.77
684.503	208.56
684.841	208.13
685.18	201.89
685.519	203.18
685.857	198.23
686.196	194.68
686.534	190.38
686.873	193.61
687.211	196.3
687.549	197.37
687.888	198.56
688.226	205.01
688.564	204.04
688.902	204.69
689.24	205.98
689.578	197.26
689.917	193.93
690.255	188.98
690.592	188.55
690.93	191.13
691.268	191.99
691.606	187.58
691.944	216.31
692.282	221.8
692.619	229.76
692.957	233.53
693.294	238.69
693.632	233.53
693.97	239.88
694.307	213.3
694.644	210.18
694.982	255.37
695.319	260.32
695.656	255.05
695.994	261.29
696.331	259.46
696.668	265.92
697.005	266.03
697.342	220.19
697.679	216.53
698.016	216.1
698.353	215.02
698.69	213.73
699.027	214.91
699.364	219.75
699.7	213.62
700.037	200.28
700.374	201.57
700.71	200.06
701.047	196.4
701.384	185.75
701.72	178.97
702.057	181.88
702.393	185.53
702.729	187.69
703.066	185.75
703.402	189.52
703.738	197.05
704.074	197.48
704.41	199.42
704.747	199.2
705.083	192.96
705.419	191.99
705.755	194.47
706.091	191.02
706.426	192.53
706.762	188.87
707.098	189.62
707.434	187.15
707.769	184.03
708.105	176.93
708.441	173.27
708.776	179.4
709.112	179.83
709.447	176.28
709.783	181.01
710.118	187.26
710.453	191.13
710.789	195
711.124	188.22
711.459	190.27
711.794	193.07
712.129	190.7
712.464	196.08
712.799	198.99
713.134	200.38
713.469	207.92
713.804	206.84
714.139	206.95
714.474	208.67
714.809	206.52
715.143	201.03
715.478	194.57
715.813	181.23
716.147	178.43
716.482	174.56
716.816	172.41
717.151	170.04
717.485	169.82
717.819	175.74
718.154	183.92
718.488	183.6
718.822	190.05
719.156	190.38
719.491	189.3
719.825	191.13
720.159	188.87
720.493	191.78
720.827	191.45
721.161	189.41
721.494	191.02
721.828	193.17
722.162	188.98
722.496	187.15
722.829	182.2
723.163	190.16
723.497	192.42
723.83	197.91
724.164	198.02
724.497	210.18
724.83	212.01
725.164	212.54
725.497	208.78
725.83	200.17
726.164	195.65
726.497	198.66
726.83	195.33
727.163	199.74
727.496	204.37
727.829	197.48
728.162	201.46
728.495	199.2
728.828	189.41
729.16	188.12
729.493	183.71
729.826	177.79
730.159	184.03
730.491	189.3
730.824	192.53
731.156	201.46
731.489	200.82
731.821	203.72
732.154	206.2
732.486	202.11
732.818	201.68
733.151	199.95
733.483	192.53
733.815	185.1
734.147	183.06
734.479	181.77
734.811	180.69
735.143	177.03
735.475	175.85
735.807	179.51
736.139	184.89
736.471	183.6
736.803	180.26
737.134	181.77
737.466	182.09
737.798	188.44
738.129	188.44
738.461	185.21
738.792	186.29
739.124	189.41
739.455	186.07
739.786	190.05
740.118	187.47
740.449	192.31
740.78	200.49
741.111	203.61
741.442	208.03
741.773	210.07
742.104	207.06
742.435	206.73
742.766	200.82
743.097	197.26
743.428	191.02
743.759	182.09
744.09	183.49
744.42	182.84
744.751	180.26
745.081	180.69
745.412	177.79
745.743	183.92
746.073	188.55
746.403	188.98
746.734	187.69
747.064	185.96
747.394	182.84
747.725	186.83
748.055	184.57
748.385	184.46
748.715	184.46
749.045	186.93
749.375	190.27
749.705	195.43
750.035	195.54
750.365	196.73
750.695	192.64
751.024	189.3
751.354	191.56
751.684	196.62
752.013	198.02
752.343	203.4
752.673	196.3
753.002	200.6
753.331	208.56
753.661	209.53
753.99	204.69
754.32	205.12
754.649	197.26
754.978	202
755.307	201.57
755.636	196.73
755.965	189.3
756.294	185.43
756.623	180.26
756.952	181.23
757.281	181.12
757.61	179.4
757.939	179.29
758.267	183.27
758.596	189.3
758.925	192.96
759.253	202.75
759.582	211.79
759.91	215.56
760.239	219.11
760.567	220.19
760.896	218.89
761.224	214.8
761.552	202.75
761.881	199.74
762.209	198.23
762.537	198.02
762.865	193.71
763.193	195.11
763.521	194.79
763.849	199.74
764.177	193.71
764.505	198.23
764.832	192.53
765.16	195.33
765.488	202.97
765.815	208.67
766.143	212.01
766.471	213.41
766.798	209.96
767.126	212.44
767.453	211.9
767.78	200.49
768.108	203.29
768.435	197.05
768.762	194.36
769.089	196.51
769.417	198.99
769.744	207.06
770.071	209.42
770.398	208.56
770.725	211.58
771.052	215.24
771.378	215.99
771.705	214.7
772.032	205.23
772.359	199.95
772.685	195.54
773.012	190.05
773.338	185.64
773.665	182.63
773.991	182.31
774.318	182.63
774.644	190.05
774.971	191.99
775.297	210.93
775.623	215.13
775.949	209.21
776.275	213.84
776.601	221.58
776.927	216.31
777.253	215.13
777.579	196.51
777.905	200.28
778.231	203.94
778.557	204.58
778.883	202.97
779.208	207.16
779.534	208.03
779.86	213.3
780.185	209.32
780.511	211.15
780.836	208.78
781.162	207.81
781.487	206.41
781.812	198.99
782.138	194.79
782.463	189.3
782.788	195
783.113	193.82
783.438	191.24
783.763	186.07
784.088	189.09
784.413	190.05
784.738	195
785.063	192.96
785.388	196.94
785.712	194.9
786.037	202.43
786.362	207.27
786.686	207.06
787.011	204.8
787.335	204.37
787.66	209.32
787.984	213.08
788.308	207.16
788.633	206.3
788.957	210.72
789.281	210.61
789.605	212.01
789.93	205.01
790.254	200.49
790.578	204.47
790.902	204.9
791.225	202.11
791.549	208.67
791.873	204.04
792.197	203.94
792.521	209.1
792.844	209.75
793.168	206.3
793.492	200.28
793.815	196.94
794.139	197.8
794.462	196.62
794.785	198.77
795.109	199.42
795.432	199.52
795.755	206.09
796.078	207.16
796.401	207.49
796.725	207.27
797.048	205.87
797.371	208.35
797.694	208.56
798.016	208.99
798.339	207.7
798.662	203.51
798.985	207.16
799.308	210.61
799.63	210.5
799.953	213.19
800.275	211.9
800.598	215.34
800.92	220.83
801.243	215.56
801.565	208.03
801.887	207.59
802.21	205.44
802.532	209.1
802.854	208.13
803.176	206.41
803.498	211.58
803.82	210.18
804.142	207.49
804.464	209.32
804.786	208.24
805.108	216.63
805.429	215.88
805.751	213.3
806.073	219.11
806.394	219
806.716	229.55
807.038	223.84
807.359	208.89
807.68	213.08
808.002	217.93
808.323	211.15
808.644	213.94
808.966	204.9
809.287	210.07
809.608	218.14
809.929	221.05
810.25	219.86
810.571	228.79
810.892	227.93
811.213	237.19
811.534	242.57
811.854	246.98
812.175	245.8
812.496	250.42
812.816	251.82
813.137	256.88
813.458	258.17
813.778	253.87
814.098	253.33
814.419	256.56
814.739	254.73
815.059	255.91
815.38	256.45
815.7	258.06
816.02	267.64
816.34	272.16
816.66	274.21
816.98	280.34
817.3	282.17
817.62	295.51
817.94	295.51
818.26	300.68
818.579	306.06
818.899	308.21
819.219	310.26
819.538	322.85
819.858	321.23
820.177	329.41
820.497	329.95
820.816	334.9
821.135	343.18
821.455	349.32
821.774	349.32
822.093	345.87
822.412	350.72
822.731	353.3
823.05	347.38
823.369	348.78
823.688	347.38
824.007	343.94
824.326	343.83
824.645	335.87
824.963	333.28
825.282	340.71
825.601	334.68
825.919	334.25
826.238	332.21
826.556	362.45
826.875	363.95
827.193	360.83
827.511	352.01
827.83	352.76
828.148	349.75
828.466	351.15
828.784	321.23
829.102	321.55
829.42	325.75
829.738	332.53
830.056	335.11
830.374	344.91
830.692	350.18
831.01	359.97
831.327	367.5
831.645	374.39
831.963	384.18
832.28	390.75
832.598	390
832.915	396.34
833.233	398.17
833.55	394.08
833.867	400.76
834.185	401.51
834.502	404.74
834.819	410.01
835.136	404.85
835.453	402.26
835.77	408.29
836.087	405.71
836.404	400.54
836.721	398.07
837.038	396.77
837.355	400.86
837.671	404.09
837.988	406.14
838.305	407.64
838.621	418.19
838.938	437.24
839.254	447.89
839.571	475.76
839.887	494.49
840.203	522.25
840.52	557.01
840.836	597.04
841.152	636.75
841.468	696.04
841.784	754.37
842.1	827
842.416	901.15
842.732	982.61
843.048	1057.18
843.364	1145.85
843.679	1223.23
843.995	1310.18
844.311	1404.33
844.626	1488.06
844.942	1575.97
845.257	1663.35
845.573	1738.68
845.888	1815.09
846.203	1877.5
846.519	1928.4
846.834	1985.33
847.149	2030.31
847.464	2070.02
847.779	2099.93
848.094	2138.35
848.409	2166.97
848.724	2193.88
849.039	2207.97
849.354	2220.13
849.669	2226.91
849.983	2234.44
850.298	2220.03
850.613	2196.14
850.927	2162.45
851.242	2140.72
851.556	2108
851.871	2083.9
852.185	2058.18
852.499	2034.61
852.814	2034.93
853.128	2062.91
853.442	2064.1
853.756	2085.73
854.07	2108.76
854.384	2137.92
854.698	2190.43
855.012	2228.96
855.326	2264.04
855.64	2321.61
855.953	2383.59
856.267	2427.82
856.581	2474.2
856.894	2504.66
857.208	2544.36
857.521	2554.59
857.835	2558.03
858.148	2537.37
858.461	2538.55
858.775	2523.16
859.088	2509.28
859.401	2479.8
859.714	2463.76
860.027	2460.43
860.34	2462.47
860.653	2460.86
860.966	2492.39
861.279	2535.97
861.592	2602.26
861.904	2706.43
862.217	2834.27
862.53	2997.19
862.842	3181.42
863.155	3391.58
863.467	3629.94
863.78	3906.61
864.092	4191.46
864.405	4504.93
864.717	4845.08
865.029	5207.3
865.341	5575.98
865.653	5957.89
865.966	6322.9
866.278	6693.73
866.589	7070.26
866.901	7385.67
867.213	7727.76
867.525	8043.6
867.837	8317.58
868.149	8562.93
868.46	8791.93
868.772	8983.47
869.083	9187.07
869.395	9344.94
869.706	9481.28
870.018	9618.49
870.329	9764.73
870.64	9900.43
870.952	10041.18
871.263	10165.47
871.574	10283.95
871.885	10396.08
872.196	10512.19
872.507	10640.57
872.818	10751.3
873.129	10825.45
873.44	10897.55
873.75	10954.04
874.061	10993.32
874.372	11000.85
874.682	10970.4
874.993	10930.15
875.303	10842.13
875.614	10736.35
875.924	10557.17
876.235	10382.95
876.545	10200.12
876.855	9959.83
877.165	9669.17
877.475	9402.94
877.786	9084.63
878.096	8782.46
878.406	8412.28
878.715	8025.63
879.025	7677.83
879.335	7330.36
879.645	6959.42
879.955	6628.84
880.264	6325.27
880.574	6062.59
880.883	5823.37
881.193	5587.49
881.502	5390.78
881.812	5216.99
882.121	5072.68
882.43	4952.59
882.74	4881.46
883.049	4844.22
883.358	4834.75
883.667	4873.71
883.976	4964.1
884.285	5067.19
884.594	5209.67
884.903	5368.72
885.212	5560.7
885.52	5807.66
885.829	6090.36
886.138	6401.78
886.446	6784.55
886.755	7170.88
887.063	7669.12
887.372	8238.05
887.68	8871.67
887.988	9575.76
888.297	10371.44
888.605	11288.82
888.913	12370.85
889.221	13505.39
889.529	14811.57
889.837	16185.33
890.145	17734.28
890.453	19446.91
890.761	21239.49
891.069	23117.51
891.377	25137.04
891.684	27207.58
891.992	29330.1
892.299	31362.44
892.607	33338.28
892.914	35311.76
893.222	37260.8
893.529	39087.93
893.837	40723.94
894.144	42245.23
894.451	43642.66
894.758	44856.41
895.065	45868.81
895.372	46702.69
895.679	47233.32
895.986	47782.88
896.293	48039.75
896.6	48117.66
896.907	47999.07
897.213	47768.03
897.52	47265.92
897.827	46582.27
898.133	45546.19
898.44	44549.39
898.746	43405.28
899.053	42208.97
899.359	40813.25
899.665	39374.6
899.972	37979.86
900.278	36528.84
900.584	35010.12
900.89	33480.44
901.196	31914.7
901.502	30390.07
901.808	28877.92
902.114	27427.43
902.419	26040.87
902.725	24664.85
903.031	23434.86
903.337	22347.02
903.642	21375.61
903.948	20577.68
904.253	19930.08
904.559	19514.49
904.864	19323.05
905.169	19308.2
905.475	19447.55
905.78	19802.45
906.085	20291.76
906.39	20929.25
906.695	21597.29
907	22380.16
907.305	23238.57
907.61	24054.37
907.915	24867.37
908.219	25708.03
908.524	26479.38
908.829	27157.87
909.133	27783.84
909.438	28213.1
909.743	28650.11
910.047	28867.59
910.351	28942.38
910.656	28889.76
910.96	28728.34
911.264	28452.86
911.568	28130.13
911.873	27606.39
912.177	27075.55
912.481	26490.36
912.785	25967.37
913.088	25459.12
913.392	24890.94
913.696	24317.59
914	23905.22
914.304	23509.11
914.607	23183.8
914.911	22783.16
915.214	22535.66
915.518	22343.9
915.821	22201.21
916.124	22066.15
916.428	22026.34
916.731	22008.47
917.034	22061.85
917.337	21996.31
917.64	22053.78
917.943	22144.6
918.246	22174.52
918.549	22211
918.852	22237.04
919.155	22390.39
919.458	22611.53
919.76	22896.91
920.063	23202.95
920.366	23673.21
920.668	24334.91
920.971	25141.78
921.273	26027.63
921.576	27092.66
921.878	28126.37
922.18	29535.42
922.482	31043.27
922.784	32692.4
923.087	34580.22
923.389	36634.62
923.691	38860.22
923.992	41302.45
924.294	43771.58
924.596	46374.37
924.898	48813.9
925.2	51020.14
925.501	53051.4
925.803	54906.94
926.104	56450.83
926.406	57615.29
926.707	58558.17
927.009	59340.83
927.31	59911.06
927.611	60327.19
927.912	60566.62
928.214	60726.21
928.515	60804.55
928.816	60687.68
929.117	60529.06
929.418	60382.61
929.719	60163.08
930.019	59847.89
930.32	59581.66
930.621	59220.73
930.922	58804.82
931.222	58263.32
931.523	57657.47
931.823	57057.54
932.124	56405.96
932.424	55806.24
932.724	55151.64
933.025	54683.43
933.325	54336.06
933.625	54047.99
933.925	53791.12
934.225	53614.42
934.525	53405.12
934.825	53297.62
935.125	53078.31
935.425	52673.47
935.724	52176.42
936.024	51435.63
936.324	50662.23
936.623	49824.58
936.923	48743.53
937.222	47520.21
937.522	46509.96
937.821	45405.55
938.12	44272.19
938.42	42996.89
938.719	41523.27
939.018	40348.27
939.317	39220.29
939.616	37852.13
939.915	36447.37
940.214	35317.68
940.513	34177
940.812	33259.51
941.111	32410.57
941.409	31762.86
941.708	31475.21
942.006	31446.05
942.305	31643.52
942.603	32228.6
942.902	32844.56
943.2	33655.3
943.499	34723.45
943.797	35937.73
944.095	37250.69
944.393	38695.47
944.691	40244.85
944.989	41938.22
945.287	43605.97
945.585	45081.1
945.883	46531.26
946.181	48111.96
946.479	49610.33
946.776	51107.09
947.074	52661.96
947.371	54062.08
947.669	55537.97
947.966	56881.49
948.264	58063.16
948.561	58934.06
948.858	59703.91
949.156	60216.24
949.453	60786.15
949.75	61110.16
950.047	61307.52
950.344	61485.08
950.641	61660.49
950.938	61693.63
951.235	61707.73
951.532	61532.21
951.828	61211.43
952.125	60708.99
952.422	60000.7
952.718	59152.83
953.015	58066.39
953.311	56891.39
953.607	55447.04
953.904	53839.33
954.2	52059.55
954.496	49986.75
954.792	47603.39
955.089	45019.22
955.385	42092.1
955.681	39132.37
955.976	35986.15
956.272	32936.03
956.568	29971.25
956.864	27214.26
957.16	24566.38
957.455	22154.39
957.751	19847
958.046	17849.85
958.342	15960.21
958.637	14297.83
958.933	12893.08
959.228	11852.92
959.523	11084.9
959.818	10679.96
960.114	10680.82
960.409	11106.42
960.704	11932.55
960.999	13136.07
961.294	14661.13
961.588	16636.97
961.883	19000.64
962.178	21698.23
962.473	24662.91
962.767	27732.29
963.062	30939.64
963.356	34347.56
963.651	37657.57
963.945	40846.29
964.239	44000.36
964.534	46876.48
964.828	49664.14
965.122	52132.62
965.416	54170.99
965.71	55899.65
966.004	57325.71
966.298	58386.32
966.592	59235.69
966.886	59906.32
967.18	60461.38
967.473	60943.15
967.767	61362.94
968.061	61687.93
968.354	61894.65
968.648	61915.2
968.941	61761.42
969.234	61369.18
969.528	60791.96
969.821	60064.51
970.114	59250.33
970.407	58183.15
970.7	57045.16
970.993	55754.91
971.286	54285.38
971.579	52448.14
971.872	50437.21
972.165	48091.4
972.457	45596.99
972.75	43076.63
973.043	40514.96
973.335	37920.57
973.628	35661.06
973.92	33365.61
974.213	31317.78
974.505	29386.27
974.797	27444.54
975.089	25570.5
975.382	23937.72
975.674	22295.36
975.966	20957.22
976.258	19748
976.55	18767.02
976.841	17955.74
977.133	17360.12
977.425	16863.17
977.717	16508.27
978.008	16188.99
978.3	15960.85
978.591	15815.04
978.883	15682.79
979.174	15514.27
979.465	15358.99
979.757	15222.53
980.048	15013.02
980.339	14771.97
980.63	14482.39
980.921	14219.71
981.212	13887.3
981.503	13521.21
981.794	13102.82
982.085	12656.55
982.376	12186.3
982.666	11649.53
982.957	11077.8
983.248	10507.78
983.538	9915.6
983.828	9325.46
984.119	8770.62
984.409	8217.39
984.7	7709.79
984.99	7205.1
985.28	6732.04
985.57	6305.58
985.86	5899.89
986.15	5528.63
986.44	5176.53
986.73	4843.58
987.02	4544.85
987.309	4293.36
987.599	4059.42
987.889	3872.28
988.178	3701.93
988.468	3567.42
988.757	3458.84
989.047	3387.39
989.336	3329.6
989.625	3301.51
989.915	3273.54
990.204	3268.8
990.493	3270.41
990.782	3273.97
991.071	3268.15
991.36	3264.6
991.649	3261.05
991.938	3237.06
992.226	3196.38
992.515	3145.26
992.804	3083.39
993.092	3020.65
993.381	2934.56
993.669	2833.51
993.958	2737.31
994.246	2639.92
994.534	2528.33
994.823	2429.33
995.111	2317.84
995.399	2216.9
995.687	2114.03
995.975	2010.61
996.263	1913.33
996.551	1825.42
996.839	1730.61
997.126	1633.65
997.414	1541.86
997.702	1463.09
997.989	1385.07
998.277	1311.14
998.564	1235.92
998.852	1174.16
999.139	1116.15
999.426	1068.16
999.713	1016.51
1000.001	983.36
1000.288	954.63
1000.575	932.25
1000.862	905.34
1001.149	892.11
1001.436	877.04
1001.722	860.25
1002.009	832.38
1002.296	807.85
1002.582	788.05
1002.869	764.7
1003.156	739.95
1003.442	719.82
1003.728	701.64
1004.015	692.27
1004.301	671.72
1004.587	644.17
1004.873	632.55
1005.16	619.31
1005.446	603.93
1005.732	587.25
1006.017	572.5
1006.303	560.67
1006.589	566.69
1006.875	555.61
1007.161	546.46
1007.446	537.1
1007.732	529.24
1008.017	517.51
1008.303	508.91
1008.588	490.83
1008.873	478.56
1009.159	470.7
1009.444	464.35
1009.729	461.13
1010.014	451.33
1010.299	447.03
1010.584	439.93
1010.869	434.87
1011.154	432.5
1011.439	426.91
1011.723	420.66
1012.008	415.93
1012.293	411.09
1012.577	407.11
1012.862	399.14
1013.146	394.84
1013.43	389.78
1013.715	383.54
1013.999	380.53
1014.283	376.22
1014.567	376.22
1014.851	378.05
1015.135	363.31
1015.419	355.99
1015.703	350.93
1015.987	353.73
1016.271	352.65
1016.555	348.13
1016.838	338.13
1017.122	341.79
1017.405	338.77
1017.689	341.68
1017.972	333.82
1018.256	333.07
1018.539	328.55
1018.822	333.39
1019.105	335.97
1019.388	336.19
1019.671	329.3
1019.954	324.89
1020.237	322.74
1020.52	325.75
1020.803	323.28
1021.086	319.08
1021.368	318.76
1021.651	320.42
1021.934	325.17
1022.216	323.44
