339.735	106.16
340.108	89.56
340.482	76.6
340.855	63.9
341.228	44.42
341.602	21.39
341.975	2.24
342.348	-2.93
342.721	-8.63
343.094	-11.21
343.468	-15.09
343.841	-21.76
344.214	-18.31
344.587	-17.56
344.96	-8.52
345.333	2.67
345.706	4.39
346.079	15.91
346.452	22.15
346.824	25.48
347.197	27.85
347.57	33.45
347.943	39.04
348.316	55.08
348.688	61.64
349.061	75.42
349.434	88.11
349.806	101.89
350.179	110.82
350.552	114.8
350.924	116.09
351.297	123.52
351.669	129.97
352.042	131.7
352.414	132.23
352.787	138.69
353.159	138.69
353.531	138.47
353.904	137.83
354.276	140.41
354.648	139.55
355.02	144.72
355.393	140.95
355.765	143.43
356.137	140.52
356.509	138.8
356.881	135.03
357.253	137.18
357.625	131.7
357.997	130.19
358.369	134.06
358.741	142.56
359.113	143.75
359.485	164.19
359.857	167.42
360.229	171.3
360.6	178.61
360.972	183.46
361.344	178.18
361.716	183.35
362.087	168.28
362.459	164.84
362.831	162.26
363.202	159.24
363.574	151.6
363.945	157.31
364.317	155.59
364.688	152.25
365.06	150.85
365.431	146.65
365.803	140.3
366.174	138.47
366.545	134.71
366.917	131.05
367.288	131.8
367.659	130.83
368.03	136.75
368.402	140.52
368.773	139.77
369.144	148.27
369.515	151.07
369.886	149.34
370.257	151.93
370.628	153.22
370.999	152.25
371.37	151.6
371.741	144.82
372.112	142.46
372.483	140.41
372.853	142.78
373.224	142.67
373.595	144.61
373.966	145.47
374.336	146.44
374.707	145.68
375.078	150.1
375.448	167.21
375.819	163.66
376.19	162.9
376.56	159.35
376.931	156.12
377.301	159.46
377.671	161.29
378.042	147.73
378.412	149.67
378.783	151.5
379.153	154.4
379.523	153.97
379.893	160.21
380.264	158.49
380.634	155.37
381.004	152.68
381.374	152.36
381.744	155.37
382.114	159.24
382.484	154.51
382.854	146.98
383.224	145.04
383.594	149.77
383.964	148.81
384.334	146.22
384.704	146.33
385.074	145.68
385.444	150.53
385.814	158.06
386.183	156.34
386.553	160.97
386.923	156.77
387.292	151.93
387.662	160.32
388.032	156.12
388.401	149.77
388.771	145.04
389.14	144.39
389.51	151.28
389.879	156.55
390.248	147.62
390.618	148.27
390.987	146.65
391.356	152.14
391.726	148.05
392.095	150.74
392.464	144.61
392.833	147.08
393.203	153
393.572	149.88
393.941	146.33
394.31	146.12
394.679	141.38
395.048	145.79
395.417	142.89
395.786	142.89
396.155	148.48
396.524	176.78
396.893	181.2
397.261	184.75
397.63	183.78
397.999	179.58
398.368	184.1
398.736	181.52
399.105	170.11
399.474	169.25
399.842	165.27
400.211	170
400.579	172.26
400.948	170.33
401.317	171.62
401.685	157.41
402.053	154.29
402.422	157.74
402.79	153
403.158	152.36
403.527	146.55
403.895	145.68
404.263	149.02
404.632	149.67
405	146.22
405.368	152.46
405.736	156.98
406.104	153.97
406.472	155.15
406.84	146.65
407.208	145.68
407.576	149.67
407.944	145.15
408.312	139.12
408.68	144.39
409.048	144.29
409.415	149.34
409.783	152.03
410.151	146.22
410.519	143.32
410.886	149.45
411.254	143.43
411.622	143.75
411.989	139.77
412.357	135.57
412.724	134.6
413.092	137.72
413.459	133.42
413.827	135.57
414.194	130.94
414.561	133.52
414.929	137.61
415.296	144.18
415.663	142.35
416.03	143.96
416.398	147.84
416.765	148.91
417.132	148.48
417.499	139.44
417.866	132.13
418.233	135.89
418.6	138.58
418.967	136
419.334	138.58
419.701	133.85
420.068	139.87
420.435	141.92
420.802	138.15
421.168	136.22
421.535	137.61
421.902	136.97
422.269	142.46
422.635	144.5
423.002	152.57
423.369	160.54
423.735	161.93
424.102	161.4
424.468	164.41
424.835	165.81
425.201	167.96
425.567	163.55
425.934	155.59
426.3	154.4
426.667	159.35
427.033	158.92
427.399	160.1
427.765	161.93
428.131	157.74
428.498	160.54
428.864	160.75
429.23	155.91
429.596	156.98
429.962	158.38
430.328	157.95
430.694	169.9
431.06	168.71
431.426	169.79
431.792	168.5
432.157	165.59
432.523	165.38
432.889	165.59
433.255	159.46
433.62	156.55
433.986	158.6
434.352	160.97
434.717	165.16
435.083	166.13
435.448	165.27
435.814	168.18
436.179	170.87
436.545	171.94
436.91	172.37
437.276	167.75
437.641	165.49
438.006	164.84
438.372	163.55
438.737	163.87
439.102	164.3
439.467	167.42
439.832	169.79
440.197	172.16
440.563	173.23
440.928	168.71
441.293	166.56
441.658	167.85
442.023	170.11
442.387	174.2
442.752	176.35
443.117	180.77
443.482	186.79
443.847	188.94
444.212	189.16
444.576	190.88
444.941	191.63
445.306	192.82
445.67	187.65
446.035	183.89
446.399	191.85
446.764	191.2
447.128	188.41
447.493	182.06
447.857	178.29
448.222	178.72
448.586	186.58
448.95	180.01
449.315	180.12
449.679	179.8
450.043	185.72
450.407	189.7
450.772	191.31
451.136	190.99
451.5	196.48
451.864	201.43
452.228	206.05
452.592	204.01
452.956	203.9
453.32	202.93
453.684	201.86
454.047	198.63
454.411	194.76
454.775	193.46
455.139	189.7
455.503	188.19
455.866	191.2
456.23	195.62
456.594	194.97
456.957	190.67
457.321	188.51
457.684	190.67
458.048	192.6
458.411	193.03
458.775	185.61
459.138	187.01
459.501	190.24
459.865	191.63
460.228	197.23
460.591	205.62
460.955	209.07
461.318	212.51
461.681	215.42
462.044	217.46
462.407	213.26
462.77	208.31
463.133	198.95
463.496	194.43
463.859	195.08
464.222	197.23
464.585	193.36
464.948	197.55
465.311	207.35
465.674	201.1
466.036	198.41
466.399	197.98
466.762	185.61
467.124	185.93
467.487	189.37
467.85	179.69
468.212	188.3
468.575	190.45
468.937	187.12
469.3	191.96
469.662	190.34
470.024	183.46
470.387	184.1
470.749	198.41
471.111	195.94
471.474	193.89
471.836	194.65
472.198	195.83
472.56	194.54
472.922	196.05
473.284	178.61
473.646	183.24
474.008	190.13
474.37	187.87
474.732	189.05
475.094	186.15
475.456	183.13
475.818	182.06
476.18	180.01
476.542	172.37
476.903	174.2
477.265	172.05
477.627	174.2
477.988	179.91
478.35	179.15
478.711	176.25
479.073	179.8
479.435	176.46
479.796	179.8
480.157	182.49
480.519	182.06
480.88	182.16
481.241	186.36
481.603	186.47
481.964	190.56
482.325	188.41
482.686	186.36
483.048	180.77
483.409	186.04
483.77	183.24
484.131	187.33
484.492	185.72
484.853	185.61
485.214	190.24
485.575	192.17
485.936	191.42
486.296	197.45
486.657	195.29
487.018	197.12
487.379	195.83
487.739	196.8
488.1	195.94
488.461	188.41
488.821	187.65
489.182	183.67
489.542	187.22
489.903	201.32
490.263	194.86
490.624	201.75
490.984	205.73
491.345	200.46
491.705	204.01
492.065	200.57
492.425	194.54
492.786	199.81
493.146	195.72
493.506	197.66
493.866	203.9
494.226	207.13
494.586	208.42
494.946	204.76
495.306	206.92
495.666	206.05
496.026	212.08
496.386	215.52
496.746	215.95
497.106	218.21
497.465	215.74
497.825	218.32
498.185	222.41
498.544	217.03
498.904	206.16
499.264	204.98
499.623	202.83
499.983	205.19
500.342	201.53
500.702	204.76
501.061	208.21
501.42	213.59
501.78	209.61
502.139	213.91
502.498	213.91
502.858	217.25
503.217	212.4
503.576	216.71
503.935	220.9
504.294	228.11
504.653	226.82
505.012	232.53
505.371	228.87
505.73	226.61
506.089	221.66
506.448	223.92
506.807	214.99
507.166	216.82
507.524	222.09
507.883	224.03
508.242	230.81
508.601	229.73
508.959	227.15
509.318	231.56
509.676	233.39
510.035	226.39
510.393	233.93
510.752	229.51
511.11	225.85
511.469	221.55
511.827	228.87
512.185	225.53
512.544	226.82
512.902	219.83
513.26	220.15
513.618	228.87
513.976	236.62
514.334	232.53
514.692	234.46
515.05	235.76
515.408	237.05
515.766	240.92
516.124	236.94
516.482	232.85
516.84	231.88
517.198	231.45
517.556	229.84
517.913	229.3
518.271	230.37
518.629	234.14
518.986	233.93
519.344	233.6
519.701	231.99
520.059	234.89
520.416	237.69
520.774	236.72
521.131	234.89
521.489	238.66
521.846	243.07
522.203	245.87
522.561	246.41
522.918	242.97
523.275	242.64
523.632	245.98
523.989	241.46
524.346	238.88
524.703	244.47
525.06	245.55
525.417	248.67
525.774	252
526.131	258.35
526.488	269.76
526.845	275.14
527.202	275.36
527.559	269.87
527.915	272.99
528.272	276.97
528.629	270.3
528.985	268.9
529.342	266.75
529.698	270.62
530.055	280.41
530.411	276.75
530.768	275.25
531.124	274.06
531.48	269.22
531.837	267.72
532.193	263.09
532.549	256.2
532.906	259.21
533.262	258.46
533.618	259
533.974	265.99
534.33	271.7
534.686	270.19
535.042	277.83
535.398	277.72
535.754	280.63
536.11	287.09
536.466	283.64
536.821	282.03
537.177	288.91
537.533	280.09
537.889	282.78
538.244	276.54
538.6	273.96
538.955	276.75
539.311	273.85
539.667	268.04
540.022	270.41
540.377	269.98
540.733	273.63
541.088	267.61
541.444	258.89
541.799	259.86
542.154	260.51
542.509	263.09
542.864	264.38
543.22	264.7
543.575	270.19
543.93	270.51
544.285	270.41
544.64	269.01
544.995	267.93
545.35	268.36
545.705	268.04
546.059	265.56
546.414	268.79
546.769	276.11
547.124	275.89
547.478	275.03
547.833	274.06
548.188	277.08
548.542	280.09
548.897	285.26
549.251	278.26
549.606	281.81
549.96	289.02
550.315	287.41
550.669	285.69
551.023	281.6
551.378	280.31
551.732	282.46
552.086	282.03
552.44	279.88
552.794	276.97
553.148	272.56
553.502	272.88
553.856	275.57
554.21	276
554.564	273.53
554.918	268.47
555.272	267.29
555.626	272.56
555.98	307.53
556.334	306.89
556.687	313.56
557.041	315.06
557.395	318.62
557.748	326.47
558.102	322.27
558.455	289.78
558.809	286.12
559.162	280.09
559.516	282.67
559.869	282.14
560.222	283.75
560.576	285.36
560.929	293.87
561.282	297.74
561.635	299.35
561.988	300.32
562.342	301.72
562.695	297.2
563.048	303.87
563.401	295.26
563.754	291.07
564.107	293.65
564.459	293.87
564.812	293.76
565.165	299.46
565.518	293.43
565.871	296.56
566.223	299.68
566.576	295.26
566.929	295.26
567.281	299.68
567.634	291.07
567.986	296.88
568.339	300.75
568.691	303.01
569.044	305.16
569.396	306.56
569.748	305.49
570.1	313.23
570.453	311.51
570.805	306.67
571.157	307.85
571.509	314.1
571.861	313.34
572.213	311.73
572.565	319.58
572.917	327.01
573.269	335.19
573.621	329.59
573.973	328.95
574.325	333.14
574.677	335.4
575.028	334.43
575.38	334.65
575.732	330.02
576.083	334.86
576.435	336.48
576.786	336.16
577.138	335.83
577.489	333.14
577.841	326.15
578.192	331.42
578.543	327.87
578.895	323.78
579.246	327.33
579.597	334.54
579.948	331.1
580.3	337.12
580.651	331.85
581.002	336.59
581.353	339.49
581.704	337.45
582.055	327.33
582.406	326.36
582.757	319.91
583.107	324.43
583.458	325.93
583.809	323.24
584.16	324
584.51	327.44
584.861	326.9
585.212	329.38
585.562	334.65
585.913	328.95
586.263	329.48
586.614	323.35
586.964	320.23
587.315	325.29
587.665	331.85
588.015	317
588.365	320.66
588.716	320.23
589.066	325.18
589.416	326.79
589.766	326.58
590.116	317.32
590.466	328.41
590.816	324.43
591.166	326.69
591.516	320.98
591.866	324.43
592.216	326.58
592.566	328.95
592.915	330.02
593.265	337.12
593.615	334.76
593.964	337.02
594.314	335.19
594.663	325.72
595.013	323.14
595.362	313.56
595.712	308.72
596.061	305.06
596.411	307.64
596.76	307.42
597.109	314.42
597.458	316.89
597.808	321.09
598.157	321.95
598.506	320.77
598.855	312.05
599.204	320.55
599.553	329.05
599.902	325.29
600.251	329.91
600.6	327.87
600.949	328.62
601.297	327.12
601.646	315.93
601.995	300.64
602.344	305.7
602.692	299.78
603.041	295.48
603.389	298.49
603.738	313.02
604.086	320.34
604.435	323.57
604.783	317.11
605.132	318.83
605.48	325.72
605.828	327.65
606.177	316.36
606.525	312.91
606.873	309.15
607.221	323.03
607.569	326.58
607.917	317.65
608.265	313.02
608.613	321.52
608.961	321.63
609.309	329.59
609.657	319.8
610.005	313.13
610.352	316.25
610.7	316.57
611.048	315.93
611.395	314.2
611.743	307.85
612.091	310.33
612.438	312.48
612.786	321.2
613.133	324.96
613.48	319.8
613.828	320.23
614.175	322.17
614.522	321.52
614.87	316.03
615.217	306.46
615.564	304.95
615.911	303.87
616.258	305.16
616.605	309.15
616.952	306.67
617.299	314.74
617.646	319.58
617.993	313.67
618.34	312.37
618.687	304.95
619.033	326.15
619.38	325.61
619.727	322.92
620.073	323.57
620.42	328.3
620.767	339.38
621.113	344.76
621.459	321.84
621.806	322.17
622.152	323.35
622.499	323.57
622.845	327.22
623.191	318.08
623.537	321.41
623.884	322.27
624.23	323.57
624.576	326.36
624.922	324.75
625.268	323.35
625.614	327.65
625.96	324.32
626.306	316.68
626.652	320.12
626.998	315.71
627.343	315.93
627.689	314.96
628.035	308.72
628.38	309.68
628.726	318.72
629.072	318.94
629.417	318.19
629.763	322.17
630.108	320.12
630.453	320.12
630.799	315.93
631.144	306.24
631.489	307.42
631.835	303.23
632.18	301.94
632.525	301.61
632.87	305.59
633.215	307.85
633.56	317.11
633.905	310.01
634.25	311.94
634.595	305.16
634.94	305.7
635.285	302.04
635.63	292.25
635.974	282.46
636.319	285.69
636.664	291.07
637.008	284.83
637.353	286.22
637.698	288.27
638.042	296.45
638.387	295.8
638.731	294.19
639.075	282.67
639.42	288.91
639.764	283.32
640.108	280.31
640.452	279.77
640.797	285.26
641.141	289.13
641.485	292.36
641.829	290.96
642.173	289.88
642.517	290.85
642.861	284.5
643.205	283.86
643.549	278.37
643.892	282.57
644.236	287.09
644.58	286.55
644.923	284.18
645.267	284.07
645.611	282.24
645.954	278.15
646.298	271.7
646.641	267.5
646.985	270.94
647.328	268.68
647.671	269.22
648.015	264.06
648.358	265.13
648.701	264.16
649.044	263.3
649.387	260.18
649.731	262.12
650.074	261.37
650.417	264.49
650.76	256.74
651.102	261.15
651.445	256.42
651.788	258.35
652.131	253.73
652.474	258.03
652.816	255.13
653.159	263.52
653.502	263.84
653.844	269.54
654.187	268.25
654.529	272.02
654.872	271.16
655.214	269.87
655.557	271.05
655.899	267.29
656.241	261.9
656.583	263.95
656.926	261.69
657.268	264.27
657.61	267.29
657.952	263.52
658.294	270.73
658.636	270.08
658.978	266.53
659.32	262.44
659.662	255.34
660.004	251.25
660.345	249.74
660.687	238.55
661.029	240.92
661.371	236.51
661.712	244.04
662.054	246.09
662.395	245.01
662.737	236.83
663.078	241.57
663.42	236.94
663.761	242.75
664.102	234.46
664.444	234.68
664.785	232.42
665.126	236.08
665.467	233.6
665.808	239.63
666.149	238.45
666.49	241.35
666.831	242.21
667.172	251.9
667.513	257.49
667.854	256.09
668.195	246.19
668.535	240.49
668.876	242.1
669.217	236.94
669.557	231.45
669.898	226.93
670.239	228.44
670.579	234.57
670.92	232.96
671.26	229.41
671.6	230.48
671.941	240.06
672.281	239.31
672.621	235.86
672.961	235.43
673.302	236.29
673.642	228.98
673.982	233.6
674.322	222.84
674.662	227.68
675.002	229.19
675.342	229.41
675.682	235.22
676.021	243.4
676.361	241.67
676.701	293.11
677.041	291.07
677.38	288.16
677.72	285.69
678.059	286.01
678.399	285.9
678.738	282.24
679.078	233.82
679.417	228.87
679.756	225.64
680.096	231.24
680.435	225.53
680.774	221.55
681.113	220.47
681.453	216.06
681.792	219.18
682.131	220.58
682.47	215.74
682.809	219.08
683.148	222.2
683.486	219.72
683.825	220.47
684.164	219.29
684.503	220.37
684.841	217.14
685.18	213.8
685.519	215.85
685.857	221.12
686.196	214.13
686.534	213.37
686.873	215.42
687.211	213.91
687.549	211.65
687.888	205.3
688.226	201.64
688.564	203.79
688.902	204.76
689.24	200.03
689.578	201.43
689.917	202.29
690.255	199.49
690.592	193.57
690.93	196.26
691.268	196.48
691.606	201.64
691.944	227.04
692.282	228.11
692.619	234.79
692.957	240.49
693.294	238.34
693.632	235.32
693.97	226.93
694.307	198.63
694.644	196.8
694.982	241.89
695.319	250.5
695.656	253.3
695.994	249.31
696.331	253.4
696.668	267.93
697.005	271.7
697.342	220.26
697.679	215.85
698.016	211.11
698.353	217.78
698.69	216.39
699.027	211.44
699.364	210.57
699.7	212.19
700.037	208.85
700.374	213.48
700.71	209.18
701.047	211.33
701.384	203.47
701.72	194.65
702.057	200.57
702.393	202.83
702.729	199.6
703.066	203.69
703.402	205.73
703.738	208.96
704.074	215.74
704.41	218.65
704.747	213.48
705.083	211.44
705.419	210.47
705.755	205.41
706.091	199.81
706.426	197.45
706.762	186.68
707.098	187.01
707.434	189.37
707.769	186.36
708.105	189.91
708.441	194.86
708.776	201
709.112	210.04
709.447	212.19
709.783	212.94
710.118	214.23
710.453	212.73
710.789	206.92
711.124	203.47
711.459	198.2
711.794	196.58
712.129	198.63
712.464	205.52
712.799	206.59
713.134	217.14
713.469	218.32
713.804	216.06
714.139	207.99
714.474	201
714.809	191.53
715.143	192.71
715.478	184.1
715.813	180.12
716.147	186.36
716.482	195.08
716.816	197.55
717.151	198.41
717.485	195.29
717.819	195.4
718.154	199.49
718.488	192.71
718.822	194.22
719.156	194.22
719.491	192.6
719.825	194.32
720.159	194
720.493	189.05
720.827	193.46
721.161	190.88
721.494	197.77
721.828	197.77
722.162	197.34
722.496	199.06
722.829	204.33
723.163	203.26
723.497	198.2
723.83	190.88
724.164	193.03
724.497	190.67
724.83	190.02
725.164	185.61
725.497	183.56
725.83	188.08
726.164	188.41
726.497	187.44
726.83	185.07
727.163	194.22
727.496	198.2
727.829	197.77
728.162	194.65
728.495	194.65
728.828	192.5
729.16	195.4
729.493	188.62
729.826	183.46
730.159	181.2
730.491	189.81
730.824	188.73
731.156	192.39
731.489	199.17
731.821	196.48
732.154	197.34
732.486	201.64
732.818	197.23
733.151	198.95
733.483	190.56
733.815	180.77
734.147	185.82
734.479	179.37
734.811	175.28
735.143	175.71
735.475	175.49
735.807	180.34
736.139	179.37
736.471	175.28
736.803	180.01
737.134	186.58
737.466	181.3
737.798	186.47
738.129	192.71
738.461	195.62
738.792	197.88
739.124	197.98
739.455	195.29
739.786	199.6
740.118	191.2
740.449	191.42
740.78	190.34
741.111	182.81
741.442	182.6
741.773	176.68
742.104	176.89
742.435	176.89
742.766	174.85
743.097	179.37
743.428	184.42
743.759	181.52
744.09	183.24
744.42	179.37
744.751	180.34
745.081	180.77
745.412	177.32
745.743	176.89
746.073	183.24
746.403	185.5
746.734	183.78
747.064	182.16
747.394	178.83
747.725	177.75
748.055	180.55
748.385	179.8
748.715	184.64
749.045	191.2
749.375	199.28
749.705	200.46
750.035	201.21
750.365	197.88
750.695	196.37
751.024	190.45
751.354	186.58
751.684	187.22
752.013	188.84
752.343	195.4
752.673	193.68
753.002	189.37
753.331	191.63
753.661	195.08
753.99	192.93
754.32	197.34
754.649	190.67
754.978	192.6
755.307	196.58
755.636	192.07
755.965	184.53
756.294	184.53
756.623	178.08
756.952	180.87
757.281	183.35
757.61	182.92
757.939	183.13
758.267	185.61
758.596	188.3
758.925	187.33
759.253	191.53
759.582	194.54
759.91	198.84
760.239	201.21
760.567	199.49
760.896	193.57
761.224	193.57
761.552	192.6
761.881	187.76
762.209	179.58
762.537	182.27
762.865	187.33
763.193	183.67
763.521	185.93
763.849	182.38
764.177	183.99
764.505	191.31
764.832	190.77
765.16	190.34
765.488	198.63
765.815	201.97
766.143	205.19
766.471	204.23
766.798	202.4
767.126	201.43
767.453	197.66
767.78	192.07
768.108	191.42
768.435	186.9
768.762	191.85
769.089	192.93
769.417	193.89
769.744	195.72
770.071	201.86
770.398	200.57
770.725	205.84
771.052	201
771.378	196.37
771.705	202.5
772.032	201.97
772.359	190.34
772.685	188.73
773.012	184.86
773.338	180.55
773.665	184.64
773.991	180.87
774.318	188.51
774.644	199.28
774.971	201.53
775.297	207.99
775.623	208.85
775.949	206.27
776.275	204.55
776.601	202.93
776.927	197.77
777.253	197.66
777.579	187.22
777.905	192.93
778.231	195.94
778.557	197.45
778.883	197.55
779.208	199.6
779.534	199.49
779.86	207.13
780.185	204.12
780.511	203.26
780.836	198.2
781.162	195.62
781.487	199.06
781.812	193.79
782.138	190.56
782.463	189.91
782.788	193.14
783.113	196.48
783.438	195.29
783.763	189.05
784.088	192.07
784.413	191.1
784.738	190.88
785.063	180.66
785.388	185.18
785.712	186.36
786.037	186.79
786.362	186.79
786.686	186.25
787.011	187.12
787.335	190.99
787.66	193.25
787.984	194.32
788.308	195.4
788.633	199.6
788.957	199.38
789.281	206.38
789.605	211.11
789.93	203.58
790.254	207.56
790.578	211.44
790.902	212.83
791.225	216.06
791.549	207.56
791.873	208.31
792.197	213.05
792.521	207.45
792.844	205.84
793.168	199.49
793.492	202.93
793.815	207.02
794.139	211.33
794.462	208.74
794.785	211.22
795.109	209.71
795.432	208.53
795.755	203.36
796.078	202.83
796.401	198.52
796.725	200.14
797.048	197.34
797.371	201.97
797.694	204.44
798.016	206.49
798.339	206.59
798.662	203.9
798.985	200.89
799.308	195.51
799.63	193.79
799.953	196.8
800.275	191.85
800.598	190.13
800.92	191.74
801.243	190.67
801.565	197.98
801.887	202.07
802.21	203.9
802.532	210.9
802.854	213.8
803.176	211.87
803.498	213.05
803.82	211.22
804.142	209.5
804.464	205.62
804.786	206.7
805.108	209.5
805.429	207.13
805.751	204.87
806.073	205.73
806.394	202.07
806.716	208.85
807.038	205.84
807.359	205.95
807.68	211.44
808.002	219.4
808.323	218.86
808.644	215.2
808.966	211.87
809.287	211.54
809.608	210.25
809.929	212.3
810.25	206.7
810.571	212.94
810.892	218.65
811.213	222.95
811.534	226.18
811.854	226.72
812.175	226.29
812.496	231.88
812.816	234.25
813.137	232.96
813.458	232.85
813.778	232.31
814.098	235.54
814.419	232.85
814.739	239.41
815.059	236.62
815.38	243.83
815.7	242.53
816.02	247.7
816.34	251.04
816.66	266.42
816.98	272.02
817.3	283.1
817.62	294.62
817.94	306.03
818.26	312.91
818.579	324.32
818.899	327.65
819.219	327.65
819.538	337.45
819.858	339.71
820.177	344.01
820.497	348.53
820.816	352.73
821.135	354.77
821.455	360.37
821.774	360.15
822.093	365.96
822.412	366.39
822.731	367.79
823.05	363.06
823.369	369.19
823.688	366.18
824.007	363.17
824.326	354.77
824.645	353.91
824.963	349.28
825.282	352.51
825.601	343.04
825.919	342.18
826.238	341.97
826.556	370.27
826.875	369.41
827.193	370.27
827.511	371.02
827.83	381.14
828.148	386.41
828.466	392.97
828.784	373.17
829.102	386.09
829.42	402.77
829.738	413.85
830.056	419.55
830.374	427.19
830.692	437.2
831.01	447.32
831.327	449.47
831.645	450.76
831.963	456.68
832.28	461.09
832.598	466.9
832.915	462.92
833.233	460.23
833.55	462.92
833.867	466.15
834.185	459.91
834.502	464.75
834.819	464.11
835.136	465.72
835.453	463.89
835.77	462.71
836.087	457.11
836.404	458.62
836.721	453.24
837.038	452.59
837.355	452.59
837.671	464.54
837.988	471.75
838.305	480.57
838.621	496.5
838.938	516.3
839.254	548.15
839.571	581.08
839.887	611.86
840.203	653.93
840.52	707.31
840.836	757.24
841.152	820.08
841.468	883.14
841.784	951.37
842.1	1025.51
842.416	1097.72
842.732	1170.46
843.048	1234.06
843.364	1292.39
843.679	1344.15
843.995	1401.5
844.311	1448.53
844.626	1495.34
844.942	1534.94
845.257	1565.07
845.573	1590.68
845.888	1611.13
846.203	1615.76
846.519	1618.12
846.834	1604.57
847.149	1590.04
847.464	1577.66
847.779	1558.29
848.094	1534.62
848.409	1506.64
848.724	1481.89
849.039	1462.84
849.354	1430.99
849.669	1410.76
849.983	1386.65
850.298	1365.35
850.613	1350.5
850.927	1331.56
851.242	1310.57
851.556	1300.24
851.871	1297.87
852.185	1301.86
852.499	1315.95
852.814	1349.74
853.128	1402.69
853.442	1447.02
853.756	1505.02
854.07	1560.12
854.384	1621.35
854.698	1680.75
855.012	1740.37
855.326	1785.78
855.64	1855.3
855.953	1910.07
856.267	1960.11
856.581	2003.37
856.894	2032.86
857.208	2046.85
857.521	2059.44
857.835	2061.05
858.148	2061.05
858.461	2050.72
858.775	2039.96
859.088	2031.56
859.401	2011.01
859.714	1996.48
860.027	1991
860.34	1974.96
860.653	1960.76
860.966	1945.05
861.279	1949.13
861.592	1971.84
861.904	1983.79
862.217	1986.05
862.53	2015.85
862.842	2059.76
863.155	2117.44
863.467	2177.49
863.78	2245.39
864.092	2327.06
864.405	2423.7
864.717	2529.91
865.029	2638.49
865.341	2757.72
865.653	2870.07
865.966	2971.12
866.278	3079.59
866.589	3181.17
866.901	3284.26
867.213	3384.77
867.525	3461.93
867.837	3548.45
868.149	3642.71
868.46	3724.07
868.772	3790.03
869.083	3848.25
869.395	3919.38
869.706	4005.15
870.018	4105.01
870.329	4197.56
870.64	4317.54
870.952	4456.68
871.263	4602.5
871.574	4750.14
871.885	4920.27
872.196	5091.91
872.507	5280.01
872.818	5461.01
873.129	5652.88
873.44	5845.29
873.75	6043.94
874.061	6239.47
874.372	6422.63
874.682	6588.24
874.993	6771.5
875.303	6924.2
875.614	7067.21
875.924	7151.58
876.235	7236.92
876.545	7304.82
876.855	7348.51
877.165	7330.75
877.475	7302.02
877.786	7216.9
878.096	7127.05
878.406	6938.3
878.715	6707.79
879.025	6475.68
879.335	6213.43
879.645	5909.54
879.955	5592.84
880.264	5274.96
880.574	4969.99
880.883	4666.09
881.193	4342.18
881.502	4040.77
881.812	3760.44
882.121	3509.17
882.43	3273.72
882.74	3080.66
883.049	2919.35
883.358	2810.56
883.667	2713.17
883.976	2686.27
884.285	2680.67
884.594	2728.56
884.903	2802.27
885.212	2901.38
885.52	3068.83
885.829	3276.08
886.138	3513.8
886.446	3815.32
886.755	4154.4
887.063	4556.98
887.372	5047.79
887.68	5554.42
887.988	6163.71
888.297	6853.18
888.605	7637.34
888.913	8521.9
889.221	9481.79
889.529	10564.57
889.837	11741.61
890.145	13043.38
890.453	14417.03
890.761	15870.43
891.069	17376.01
891.377	18993.62
891.684	20629.62
891.992	22242.39
892.299	23793.7
892.607	25316.29
892.914	26815.2
893.222	28208.12
893.529	29577.57
893.837	30798.74
894.144	31935.43
894.451	32965.48
894.758	33842.73
895.065	34624.74
895.372	35388.02
895.679	35860.65
895.986	36389.66
896.293	36690
896.6	36840.87
896.907	36945.79
897.213	36891.88
897.52	36643.73
897.827	36271.4
898.133	35636.49
898.44	35109.95
898.746	34546.39
899.053	33908.26
899.359	33170.48
899.665	32440.13
899.972	31815.66
900.278	31148.58
900.584	30506.47
900.89	29872.21
901.196	29233.22
901.502	28707.65
901.808	28213.07
902.114	27748.94
902.419	27357.02
902.725	26959.94
903.031	26636.68
903.337	26388.85
903.642	26165.55
903.948	26005
904.253	25876.08
904.559	25891.9
904.864	25903.63
905.169	26025.98
905.475	26224.2
905.78	26473.64
906.085	26809.82
906.39	27208.52
906.695	27633.47
907	28150.22
907.305	28725.4
907.61	29298.75
907.915	29940.76
908.219	30616.34
908.524	31346.05
908.829	32019.58
909.133	32840.98
909.438	33589.2
909.743	34452.34
910.047	35219.61
910.351	36037.99
910.656	36839.37
910.96	37687.88
911.264	38530.04
911.568	39323.89
911.873	40057.25
912.177	40896.19
912.481	41667.33
912.785	42564.8
913.088	43428.27
913.392	44151.95
913.696	44880.26
914	45609.33
914.304	46304.6
914.607	46962.64
914.911	47384.48
915.214	47896.06
915.518	48355.99
915.821	48766.74
916.124	49094.63
916.428	49312.86
916.731	49523.99
917.034	49709.08
917.337	49628.7
917.64	49641.4
917.943	49618.91
918.246	49463.41
918.549	49189.65
918.852	48782.23
919.155	48475
919.458	48178.86
919.76	47836.23
920.063	47370.92
920.366	47001.81
920.668	46843.62
920.971	46722.02
921.273	46603.11
921.576	46612.37
921.878	46440.84
922.18	46658.64
922.482	46894.95
922.784	47098.55
923.087	47487.14
923.389	47853.44
923.691	48284.53
923.992	48900.39
924.294	49469.44
924.596	50174.93
924.898	50879.03
925.2	51451.95
925.501	52096.75
925.803	52737.68
926.104	53336.65
926.406	53700.8
926.707	54012.87
927.009	54295.03
927.31	54441.92
927.611	54491.74
927.912	54420.72
928.214	54236.38
928.515	54024.82
928.816	53551.98
929.117	52983.25
929.418	52417.22
929.719	51750.46
930.019	50892.05
930.32	50091.1
930.621	49120.45
930.922	48097.72
931.222	46819.95
931.523	45472.77
931.823	44068.12
932.124	42601.71
932.424	41087.09
932.724	39412.13
933.025	37862.1
933.325	36475.96
933.625	35026.98
933.925	33568.43
934.225	32259.45
934.525	30963.6
934.825	29950.98
935.125	28942.67
935.425	27963.95
935.724	27164.72
936.024	26315.24
936.324	25563.36
936.623	24854.64
936.923	24103.09
937.222	23367.89
937.522	22798.2
937.821	22213.22
938.12	21743.07
938.42	21277.98
938.719	20855.07
939.018	20655.13
939.317	20627.9
939.616	20610.36
939.915	20656.31
940.214	20990.87
940.513	21316.4
940.812	21780.63
941.111	22385.94
941.409	23053.56
941.708	23870.43
942.006	24839.79
942.305	25841.97
942.603	27084.01
942.902	28198.86
943.2	29324.36
943.499	30494.63
943.797	31686.1
944.095	32783.51
944.393	33898.25
944.691	34953.16
944.989	36134.73
945.287	37339.54
945.585	38468.06
945.883	39727.1
946.181	41194.81
946.479	42783.79
946.776	44555.39
947.074	46482.37
947.371	48243.64
947.669	50147.06
947.966	51867.33
948.264	53471.16
948.561	54686.09
948.858	55791.14
949.156	56630.51
949.453	57551.87
949.75	58180.42
950.047	58671.56
950.344	59033.99
950.641	59403.74
950.938	59529.43
951.235	59562.26
951.532	59369.31
951.828	59042.82
952.125	58564.16
952.422	57988.02
952.718	57369.68
953.015	56683.99
953.311	56084.27
953.607	55436.13
953.904	54824.69
954.2	54222.71
954.496	53513.24
954.792	52576.59
955.089	51583.99
955.385	50219.05
955.681	48778.79
955.976	47020.97
956.272	45344.71
956.568	43602.6
956.864	42035.25
957.16	40426.57
957.455	39070.14
957.751	37728.99
958.046	36601.76
958.342	35535.66
958.637	34611.28
958.933	33833.26
959.228	33566.06
959.523	33438
959.818	33596.84
960.114	34217.43
960.409	35199.48
960.704	36429.05
960.999	37838.32
961.294	38975.44
961.588	40352
961.883	41840.69
962.178	43316.35
962.473	44642.87
962.767	45925.38
963.062	47149.67
963.356	48601.45
963.651	49821.97
963.945	50925.19
964.239	52021.64
964.534	52991.86
964.828	53999.85
965.122	54929.72
965.416	55631.77
965.71	56264.2
966.004	56778.58
966.298	57083.66
966.592	57183.84
966.886	57118.74
967.18	56907.17
967.473	56568.31
967.767	56133.34
968.061	55554.83
968.354	54910.13
968.648	54118.01
968.941	53162.96
969.234	51948.9
969.528	50508.42
969.821	48861.11
970.114	47115.23
970.407	44962.26
970.7	42744.19
970.993	40447.45
971.286	38187.62
971.579	35876.68
971.872	33654.19
972.165	31391.24
972.457	29307.68
972.75	27330.01
973.043	25425.19
973.335	23546.2
973.628	21954.31
973.92	20397.29
974.213	19075.61
974.505	17932.57
974.797	16926.95
975.089	16060.25
975.382	15403.07
975.674	14732.44
975.966	14248.3
976.258	13851.65
976.55	13547.97
976.841	13377.3
977.133	13301.22
977.425	13300.36
977.717	13484.69
978.008	13660.21
978.3	13851.97
978.591	14119.71
978.883	14347.52
979.174	14505.17
979.465	14622.14
979.757	14618.7
980.048	14527.98
980.339	14397.99
980.63	14156.08
980.921	13832.71
981.212	13473.18
981.503	13055.33
981.794	12620.9
982.085	12189.92
982.376	11719.23
982.666	11237.56
982.957	10780.43
983.248	10322.12
983.538	9857.56
983.828	9390.32
984.119	8924.58
984.409	8429.46
984.7	7888.72
984.99	7333.66
985.28	6785.7
985.57	6270.36
985.86	5761.68
986.15	5288.3
986.44	4847.53
986.73	4489.93
987.02	4159.03
987.309	3883.44
987.599	3647.66
987.889	3450.95
988.178	3286.74
988.468	3176.01
988.757	3071.3
989.047	2994.14
989.336	2932.48
989.625	2862.54
989.915	2789.79
990.204	2735.34
990.493	2681.53
990.782	2618.69
991.071	2555.31
991.36	2493
991.649	2437.9
991.938	2377.64
992.226	2299.3
992.515	2228.28
992.804	2165.65
993.092	2094.73
993.381	2029.09
993.669	1946.44
993.958	1872.95
994.246	1812.47
994.534	1734.88
994.823	1654.82
995.111	1577.88
995.399	1508.04
995.687	1436.58
995.975	1361.79
996.263	1289.91
996.551	1221.69
996.839	1158.73
997.126	1103.96
997.414	1041.65
997.702	998.61
997.989	965.57
998.277	923.71
998.564	893.58
998.852	873.13
999.139	859.79
999.426	843
999.713	829.44
1000.001	820.3
1000.288	812.87
1000.575	801.47
1000.862	790.92
1001.149	767.68
1001.436	755.84
1001.722	734.32
1002.009	712.36
1002.296	698.48
1002.582	688.9
1002.869	669.75
1003.156	662.65
1003.442	651.46
1003.728	644.25
1004.015	627.67
1004.301	600.13
1004.587	580.76
1004.873	570.75
1005.16	554.61
1005.446	539.97
1005.732	524.04
1006.017	517.05
1006.303	514.04
1006.589	508.12
1006.875	493.05
1007.161	477.77
1007.446	466.04
1007.732	461.42
1008.017	454.85
1008.303	448.61
1008.588	438.28
1008.873	434.94
1009.159	437.1
1009.444	430.1
1009.729	425.58
1010.014	411.27
1010.299	403.95
1010.584	394.37
1010.869	390.18
1011.154	379.63
1011.439	375.33
1011.723	367.69
1012.008	361.66
1012.293	356.92
1012.577	352.08
1012.862	347.35
1013.146	347.35
1013.43	346.06
1013.715	337.66
1013.999	337.99
1014.283	335.19
1014.567	338.52
1014.851	329.16
1015.135	325.72
1015.419	314.96
1015.703	310.98
1015.987	306.56
1016.271	307.1
1016.555	303.66
1016.838	309.58
1017.122	309.47
1017.405	309.79
1017.689	314.31
1017.972	313.23
1018.256	312.16
1018.539	310.22
1018.822	307.96
1019.105	306.78
1019.388	313.02
1019.671	312.91
1019.954	317.86
1020.237	311.41
1020.52	306.89
1020.803	308.28
1021.086	300.11
1021.368	293.33
1021.651	290.15
1021.934	286.31
1022.216	291.09
