339.735	11.87
340.108	-6.67
340.482	-19.42
340.855	-29.23
341.228	-31.78
341.602	-29.05
341.975	-23.69
342.348	-19.68
342.721	-9.77
343.094	5.49
343.468	17.81
343.841	24.35
344.214	27.68
344.587	33.57
344.960	44.71
345.333	52.33
345.706	54.48
346.079	60.39
346.452	73.19
346.824	85.37
347.197	92.28
347.570	101.19
347.943	114.83
348.316	128.78
348.688	137.68
349.061	142.47
349.434	149.93
349.806	155.82
350.179	156.21
350.552	155.47
350.924	155.56
351.297	156.00
351.669	157.18
352.042	156.42
352.414	155.71
352.787	161.73
353.159	163.13
353.531	161.72
353.904	165.67
354.276	171.97
354.648	176.19
355.020	177.34
355.393	170.93
355.765	168.07
356.137	169.91
356.509	167.14
356.881	160.51
357.253	163.02
357.625	169.07
357.997	169.32
358.369	170.79
358.741	169.95
359.113	165.03
359.485	160.67
359.857	150.93
360.229	143.68
360.600	142.53
360.972	137.58
361.344	134.81
361.716	135.33
362.087	136.27
362.459	140.69
362.831	139.53
363.202	136.78
363.574	135.74
363.945	137.90
364.317	139.68
364.688	138.41
365.060	135.57
365.431	135.23
365.803	140.46
366.174	146.59
366.545	150.47
366.917	151.32
367.288	151.47
367.659	155.36
368.030	156.29
368.402	153.52
368.773	148.98
369.144	143.65
369.515	142.37
369.886	141.77
370.257	139.17
370.628	139.04
370.999	138.78
371.370	140.17
371.741	144.57
372.112	144.56
372.483	145.34
372.853	151.27
373.224	163.91
373.595	176.54
373.966	177.32
374.336	174.63
374.707	181.42
375.078	188.39
375.448	185.16
375.819	173.14
376.190	168.22
376.560	174.86
376.931	174.31
377.301	165.86
377.671	159.57
378.042	160.21
378.412	159.53
378.783	153.90
379.153	147.33
379.523	147.32
379.893	149.97
380.264	150.32
380.634	149.59
381.004	153.21
381.374	158.58
381.744	160.19
382.114	162.55
382.484	163.42
382.854	166.17
383.224	163.55
383.594	157.63
383.964	154.71
384.334	154.98
384.704	155.19
385.074	151.66
385.444	148.20
385.814	152.56
386.183	155.60
386.553	152.98
386.923	150.85
387.292	151.93
387.662	156.22
388.032	157.79
388.401	156.53
388.771	157.70
389.140	157.66
389.510	159.21
389.879	160.87
390.248	165.13
390.618	166.86
390.987	166.78
391.356	167.98
391.726	165.96
392.095	164.83
392.464	161.40
392.833	157.75
393.203	159.79
393.572	160.49
393.941	160.79
394.310	173.58
394.679	189.05
395.048	189.96
395.417	188.59
395.786	183.74
396.155	181.02
396.524	177.69
396.893	174.15
397.261	167.69
397.630	164.67
397.999	166.86
398.368	170.10
398.736	169.34
399.105	171.11
399.474	165.24
399.842	156.94
400.211	160.12
400.579	162.33
400.948	160.84
401.317	161.17
401.685	161.93
402.053	160.05
402.422	157.04
402.790	155.16
403.158	148.50
403.527	144.91
403.895	145.52
404.263	147.00
404.632	151.49
405.000	154.21
405.368	159.68
405.736	167.59
406.104	169.53
406.472	167.88
406.840	164.14
407.208	163.91
407.576	164.49
407.944	158.60
408.312	154.64
408.680	154.91
409.048	154.51
409.415	153.83
409.783	148.43
410.151	145.59
410.519	147.06
410.886	147.88
411.254	150.89
411.622	155.40
411.989	155.07
412.357	154.35
412.724	155.00
413.092	156.02
413.459	154.87
413.827	151.91
414.194	149.22
414.561	149.45
414.929	151.18
415.296	151.49
415.663	145.61
416.030	142.04
416.398	144.14
416.765	141.00
417.132	138.46
417.499	139.62
417.866	142.84
418.233	146.60
418.600	144.85
418.967	140.16
419.334	142.68
419.701	148.98
420.068	150.76
420.435	148.49
420.802	150.66
421.168	159.20
421.535	167.45
421.902	166.22
422.269	160.52
422.635	158.36
423.002	160.67
423.369	164.64
423.735	162.84
424.102	161.09
424.468	164.21
424.835	167.43
425.201	167.85
425.567	168.25
425.934	167.98
426.300	167.23
426.667	165.42
427.033	166.15
427.399	168.19
427.765	167.71
428.131	168.57
428.498	165.75
428.864	165.09
429.230	170.61
429.596	172.40
429.962	172.13
430.328	176.53
430.694	175.34
431.060	177.11
431.426	178.71
431.792	172.68
432.157	171.77
432.523	170.23
432.889	165.35
433.255	162.16
433.620	159.86
433.986	164.13
434.352	167.87
434.717	164.57
435.083	162.75
435.448	165.14
435.814	168.96
436.179	168.75
436.545	166.01
436.910	166.11
437.276	172.48
437.641	176.60
438.006	180.73
438.372	184.13
438.737	184.61
439.102	179.80
439.467	175.15
439.832	172.58
440.197	170.23
440.563	168.86
440.928	168.54
441.293	173.44
441.658	182.53
442.023	186.37
442.387	190.14
442.752	195.77
443.117	201.85
443.482	202.50
443.847	200.00
444.212	197.85
444.576	199.15
444.941	199.32
445.306	195.34
445.670	195.82
446.035	199.21
446.399	201.52
446.764	201.67
447.128	201.30
447.493	197.63
447.857	199.40
448.222	198.37
448.586	192.09
448.950	195.21
449.315	199.11
449.679	200.29
450.043	207.22
450.407	213.41
450.772	215.49
451.136	219.68
451.500	222.09
451.864	224.18
452.228	226.52
452.592	226.28
452.956	223.57
453.320	222.62
453.684	219.62
454.047	221.36
454.411	224.89
454.775	225.11
455.139	223.00
455.503	223.64
455.866	225.47
456.230	228.96
456.594	225.15
456.957	217.05
457.321	215.60
457.684	218.70
458.048	216.61
458.411	217.56
458.775	221.01
459.138	220.34
459.501	222.74
459.865	221.36
460.228	217.00
460.591	217.55
460.955	212.30
461.318	204.75
461.681	200.66
462.044	199.49
462.407	201.09
462.770	199.90
463.133	198.29
463.496	202.22
463.859	205.89
464.222	210.83
464.585	215.12
464.948	213.57
465.311	215.80
465.674	217.33
466.036	212.69
466.399	207.10
466.762	199.76
467.124	195.30
467.487	196.66
467.850	191.90
468.212	185.96
468.575	190.65
468.937	197.86
469.300	200.69
469.662	200.99
470.024	198.40
470.387	201.11
470.749	204.85
471.111	201.73
471.474	194.54
471.836	191.53
472.198	188.55
472.560	185.84
472.922	188.21
473.284	190.52
473.646	193.06
474.008	197.12
474.370	199.36
474.732	199.48
475.094	202.35
475.456	198.04
475.818	194.14
476.180	193.38
476.542	193.58
476.903	192.86
477.265	191.45
477.627	192.99
477.988	195.96
478.350	192.91
478.711	186.18
479.073	182.37
479.435	184.86
479.796	186.02
480.157	180.27
480.519	178.07
480.880	179.80
481.241	183.63
481.603	182.80
481.964	183.24
482.325	185.06
482.686	188.15
483.048	195.08
483.409	197.70
483.770	202.71
484.131	209.22
484.492	207.90
484.853	211.86
485.214	216.24
485.575	221.69
485.936	223.65
486.296	223.54
486.657	222.47
487.018	226.14
487.379	226.04
487.739	225.59
488.100	224.35
488.461	226.59
488.821	226.55
489.182	228.06
489.542	230.38
489.903	228.29
490.263	225.17
490.624	223.57
490.984	224.82
491.345	225.28
491.705	223.92
492.065	220.71
492.425	221.46
492.786	221.53
493.146	221.41
493.506	221.35
493.866	227.43
494.226	233.63
494.586	241.43
494.946	243.87
495.306	244.24
495.666	243.18
496.026	237.86
496.386	228.57
496.746	222.38
497.106	213.54
497.465	210.25
497.825	211.28
498.185	209.91
498.544	212.83
498.904	216.51
499.264	221.03
499.623	230.90
499.983	237.19
500.342	240.32
500.702	241.60
501.061	242.44
501.420	245.45
501.780	245.66
502.139	243.14
502.498	241.55
502.858	239.22
503.217	242.06
503.576	245.32
503.935	243.23
504.294	245.57
504.653	243.03
505.012	243.56
505.371	246.51
505.730	243.96
506.089	244.79
506.448	249.56
506.807	252.62
507.166	254.26
507.524	256.73
507.883	255.76
508.242	260.99
508.601	255.91
508.959	248.67
509.318	247.23
509.676	251.58
510.035	255.44
510.393	256.08
510.752	255.63
511.110	257.57
511.469	255.36
511.827	255.21
512.185	250.51
512.544	244.59
512.902	245.07
513.260	245.22
513.618	251.14
513.976	260.16
514.334	265.30
514.692	266.16
515.050	267.41
515.408	268.25
515.766	265.91
516.124	265.55
516.482	264.69
516.840	266.66
517.198	271.85
517.556	274.80
517.913	277.95
518.271	284.35
518.629	283.88
518.986	286.03
519.344	284.03
519.701	282.06
520.059	281.91
520.416	281.70
520.774	285.57
521.131	293.56
521.489	294.39
521.846	294.61
522.203	296.47
522.561	300.17
522.918	302.66
523.275	303.67
523.632	297.04
523.989	295.16
524.346	300.04
524.703	300.35
525.060	300.12
525.417	297.90
525.774	299.83
526.131	297.34
526.488	294.45
526.845	291.42
527.202	293.60
527.559	294.15
527.915	298.17
528.272	298.22
528.629	298.86
528.985	305.67
529.342	307.00
529.698	309.09
530.055	315.49
530.411	312.28
530.768	311.57
531.124	311.97
531.480	311.71
531.837	314.10
532.193	312.22
532.549	306.64
532.906	305.54
533.262	304.45
533.618	298.97
533.974	297.68
534.330	294.24
534.686	294.05
535.042	296.88
535.398	301.99
535.754	308.37
536.110	317.68
536.466	316.09
536.821	318.63
537.177	320.20
537.533	314.97
537.889	305.06
538.244	301.57
538.600	299.46
538.955	299.62
539.311	297.73
539.667	299.36
540.022	307.70
540.377	316.26
540.733	319.02
541.088	320.92
541.444	323.06
541.799	324.86
542.154	324.40
542.509	321.00
542.864	317.11
543.220	312.91
543.575	308.87
543.930	303.14
544.285	302.08
544.640	306.94
544.995	307.51
545.350	308.48
545.705	314.58
546.059	320.09
546.414	324.91
546.769	325.45
547.124	323.51
547.478	320.72
547.833	319.50
548.188	316.37
548.542	316.77
548.897	316.55
549.251	318.04
549.606	316.15
549.960	315.47
550.315	318.96
550.669	320.73
551.023	319.55
551.378	316.09
551.732	315.64
552.086	312.89
552.440	311.35
552.794	315.29
553.148	318.69
553.502	315.48
553.856	337.03
554.210	349.43
554.564	351.88
554.918	353.46
555.272	348.93
555.626	344.72
555.980	349.63
556.334	332.76
556.687	324.89
557.041	326.01
557.395	333.24
557.748	342.04
558.102	350.31
558.455	355.67
558.809	361.14
559.162	359.77
559.516	364.89
559.869	365.24
560.222	361.68
560.576	356.95
560.929	356.14
561.282	352.80
561.635	353.83
561.988	351.20
562.342	354.25
562.695	355.92
563.048	360.44
563.401	357.98
563.754	356.08
564.107	355.06
564.459	352.92
564.812	347.14
565.165	350.04
565.518	347.69
565.871	347.28
566.223	350.61
566.576	352.07
566.929	354.99
567.281	360.09
567.634	357.74
567.986	357.15
568.339	359.21
568.691	360.44
569.044	365.40
569.396	368.28
569.748	371.22
570.100	373.32
570.453	377.35
570.805	378.26
571.157	377.20
571.509	374.76
571.861	376.27
572.213	376.09
572.565	376.84
572.917	374.05
573.269	378.10
573.621	383.29
573.973	385.40
574.325	381.33
574.677	377.81
575.028	379.71
575.380	377.38
575.732	370.43
576.083	365.89
576.435	366.30
576.786	363.27
577.138	371.56
577.489	368.11
577.841	367.54
578.192	373.54
578.543	379.14
578.895	374.24
579.246	369.05
579.597	368.52
579.948	366.05
580.300	367.46
580.651	369.54
581.002	372.11
581.353	373.45
581.704	380.71
582.055	386.22
582.406	386.25
582.757	383.02
583.107	379.79
583.458	374.84
583.809	371.72
584.160	367.72
584.510	362.71
584.861	362.51
585.212	364.74
585.562	368.65
585.913	371.42
586.263	373.59
586.614	370.98
586.964	366.96
587.315	365.82
587.665	360.68
588.015	356.59
588.365	358.35
588.716	356.17
589.066	357.95
589.416	358.77
589.766	358.84
590.116	371.05
590.466	376.77
590.816	376.95
591.166	378.59
591.516	383.20
591.866	385.86
592.216	382.86
592.566	373.88
592.915	371.36
593.265	365.22
593.615	368.33
593.964	370.18
594.314	371.12
594.663	370.23
595.013	369.21
595.362	368.54
595.712	371.37
596.061	369.35
596.411	367.34
596.760	365.24
597.109	373.31
597.458	384.24
597.808	382.67
598.157	382.86
598.506	379.73
598.855	380.89
599.204	384.61
599.553	377.52
599.902	364.67
600.251	364.41
600.600	363.12
600.949	366.70
601.297	367.43
601.646	363.91
601.995	361.89
602.344	360.71
602.692	361.86
603.041	353.92
603.389	350.22
603.738	342.53
604.086	341.55
604.435	349.81
604.783	354.64
605.132	361.51
605.480	374.60
605.828	377.02
606.177	382.19
606.525	384.50
606.873	377.85
607.221	375.97
607.569	373.11
607.917	368.20
608.265	364.96
608.613	364.22
608.961	366.13
609.309	373.54
609.657	376.49
610.005	372.71
610.352	370.41
610.700	377.81
611.048	385.93
611.395	383.67
611.743	381.32
612.091	374.61
612.438	374.92
612.786	374.77
613.133	370.80
613.480	370.32
613.828	366.98
614.175	369.65
614.522	374.40
614.870	376.78
615.217	382.47
615.564	384.74
615.911	383.87
616.258	381.68
616.605	377.45
616.952	379.45
617.299	380.26
617.646	376.91
617.993	374.27
618.340	369.58
618.687	371.26
619.033	375.25
619.380	376.25
619.727	380.77
620.073	381.47
620.420	382.07
620.767	387.78
621.113	388.99
621.459	388.78
621.806	385.92
622.152	379.13
622.499	373.93
622.845	376.35
623.191	374.91
623.537	368.06
623.884	364.15
624.230	362.94
624.576	357.66
624.922	357.37
625.268	355.55
625.614	353.12
625.960	360.40
626.306	362.61
626.652	364.18
626.998	374.65
627.343	382.84
627.689	384.32
628.035	381.95
628.380	374.67
628.726	377.47
629.072	374.70
629.417	374.08
629.763	369.31
630.108	366.07
630.453	366.30
630.799	364.81
631.144	356.74
631.489	348.25
631.835	342.80
632.180	335.57
632.525	335.14
632.870	338.31
633.215	339.63
633.560	341.43
633.905	342.18
634.250	341.12
634.595	352.26
634.940	357.79
635.285	354.44
635.630	351.79
635.974	351.66
636.319	354.66
636.664	354.73
637.008	342.14
637.353	335.57
637.698	340.24
638.042	339.73
638.387	339.17
638.731	332.96
639.075	338.53
639.420	345.55
639.764	340.05
640.108	333.01
640.452	336.50
640.797	337.09
641.141	337.53
641.485	328.70
641.829	319.89
642.173	325.51
642.517	322.26
642.861	320.44
643.205	314.37
643.549	315.36
643.892	312.70
644.236	306.70
644.580	306.53
644.923	304.06
645.267	302.81
645.611	311.14
645.954	308.14
646.298	310.03
646.641	315.82
646.985	312.76
647.328	311.97
647.671	315.97
648.015	306.36
648.358	305.43
648.701	301.14
649.044	295.72
649.387	303.58
649.731	304.82
650.074	300.47
650.417	299.67
650.760	301.81
651.102	306.64
651.445	306.83
651.788	302.47
652.131	300.23
652.474	298.07
652.816	300.08
653.159	296.23
653.502	293.26
653.844	294.30
654.187	295.47
654.529	286.47
654.872	281.85
655.214	278.67
655.557	281.71
655.899	283.13
656.241	287.72
656.583	287.72
656.926	296.05
657.268	295.22
657.610	292.99
657.952	291.37
658.294	287.36
658.636	282.58
658.978	273.16
659.320	266.78
659.662	273.54
660.004	277.51
660.345	272.31
660.687	277.43
661.029	282.30
661.371	286.44
661.712	294.77
662.054	293.87
662.395	292.78
662.737	292.33
663.078	289.99
663.420	288.17
663.761	292.67
664.102	289.48
664.444	281.31
664.785	283.04
665.126	286.54
665.467	291.53
665.808	284.67
666.149	280.85
666.490	279.78
666.831	284.76
667.172	281.08
667.513	276.55
667.854	267.42
668.195	271.14
668.535	265.52
668.876	261.83
669.217	265.02
669.557	267.09
669.898	279.97
670.239	283.95
670.579	280.67
670.920	283.10
671.260	285.77
671.600	277.93
671.941	273.42
672.281	259.36
672.621	253.72
672.961	261.38
673.302	262.44
673.642	263.41
673.982	265.67
674.322	266.70
674.662	287.80
675.002	286.12
675.342	277.17
675.682	278.87
676.021	272.09
676.361	271.70
676.701	265.95
677.041	250.09
677.380	252.15
677.720	250.67
678.059	244.88
678.399	249.37
678.738	247.98
679.078	253.07
679.417	247.94
679.756	246.59
680.096	244.21
680.435	250.74
680.774	247.29
681.113	244.13
681.453	244.67
681.792	248.40
682.131	246.41
682.470	251.07
682.809	245.58
683.148	245.58
683.486	247.66
683.825	241.40
684.164	237.85
684.503	233.10
684.841	229.80
685.180	227.49
685.519	227.71
685.857	225.93
686.196	220.42
686.534	221.58
686.873	219.80
687.211	221.82
687.549	220.82
687.888	213.65
688.226	214.55
688.564	218.84
688.902	220.74
689.240	222.67
689.578	226.49
689.917	249.36
690.255	254.11
690.592	255.54
690.930	256.39
691.268	251.56
691.606	253.91
691.944	248.77
692.282	226.75
692.619	229.30
692.957	234.30
693.294	244.18
693.632	248.15
693.970	246.59
694.307	247.62
694.644	244.67
694.982	242.20
695.319	229.97
695.656	227.14
695.994	220.22
696.331	216.82
696.668	216.93
697.005	223.34
697.342	222.56
697.679	219.06
698.016	206.85
698.353	212.41
698.690	215.73
699.027	209.99
699.364	205.46
699.700	206.89
700.037	209.06
700.374	208.56
700.710	207.19
701.047	207.75
701.384	208.59
701.720	212.17
702.057	206.82
702.393	215.02
702.729	218.62
703.066	215.64
703.402	217.46
703.738	222.17
704.074	220.60
704.410	217.41
704.747	211.77
705.083	209.79
705.419	212.72
705.755	204.81
706.091	198.67
706.426	192.81
706.762	207.47
707.098	205.54
707.434	204.50
707.769	202.91
708.105	206.93
708.441	211.55
708.776	214.37
709.112	203.08
709.447	201.87
709.783	206.52
710.118	207.54
710.453	210.38
710.789	202.01
711.124	201.42
711.459	211.22
711.794	214.26
712.129	208.75
712.464	208.11
712.799	206.47
713.134	209.48
713.469	207.17
713.804	201.83
714.139	199.65
714.474	201.11
714.809	195.23
715.143	196.04
715.478	201.93
715.813	203.20
716.147	200.29
716.482	204.06
716.816	202.31
717.151	211.75
717.485	211.61
717.819	203.38
718.154	205.85
718.488	202.60
718.822	196.03
719.156	193.49
719.491	186.03
719.825	183.53
720.159	189.62
720.493	186.25
720.827	186.45
721.161	191.99
721.494	195.45
721.828	194.37
722.162	197.37
722.496	195.94
722.829	196.75
723.163	195.43
723.497	195.73
723.830	195.52
724.164	200.62
724.497	202.74
724.830	203.19
725.164	211.48
725.497	212.51
725.830	213.21
726.164	214.99
726.497	215.75
726.830	208.01
727.163	201.81
727.496	191.65
727.829	193.35
728.162	190.10
728.495	193.84
728.828	191.17
729.160	196.97
729.493	200.89
729.826	204.27
730.159	199.81
730.491	195.51
730.824	194.30
731.156	191.35
731.489	186.97
731.821	187.51
732.154	189.27
732.486	192.38
732.818	193.83
733.151	197.16
733.483	201.91
733.815	206.57
734.147	203.79
734.479	203.54
734.811	205.00
735.143	203.52
735.475	206.51
735.807	202.98
736.139	206.60
736.471	204.59
736.803	200.33
737.134	196.11
737.466	196.59
737.798	189.84
738.129	191.85
738.461	185.72
738.792	187.01
739.124	192.34
739.455	192.88
739.786	193.08
740.118	203.11
740.449	207.83
740.780	205.40
741.111	209.51
741.442	210.96
741.773	214.33
742.104	217.44
742.435	208.71
742.766	205.05
743.097	210.36
743.428	202.86
743.759	194.28
744.090	194.03
744.420	193.01
744.751	192.93
745.081	194.96
745.412	187.65
745.743	191.54
746.073	195.65
746.403	196.32
746.734	191.08
747.064	192.64
747.394	192.47
747.725	191.41
748.055	194.08
748.385	194.09
748.715	190.02
749.045	191.60
749.375	193.61
749.705	188.44
750.035	195.70
750.365	203.67
750.695	205.20
751.024	209.69
751.354	211.12
751.684	212.08
752.013	215.19
752.343	216.01
752.673	209.39
753.002	205.73
753.331	205.99
753.661	207.76
753.990	208.28
754.320	206.40
754.649	204.60
754.978	200.45
755.307	203.13
755.636	200.78
755.965	194.58
756.294	196.64
756.623	201.18
756.952	206.62
757.281	216.15
757.610	212.35
757.939	210.40
758.267	214.76
758.596	211.31
758.925	208.35
759.253	199.38
759.582	192.35
759.910	192.15
760.239	191.77
760.567	189.18
760.896	191.05
761.224	187.91
761.552	189.19
761.881	186.49
762.209	187.23
762.537	190.67
762.865	195.04
763.193	199.41
763.521	206.73
763.849	212.85
764.177	216.75
764.505	217.94
764.832	219.22
765.160	216.39
765.488	207.57
765.815	201.23
766.143	192.27
766.471	189.34
766.798	189.83
767.126	193.63
767.453	193.29
767.780	190.34
768.108	189.31
768.435	193.57
768.762	197.70
769.089	200.49
769.417	196.39
769.744	199.09
770.071	201.48
770.398	203.87
770.725	205.35
771.052	203.51
771.378	205.33
771.705	203.73
772.032	200.43
772.359	198.74
772.685	201.33
773.012	198.87
773.338	209.51
773.665	201.23
773.991	205.06
774.318	215.15
774.644	214.81
774.971	209.86
775.297	203.94
775.623	187.90
775.949	193.06
776.275	188.02
776.601	182.63
776.927	189.15
777.253	191.09
777.579	198.23
777.905	203.33
778.231	202.63
778.557	205.76
778.883	207.99
779.208	208.04
779.534	212.87
779.860	209.98
780.185	205.64
780.511	208.45
780.836	206.71
781.162	201.53
781.487	198.78
781.812	200.41
782.138	200.94
782.463	203.51
782.788	201.75
783.113	205.40
783.438	212.53
783.763	211.77
784.088	209.69
784.413	210.49
784.738	211.50
785.063	211.24
785.388	210.50
785.712	213.77
786.037	216.28
786.362	212.74
786.686	213.56
787.011	211.24
787.335	215.79
787.660	214.23
787.984	208.22
788.308	207.60
788.633	209.17
788.957	210.25
789.281	211.93
789.605	211.66
789.930	208.80
790.254	206.89
790.578	204.45
790.902	204.75
791.225	203.19
791.549	200.71
791.873	197.86
792.197	200.69
792.521	201.71
792.844	203.23
793.168	200.91
793.492	207.84
793.815	208.27
794.139	205.16
794.462	207.41
794.785	205.16
795.109	206.63
795.432	210.23
795.755	212.20
796.078	218.03
796.401	222.52
796.725	218.91
797.048	222.12
797.371	226.78
797.694	225.02
798.016	217.46
798.339	212.49
798.662	216.35
798.985	215.11
799.308	217.81
799.630	213.10
799.953	214.27
800.275	215.98
800.598	219.07
800.920	216.73
801.243	218.09
801.565	216.47
801.887	219.14
802.210	217.33
802.532	218.86
802.854	223.37
803.176	227.46
803.498	228.56
803.820	232.02
804.142	230.92
804.464	231.67
804.786	233.89
805.108	231.39
805.429	229.19
805.751	228.85
806.073	225.56
806.394	223.83
806.716	226.31
807.038	227.06
807.359	225.33
807.680	226.37
808.002	231.04
808.323	235.41
808.644	241.83
808.966	244.72
809.287	251.15
809.608	254.32
809.929	251.44
810.250	251.94
810.571	253.31
810.892	257.02
811.213	256.22
811.534	250.98
811.854	252.82
812.175	257.71
812.496	254.81
812.816	259.49
813.137	255.92
813.458	257.54
813.778	265.76
814.098	269.44
814.419	273.61
814.739	280.85
815.059	282.96
815.380	291.63
815.700	296.17
816.020	297.34
816.340	302.23
816.660	310.05
816.980	315.02
817.300	315.57
817.620	315.77
817.940	319.95
818.260	320.64
818.579	318.96
818.899	318.59
819.219	317.17
819.538	320.40
819.858	326.50
820.177	328.72
820.497	332.35
820.816	335.95
821.135	334.75
821.455	339.95
821.774	344.49
822.093	345.65
822.412	349.31
822.731	355.59
823.050	356.14
823.369	359.50
823.688	355.40
824.007	355.90
824.326	359.28
824.645	367.19
824.963	361.47
825.282	360.46
825.601	354.69
825.919	351.42
826.238	349.30
826.556	341.35
826.875	325.02
827.193	321.91
827.511	322.32
827.830	325.57
828.148	332.03
828.466	335.03
828.784	344.45
829.102	354.72
829.420	364.78
829.738	369.97
830.056	374.05
830.374	374.00
830.692	372.74
831.010	366.65
831.327	365.33
831.645	359.74
831.963	354.20
832.280	350.31
832.598	347.57
832.915	346.21
833.233	341.66
833.550	336.03
833.867	332.76
834.185	326.90
834.502	324.94
834.819	320.89
835.136	310.11
835.453	306.16
835.770	301.93
836.087	294.17
836.404	289.40
836.721	280.53
837.038	279.02
837.355	283.58
837.671	288.11
837.988	299.11
838.305	310.05
838.621	326.85
838.938	345.97
839.254	369.91
839.571	401.26
839.887	433.44
840.203	468.11
840.520	512.12
840.836	561.58
841.152	609.64
841.468	658.12
841.784	707.80
842.100	755.33
842.416	816.12
842.732	870.03
843.048	925.46
843.364	990.17
843.679	1055.79
843.995	1110.80
844.311	1168.79
844.626	1219.85
844.942	1271.09
845.257	1324.97
845.573	1363.73
845.888	1403.52
846.203	1446.65
846.519	1479.97
846.834	1510.81
847.149	1537.86
847.464	1569.35
847.779	1582.23
848.094	1594.39
848.409	1608.79
848.724	1618.71
849.039	1625.94
849.354	1624.46
849.669	1611.94
849.983	1610.03
850.298	1614.44
850.613	1612.51
850.927	1614.04
851.242	1626.27
851.556	1644.55
851.871	1664.79
852.185	1676.86
852.499	1676.86
852.814	1704.97
853.128	1710.66
853.442	1724.93
853.756	1737.08
854.070	1764.66
854.384	1783.92
854.698	1798.08
855.012	1799.60
855.326	1803.06
855.640	1791.74
855.953	1775.94
856.267	1730.94
856.581	1690.03
856.894	1641.14
857.208	1580.77
857.521	1506.47
857.835	1444.43
858.148	1372.82
858.461	1308.89
858.775	1242.30
859.088	1188.98
859.401	1147.99
859.714	1116.81
860.027	1104.97
860.340	1113.17
860.653	1142.05
860.966	1204.72
861.279	1291.68
861.592	1399.07
861.904	1533.83
862.217	1705.56
862.530	1885.94
862.842	2100.68
863.155	2322.14
863.467	2568.98
863.780	2845.41
864.092	3113.70
864.405	3392.42
864.717	3708.04
865.029	3997.57
865.341	4302.42
865.653	4600.36
865.966	4871.79
866.278	5131.69
866.589	5412.27
866.901	5626.85
867.213	5872.33
867.525	6071.53
867.837	6293.78
868.149	6475.95
868.460	6674.68
868.772	6871.89
869.083	7069.75
869.395	7235.14
869.706	7416.46
870.018	7609.42
870.329	7791.16
870.640	7981.04
870.952	8138.67
871.263	8342.81
871.574	8563.25
871.885	8754.72
872.196	8849.23
872.507	8971.14
872.818	9019.08
873.129	9096.40
873.440	9084.27
873.750	9094.31
874.061	9008.07
874.372	8956.40
874.682	8915.55
874.993	8765.37
875.303	8631.71
875.614	8545.02
875.924	8338.82
876.235	8107.49
876.545	7803.30
876.855	7489.70
877.165	7219.96
877.475	6941.96
877.786	6640.33
878.096	6302.31
878.406	6027.24
878.715	5757.94
879.025	5512.94
879.335	5250.14
879.645	5035.12
879.955	4822.37
880.264	4674.44
880.574	4518.45
880.883	4428.54
881.193	4375.12
881.502	4347.17
881.812	4386.79
882.121	4409.19
882.430	4496.09
882.740	4576.43
883.049	4721.70
883.358	4892.71
883.667	5067.21
883.976	5297.32
884.285	5545.27
884.594	5824.22
884.903	6172.44
885.212	6551.68
885.520	6950.88
885.829	7457.36
886.138	7993.92
886.446	8641.78
886.755	9303.18
887.063	9994.24
887.372	10862.36
887.680	11724.57
887.988	12775.82
888.297	13927.73
888.605	15172.62
888.913	16531.81
889.221	17968.32
889.529	19616.82
889.837	21205.21
890.145	22929.53
890.453	24518.67
890.761	26390.31
891.069	28092.02
891.377	29789.35
891.684	31385.69
891.992	33016.40
892.299	34355.94
892.607	35901.54
892.914	37098.86
893.222	38182.88
893.529	39187.64
893.837	40224.20
894.144	41159.58
894.451	41645.57
894.758	42129.19
895.065	42329.76
895.372	42529.42
895.679	42471.35
895.986	42178.97
896.293	41511.75
896.600	41064.67
896.907	40400.47
897.213	39542.70
897.520	38684.74
897.827	37775.45
898.133	36756.54
898.440	35396.68
898.746	34316.07
899.053	33019.79
899.359	31564.42
899.665	30374.53
899.972	29115.78
900.278	27674.11
900.584	26272.96
900.890	25047.34
901.196	23819.64
901.502	22720.89
901.808	21795.09
902.114	20982.21
902.419	20242.65
902.725	19723.26
903.031	19309.24
903.337	18974.07
903.642	18859.36
903.948	18953.97
904.253	19111.59
904.559	19346.67
904.864	19729.27
905.169	20164.51
905.475	20760.35
905.780	21236.86
906.085	21869.95
906.390	22393.85
906.695	23003.29
907.000	23388.27
907.305	23830.37
907.610	24217.84
907.915	24454.76
908.219	24538.69
908.524	24564.08
908.829	24540.17
909.133	24429.26
909.438	24161.35
909.743	23770.58
910.047	23305.18
910.351	22778.56
910.656	21962.84
910.960	21222.61
911.264	20365.95
911.568	19467.10
911.873	18580.30
912.177	17713.14
912.481	16753.87
912.785	15952.33
913.088	15055.63
913.392	14320.89
913.696	13584.18
914.000	12972.31
914.304	12351.32
914.607	11828.46
914.911	11375.08
915.214	10969.57
915.518	10585.10
915.821	10296.36
916.124	10016.15
916.428	9815.13
916.731	9636.38
917.034	9455.94
917.337	9373.73
917.640	9388.06
917.943	9469.06
918.246	9688.63
918.549	10017.04
918.852	10512.80
919.155	11058.46
919.458	11829.17
919.760	12658.41
920.063	13642.18
920.366	14824.65
920.668	16076.24
920.971	17518.63
921.273	19106.99
921.576	20820.60
921.878	22610.01
922.180	24723.26
922.482	26802.87
922.784	29171.22
923.087	31718.79
923.389	34068.05
923.691	36767.62
923.992	39408.33
924.294	41577.07
924.596	43746.66
924.898	45689.09
925.200	47489.61
925.501	48846.94
925.803	49958.29
926.104	50950.34
926.406	51659.35
926.707	52155.27
927.009	52401.35
927.310	52698.08
927.611	52869.95
927.912	53013.22
928.214	53202.13
928.515	53083.51
928.816	53073.69
929.117	52936.48
929.418	52760.03
929.719	52330.66
930.019	52005.93
930.320	51488.95
930.621	50831.56
930.922	50432.89
931.222	50207.91
931.523	50008.06
931.823	49760.18
932.124	49917.89
932.424	49843.47
932.724	49831.48
933.025	50418.74
933.325	50688.70
933.625	50756.08
933.925	51006.31
934.225	50815.80
934.525	50642.32
934.825	50596.26
935.125	50028.00
935.425	49762.88
935.724	49267.71
936.024	48967.82
936.324	48552.26
936.623	47970.04
936.923	47308.43
937.222	47050.39
937.522	46550.24
937.821	45538.71
938.120	45113.73
938.420	44017.77
938.719	43297.40
939.018	42510.80
939.317	41610.08
939.616	41090.54
939.915	40912.21
940.214	40659.58
940.513	40745.97
940.812	40863.88
941.111	41248.34
941.409	41741.91
941.708	42337.70
942.006	43045.81
942.305	43964.60
942.603	44932.35
942.902	45992.78
943.200	47480.43
943.499	48420.14
943.797	49596.34
944.095	50834.09
944.393	51818.24
944.691	52632.88
944.989	53476.72
945.287	54204.10
945.585	55248.46
945.883	56151.52
946.181	56959.83
946.479	57629.63
946.776	58303.85
947.074	59044.43
947.371	59919.91
947.669	60131.02
947.966	60673.12
948.264	60612.80
948.561	60714.71
948.858	60834.37
949.156	60673.38
949.453	60388.10
949.750	60253.61
950.047	60064.35
950.344	59820.31
950.641	59086.26
950.938	58212.82
951.235	57647.99
951.532	56576.80
951.828	54651.00
952.125	53227.57
952.422	51226.21
952.718	48971.93
953.015	46786.67
953.311	44310.73
953.607	41648.05
953.904	38651.51
954.200	35949.91
954.496	33138.47
954.792	30402.39
955.089	27710.23
955.385	25232.30
955.681	22639.61
955.976	20357.20
956.272	18082.28
956.568	16040.71
956.864	14222.51
957.160	12580.37
957.455	11160.66
957.751	10057.21
958.046	9215.31
958.342	8684.58
958.637	8393.33
958.933	8389.30
959.228	8691.86
959.523	9301.49
959.818	10263.62
960.114	11669.00
960.409	13285.55
960.704	15197.61
960.999	17417.24
961.294	19905.09
961.588	22528.51
961.883	25379.12
962.178	28133.39
962.473	31215.27
962.767	34312.60
963.062	37515.34
963.356	40571.00
963.651	43493.57
963.945	46222.72
964.239	48596.54
964.534	50783.76
964.828	52666.84
965.122	53905.82
965.416	55098.72
965.710	55743.09
966.004	56636.08
966.298	57401.86
966.592	57825.55
966.886	58107.66
967.180	58264.66
967.473	58448.05
967.767	57923.95
968.061	57683.65
968.354	56865.34
968.648	56130.95
968.941	55094.08
969.234	54197.35
969.528	53065.00
969.821	51785.23
970.114	50334.17
970.407	48723.19
970.700	46802.12
970.993	44495.83
971.286	42494.31
971.579	40329.75
971.872	38075.18
972.165	36051.38
972.457	34075.34
972.750	32098.77
973.043	30231.82
973.335	28338.79
973.628	26634.02
973.920	24745.66
974.213	23160.01
974.505	21691.36
974.797	20276.07
975.089	19138.97
975.382	18200.11
975.674	17382.64
975.966	16587.91
976.258	15921.63
976.550	15240.23
976.841	14574.30
977.133	13959.01
977.425	13465.56
977.717	12887.12
978.008	12508.46
978.300	12037.17
978.591	11621.64
978.883	11272.21
979.174	10875.81
979.465	10483.02
979.757	10127.80
980.048	9732.54
980.339	9459.69
980.630	9034.81
980.921	8650.89
981.212	8284.78
981.503	7885.13
981.794	7524.58
982.085	7087.17
982.376	6661.86
982.666	6279.36
982.957	5891.61
983.248	5506.96
983.538	5157.71
983.828	4835.39
984.119	4540.00
984.409	4258.87
984.700	3973.92
984.990	3747.18
985.280	3535.09
985.570	3319.59
985.860	3167.00
986.150	3039.58
986.440	2910.35
986.730	2824.49
987.020	2711.17
987.309	2646.45
987.599	2572.88
987.889	2511.28
988.178	2476.88
988.468	2449.53
988.757	2405.16
989.047	2406.70
989.336	2393.74
989.625	2376.85
989.915	2371.87
990.204	2347.07
990.493	2311.04
990.782	2283.66
991.071	2244.90
991.360	2209.91
991.649	2161.99
991.938	2116.76
992.226	2050.80
992.515	1982.37
992.804	1918.31
993.092	1853.80
993.381	1792.03
993.669	1718.37
993.958	1642.48
994.246	1582.05
994.534	1514.53
994.823	1441.86
995.111	1374.73
995.399	1308.01
995.687	1244.33
995.975	1184.30
996.263	1125.43
996.551	1074.28
996.839	1019.52
997.126	966.63
997.414	919.54
997.702	876.04
997.989	845.25
998.277	806.65
998.564	780.11
998.852	754.79
999.139	738.93
999.426	713.83
999.713	702.96
1000.001	674.92
1000.288	657.89
1000.575	641.65
1000.862	628.75
1001.149	608.19
1001.436	608.82
1001.722	594.67
1002.009	578.32
1002.296	568.85
1002.582	556.80
1002.869	543.67
1003.156	546.62
1003.442	530.44
1003.728	522.80
1004.015	516.79
1004.301	510.49
1004.587	514.92
1004.873	507.32
1005.160	493.27
1005.446	485.51
1005.732	483.44
1006.017	479.22
1006.303	470.78
1006.589	460.14
1006.875	449.99
1007.161	443.84
1007.446	439.30
1007.732	425.65
1008.017	420.73
1008.303	418.81
1008.588	412.45
1008.873	408.13
1009.159	402.37
1009.444	397.35
1009.729	395.22
1010.014	391.71
1010.299	381.25
1010.584	371.72
1010.869	362.59
1011.154	356.40
1011.439	354.98
1011.723	351.98
1012.008	344.77
1012.293	342.07
1012.577	340.96
1012.862	348.10
1013.146	344.79
1013.430	337.94
1013.715	329.84
1013.999	332.99
1014.283	333.29
1014.567	333.60
1014.851	325.10
1015.135	322.02
1015.419	318.09
1015.703	317.46
1015.987	315.86
1016.271	318.79
1016.555	317.86
1016.838	316.40
1017.122	311.60
1017.405	312.16
1017.689	312.11
1017.972	306.96
1018.256	299.97
1018.539	298.55
1018.822	301.97
1019.105	306.33
1019.388	308.97
1019.671	308.78
1019.954	308.31
1020.237	307.85
1020.520	307.30
1020.803	308.18
1021.086	306.81
1021.368	308.73
1021.651	309.35
1021.934	307.46
1022.216	308.24
